{"LoopMode": "Wrap", "FrameDuration": 0.0167, "EnableCycleOffsetPosition": true, "EnableCycleOffsetRotation": false, "Debug_info": [{"left_foot_pose": [0.9999999999943612, 1.7626525904217352e-06, 2.8585829514593207e-06, -0.03590017744074146, -1.9670309210240136e-06, 0.997321078487896, 0.07314824946553042, 0.06001066839529016, -2.721990080954234e-06, -0.07314824947074107, 0.9973210784857393, 0.006335205694378537, 0.0, 0.0, 0.0, 1.0], "right_foot_pose": [0.9999999999970173, -1.698490752691141e-06, 1.7551393075021608e-06, -0.035898348817106955, 1.813635369486362e-06, 0.9976966726905439, -0.06783324626559281, -0.060112627965925355, -1.6358825057160552e-06, 0.06783324626857351, 0.9976966726906484, 0.006328973766618812, 0.0, 0.0, 0.0, 1.0]}, {"left_foot_pose": [1.0000000000000002, -3.3374675892421386e-09, 1.673742044960853e-08, -0.035914666508736114, 2.113602430994261e-09, 0.9973614741270105, 0.07259538502685536, 0.059999736679643416, -1.693554330479515e-08, -0.07259538502685556, 0.9973614741270104, 7.323757542559983e-06, 0.0, 0.0, 0.0, 1.0], "right_foot_pose": [0.9999999999999997, -1.2171381613481843e-09, 2.1211151335354124e-08, -0.035914650951373035, 2.5624222888762966e-09, 0.9979793317381883, -0.06353938482074975, -0.060001280243099184, -2.109095450730088e-08, 0.06353938482074963, 0.997979331738188, 7.268517859274071e-06, 0.0, 0.0, 0.0, 1.0]}, {"left_foot_pose": [1.0000000000000004, -1.9388237994977733e-09, 1.7623948467271373e-08, -0.03591465834917426, 6.188037081991192e-10, 0.9972140791736668, 0.07459276303916205, 0.0599997980219974, -1.7719471968974245e-08, -0.07459276303916225, 0.9972140791736669, 1.3864070970218134e-06, 0.0, 0.0, 0.0, 1.0], "right_foot_pose": [0.9999999999999996, 2.4409618878088326e-09, 2.652377084633172e-08, -0.03591465355190618, -8.162733141051333e-10, 0.9981327383350403, -0.06108221233545821, -0.060000445689444314, -2.6623343467967012e-08, 0.06108221233545799, 0.9981327383350399, 1.408426095146631e-06, 0.0, 0.0, 0.0, 1.0]}, {"left_foot_pose": [1.0000000000000004, -1.9448149469407866e-09, 1.7240638305882112e-08, -0.03591465711062196, 6.1897484233238e-10, 0.9970641410854137, 0.07657087280165376, 0.059999809013905184, -1.733893860615716e-08, -0.07657087280165396, 0.9970641410854137, 1.4091764516388494e-06, 0.0, 0.0, 0.0, 1.0], "right_foot_pose": [0.9999999999999992, 2.2786663957576583e-09, 2.586526970382862e-08, -0.035914652522962845, -7.577134116644228e-10, 0.9982785339848036, -0.0586512453844891, -0.06000043554865052, -2.595439032187598e-08, 0.05865124538448891, 0.998278533984803, 1.432591191660726e-06, 0.0, 0.0, 0.0, 1.0]}, {"left_foot_pose": [1.0000000000000007, -1.945546983825879e-09, 1.6824236781509722e-08, -0.035914655784043646, 6.18420354973542e-10, 0.9969121625387874, 0.07852477432147702, 0.059999820693521735, -1.6925060305176234e-08, -0.07852477432147723, 0.9969121625387876, 1.4237481139253716e-06, 0.0, 0.0, 0.0, 1.0], "right_foot_pose": [0.9999999999999997, 2.123610800151058e-09, 2.5142348092366256e-08, -0.035914651421941085, -7.059214386280931e-10, 0.998416559370506, -0.05625276859640688, -0.06000042321384071, -2.52219957011614e-08, 0.05625276859640666, 0.9984165593705058, 1.448475857056264e-06, 0.0, 0.0, 0.0, 1.0]}, {"left_foot_pose": [1.0000000000000002, -1.9397068331221616e-09, 1.6378042033693458e-08, -0.03591465439460506, 6.157666580562835e-10, 0.9967584516317309, 0.08045240270318252, 0.05999983287182159, -1.6481006253145778e-08, -0.08045240270318274, 0.9967584516317308, 1.4289621377908124e-06, 0.0, 0.0, 0.0, 1.0], "right_foot_pose": [0.9999999999999997, 1.9702149639772553e-09, 2.4358570438476328e-08, -0.03591465027129662, -6.546606510450745e-10, 0.9985468606665263, -0.05389032429875526, -0.06000040875642843, -2.4429349776137602e-08, 0.053890324298755066, 0.998546860666526, 1.454908830071655e-06, 0.0, 0.0, 0.0, 1.0]}, {"left_foot_pose": [1.0000000000000004, -1.9274649759347557e-09, 1.5905426253848316e-08, -0.03591465296852394, 6.110775762363168e-10, 0.9966033204717781, 0.08235181615864484, 0.059999845343131145, -1.6010131266471047e-08, -0.08235181615864508, 0.996603320471778, 1.424143379689935e-06, 0.0, 0.0, 0.0, 1.0], "right_foot_pose": [0.9999999999999996, 1.819673457106973e-09, 2.3521036507379016e-08, -0.03591464909375959, -6.043366756468936e-10, 0.9986695231395549, -0.0515672721036702, -0.06000039234324914, -2.3583578013653816e-08, 0.05156727210367, 0.9986695231395547, 1.4511858464280603e-06, 0.0, 0.0, 0.0, 1.0]}, {"left_foot_pose": [1.0000000000000002, -1.9090282792633483e-09, 1.540964500446055e-08, -0.03591465153241863, 6.044273356049423e-10, 0.9964470840109237, 0.08422118953165961, 0.059999857899094816, -1.5515676641254205e-08, -0.08422118953165982, 0.996447084010924, 1.4087022589120979e-06, 0.0, 0.0, 0.0, 1.0], "right_foot_pose": [0.9999999999999999, 1.6730290747702664e-09, 2.2636775842688188e-08, -0.03591464791251431, -5.553016645811435e-10, 0.9987846675080155, -0.0492867928648525, -0.0600003741598254, -2.2691722891390008e-08, 0.049286792864852304, 0.9987846675080153, 1.4366860633663325e-06, 0.0, 0.0, 0.0, 1.0]}, {"left_foot_pose": [1.0000000000000002, -1.884636465407583e-09, 1.4893816957517498e-08, -0.03591465011269999, 5.959007649172868e-10, 0.9962900589950616, 0.08605880749590578, 0.05999987033347555, -1.5000751557058566e-08, -0.08605880749590598, 0.9962900589950617, 1.38216421147197e-06, 0.0, 0.0, 0.0, 1.0], "right_foot_pose": [0.9999999999999997, 1.5311788316771979e-09, 2.171269158912636e-08, -0.035914646750652, -5.078596661159272e-10, 0.9988924463255825, -0.047051893412415884, -0.060000354408467856, -2.1760688442216706e-08, 0.047051893412415696, 0.9988924463255824, 1.410901821076449e-06, 0.0, 0.0, 0.0, 1.0]}, {"left_foot_pose": [1.0000000000000004, -1.8545570565496897e-09, 1.4360911793076563e-08, -0.03591464873491777, 5.855913665796961e-10, 0.996132563046888, 0.08786305729735755, 0.05999988244761967, -1.4468319088098446e-08, -0.08786305729735777, 0.9961325630468879, 1.3442039772174064e-06, 0.0, 0.0, 0.0, 1.0], "right_foot_pose": [0.9999999999999998, 1.3948767750893316e-09, 2.0755510365955125e-08, -0.03591464563057722, -4.6226760649390466e-10, 0.9989930404101532, -0.044865412202251514, -0.060000333306287935, -2.0797192181538023e-08, 0.04486541220225133, 0.998993040410153, 1.3734734573903062e-06, 0.0, 0.0, 0.0, 1.0]}, {"left_foot_pose": [1.0000000000000004, -1.8190803757144952e-09, 1.3813739874191138e-08, -0.0359146474230631, 5.735998039701873e-10, 0.9959749138810542, 0.08963242114116686, 0.059999894056603394, -1.3921187099410251e-08, -0.08963242114116705, 0.9959749138810542, 1.294684599945084e-06, 0.0, 0.0, 0.0, 1.0], "right_foot_pose": [0.9999999999999994, 1.2647388776078312e-09, 1.9771744463881185e-08, -0.03591464457337197, -4.18736528525416e-10, 0.9990866553510266, -0.042730025737167, -0.060000311083101485, -1.9807728414420578e-08, 0.04273002573716683, 0.9990866553510263, 1.3242291231757575e-06, 0.0, 0.0, 0.0, 1.0]}, {"left_foot_pose": [1.0000000000000002, -1.7785152199332676e-09, 1.3254946140683935e-08, -0.035914646198837004, 5.600324095748107e-10, 0.9958174286480111, 0.09136546831743429, 0.05999990499602792, -1.3362001474491978e-08, -0.09136546831743451, 0.9958174286480109, 1.2337005475537843e-06, 0.0, 0.0, 0.0, 1.0], "right_foot_pose": [0.9999999999999997, 1.1412496887543219e-09, 1.8767657983254076e-08, -0.03591464359812476, -3.774338519337393e-10, 0.9991735181213303, -0.04064825562116441, -0.060000287979192816, -1.8798536760770724e-08, 0.04064825562116424, 0.9991735181213302, 1.2632290957437231e-06, 0.0, 0.0, 0.0, 1.0]}, {"left_foot_pose": [1.0000000000000007, -1.7331849042027592e-09, 1.2687011996526146e-08, -0.03591464508089975, 5.449998388397885e-10, 0.9956604234009375, 0.09306084715425085, 0.05999991512935249, -1.2793247503081892e-08, -0.09306084715425104, 0.9956604234009375, 1.1616236698375193e-06, 0.0, 0.0, 0.0, 1.0], "right_foot_pose": [0.9999999999999996, 1.024770339852909e-09, 1.77492471276075e-08, -0.03591464272124039, -3.3848580543798956e-10, 0.9992538738172874, -0.038622476113587254, -0.06000026424289909, -1.7775583170520725e-08, 0.038622476113587066, 0.9992538738172871, 1.1908133771901253e-06, 0.0, 0.0, 0.0, 1.0]}, {"left_foot_pose": [1.0000000000000004, -1.6834237816234096e-09, 1.211225580943779e-08, -0.035914644084125806, 5.286158905558556e-10, 0.9955042126783878, 0.09471727688011425, 0.05999992435554484, -1.221725121342609e-08, -0.09471727688011447, 0.9955042126783878, 1.0791497719944698e-06, 0.0, 0.0, 0.0, 1.0], "right_foot_pose": [0.9999999999999998, 9.155474546546983e-10, 1.672222543769308e-08, -0.03591464195575206, -3.0198026649605795e-10, 0.999327982540794, -0.036654922056203326, -0.060000240127963914, -1.6744547156063895e-08, 0.03665492205620313, 0.9993279825407939, 1.1076504167484291e-06, 0.0, 0.0, 0.0, 1.0]}, {"left_foot_pose": [1.0000000000000004, -1.6295743537742456e-09, 1.1532838684047453e-08, -0.03591464321890132, 5.109965215301044e-10, 0.9953491091938026, 0.09633353947148629, 0.05999993261668443, -1.1636183646637053e-08, -0.0963335394714865, 0.9953491091938027, 9.873424181364165e-07, 0.0, 0.0, 0.0, 1.0], "right_foot_pose": [0.9999999999999996, 8.137226920522064e-10, 1.5692013799473156e-08, -0.0359146413106712, -2.6796990809364344e-10, 0.9993961164370669, -0.03474769705331025, -0.06000021589060711, -1.5710812688425717e-08, 0.03474769705331007, 0.9993961164370666, 1.0147835901239133e-06, 0.0, 0.0, 0.0, 1.0]}, {"left_foot_pose": [1.0000000000000007, -1.5719847891779903e-09, 1.0950774287366048e-08, -0.03591464249051487, 4.922587988059859e-10, 0.995195423621793, 0.0979084715550225, 0.059999939904979406, -1.1052071403812308e-08, -0.0979084715550227, 0.9951954236217931, 8.876692666123787e-07, 0.0, 0.0, 0.0, 1.0], "right_foot_pose": [0.9999999999999998, 7.193426526520379e-10, 1.4663741942921856e-08, -0.03591464079042153, -2.3647521716379346e-10, 0.9994585568948419, -0.03290278179242835, -0.06000019178626305, -1.4679470917310179e-08, 0.03290278179242817, 0.999458556894842, 9.136706762558067e-07, 0.0, 0.0, 0.0, 1.0]}, {"left_foot_pose": [1.0000000000000007, -1.5110072215204088e-09, 1.0367939118349797e-08, -0.03591464189870592, 4.725203931149903e-10, 0.9950434644701159, 0.09944095642797326, 0.059999946268472375, -1.0466806360485814e-08, -0.09944095642797351, 0.9950434644701159, 7.820249130485735e-07, 0.0, 0.0, 0.0, 1.0], "right_foot_pose": [0.9999999999999998, 6.323688573386205e-10, 1.3642249496736977e-08, -0.03591464039441695, -2.074878113789394e-10, 0.9995155919128019, -0.031122042400865156, -0.060000168065959904, -1.3655321836434203e-08, 0.03112204240086497, 0.9995155919128018, 8.062101549341505e-07, 0.0, 0.0, 0.0, 1.0]}, {"left_foot_pose": [1.0, -1.4469962638384108e-09, 9.78608427626429e-09, -0.03591464143744675, 4.518988710981785e-10, 0.9948935380254741, 0.10092991625457395, 0.05999995181453653, -9.882157601525385e-09, -0.10092991625457419, 0.994893538025474, 6.727331707950812e-07, 0.0, 0.0, 0.0, 1.0], "right_foot_pose": [0.9999999999999998, 5.52687623706132e-10, 1.2632096813014469e-08, -0.035914640116854725, -1.809734558358372e-10, 0.9995675136325802, -0.02940723874119151, -0.060000144972350906, -1.2642886662514315e-08, 0.02940723874119132, 0.9995675136325802, 6.947469476589752e-07, 0.0, 0.0, 0.0, 1.0]}, {"left_foot_pose": [1.0000000000000002, -1.3803082139910082e-09, 9.206852114029855e-09, -0.03591464109503938, 4.305112373255998e-10, 0.9947459483606841, 0.10237430449094148, 0.05999995671015566, -9.29978713078843e-09, -0.10237430449094173, 0.9947459483606841, 5.625212915888467e-07, 0.0, 0.0, 0.0, 1.0], "right_foot_pose": [0.9999999999999999, 4.801197445151469e-10, 1.1637574792722203e-08, -0.03591463994679788, -1.5687520464066615e-10, 0.9996146160358356, -0.027760032556340478, -0.06000012273546612, -1.1646418049318366e-08, 0.027760032556340297, 0.9996146160358355, 5.820496662214958e-07, 0.0, 0.0, 0.0, 1.0]}, {"left_foot_pose": [1.0000000000000004, -1.3113006638828934e-09, 8.63178983845361e-09, -0.03591464085460008, 4.084736844803275e-10, 0.9946009973903212, 0.10377309858619028, 0.05999996117798901, -8.721264692599249e-09, -0.10377309858619052, 0.9946009973903212, 4.54459313799227e-07, 0.0, 0.0, 0.0, 1.0], "right_foot_pose": [0.9999999999999997, 4.144297021107929e-10, 1.0662721372511895e-08, -0.035914639868616614, -1.351162597342692e-10, 0.9996571928005085, -0.02618199538245971, -0.060000101568329814, -1.0669916741010834e-08, 0.026181995382459525, 0.9996571928005084, 4.7125196134256697e-07, 0.0, 0.0, 0.0, 1.0]}, {"left_foot_pose": [1.0000000000000004, -1.240332571855503e-09, 8.062366996242101e-09, -0.035914640694983825, 3.859014823184851e-10, 0.9944589849616716, 0.10512529300317035, 0.059999965487415596, -8.148083869982823e-09, -0.10512529300317057, 0.994458984961672, 3.518599124008315e-07, 0.0, 0.0, 0.0, 1.0], "right_foot_pose": [1.0, 3.5533456300129286e-10, 9.711337012330288e-09, -0.03591463986283553, -1.156028089007652e-10, 0.9996955353094339, -0.02467461615474788, -0.060000081662675564, -9.717148003453512e-09, 0.024674616154747708, 0.9996955353094341, 3.6575268837213404e-07, 0.0, 0.0, 0.0, 1.0]}, {"left_foot_pose": [1.0000000000000004, -1.167764676816002e-09, 7.499992016324365e-09, -0.03591464059215703, 3.6290897071135393e-10, 0.9943202089676539, 0.10642989259847087, 0.059999969940171295, -7.58167890454357e-09, -0.1064298925984711, 0.9943202089676539, 2.5813809149261013e-07, 0.0, 0.0, 0.0, 1.0], "right_foot_pose": [0.9999999999999998, 3.025123322869986e-10, 8.787004512900152e-09, -0.035914639907397156, -9.822667208925001e-11, 0.9997299308029716, -0.023239308438198547, -0.06000006318507396, -8.791661774753323e-09, 0.02323930843819837, 0.9997299308029717, 2.690736155136486e-07, 0.0, 0.0, 0.0, 1.0]}, {"left_foot_pose": [1.0000000000000002, -1.0939603599238938e-09, 6.946028863197307e-09, -0.03591464052096854, 3.3960983718162803e-10, 0.994184965468307, 0.1076859063981073, 0.05999997485084687, -7.0234417938998636e-09, -0.10768590639810753, 0.9941849654683074, 1.7663566884845716e-07, 0.0, 0.0, 0.0, 1.0], "right_foot_pose": [1.0, 2.556099432553841e-10, 7.89310716786673e-09, -0.03591463997929213, -8.286791564311032e-11, 0.9997606606662015, -0.0218774172214235, -0.0600000462738425, -7.896810206786051e-09, 0.021877417221423317, 0.9997606606662014, 1.8467921247128372e-07, 0.0, 0.0, 0.0, 1.0]}, {"left_foot_pose": [1.0000000000000007, -1.0192867899059062e-09, 6.401814467427179e-09, -0.03591464045719879, 3.161173805624331e-10, 0.9940535488074776, 0.10889234180262966, 0.05999998052334231, -6.474739222585099e-09, -0.10889234180262988, 0.9940535488074774, 1.1042209821510163e-07, 0.0, 0.0, 0.0, 1.0], "right_foot_pose": [1.0, 2.1425072851051958e-10, 7.0328472490110974e-09, -0.03591464005644503, -6.939734683337067e-11, 0.9997879988405004, -0.020590225217506423, -0.06000003103711389, -7.035767815744165e-09, 0.02059022521750624, 0.9997879988405005, 1.1577004475904484e-07, 0.0, 0.0, 0.0, 1.0]}, {"left_foot_pose": [1.0000000000000004, -9.441163428941774e-10, 5.868675212461502e-09, -0.03591464037969714, 2.92545184052848e-10, 0.9939262517114267, 0.11004819925321167, 0.059999987225238034, -5.9369291043707084e-09, -0.11004819925321191, 0.9939262517114268, 6.208951496694537e-08, 0.0, 0.0, 0.0, 1.0], "right_foot_pose": [0.9999999999999999, 1.780415872005994e-10, 6.209265324130796e-09, -0.035914640119677495, -5.7679005789854535e-11, 0.999812210348903, -0.019378958621166103, -0.06000001755236932, -6.211549578772075e-09, 0.019378958621165926, 0.999812210348903, 6.506816883911082e-08, 0.0, 0.0, 0.0, 1.0]}, {"left_foot_pose": [1.0000000000000004, -8.688283679137927e-10, 5.347942089173346e-09, -0.03591464027236985, 2.6900789929873684e-10, 0.9938033653562612, 0.11115246738858467, 0.059999995162748385, -5.411375570276941e-09, -0.1111524673885849, 0.9938033653562613, 3.3564373558281346e-08, 0.0, 0.0, 0.0, 1.0], "right_foot_pose": [1.0, 1.465797364538235e-10, 5.425256577318293e-09, -0.03591464015452437, -4.757260712520918e-11, 0.9998335499245821, -0.018244792276377597, -0.060000005867600494, -5.427028031400644e-09, 0.018244792276377413, 0.9998335499245823, 3.461794557957365e-08, 0.0, 0.0, 0.0, 1.0]}, {"left_foot_pose": [1.0000000000000004, -7.938109038059235e-10, 4.84096607245023e-09, -0.035914640125767824, 2.4562211374444135e-10, 0.9936851793913157, 0.11220411872141633, 0.06000000445925223, -4.8994652888512895e-09, -0.11220411872141658, 0.9936851793913158, 2.5959090710347965e-08, 0.0, 0.0, 0.0, 1.0], "right_foot_pose": [1.0, 1.1945919143832582e-10, 4.683586962705987e-09, -0.035914640152668535, -3.893599630387315e-11, 0.9998522607319751, -0.017188854213076882, -0.05999999600405482, -4.6849484776025914e-09, 0.017188854213076702, 0.9998522607319753, 2.56271636689398e-08, 0.0, 0.0, 0.0, 1.0]}, {"left_foot_pose": [1.0000000000000004, -7.194625731022628e-10, 4.349131610403859e-09, -0.035914639938057054, 2.2250731513397286e-10, 0.9935719819059132, 0.11320210586184583, 0.06000001514020026, -4.402620233733227e-09, -0.11320210586184606, 0.9935719819059131, 3.948378850954226e-08, 0.0, 0.0, 0.0, 1.0], "right_foot_pose": [1.0, 9.627688297314038e-11, 3.986907082254021e-09, -0.03591464011279152, -3.162752534615622e-11, 0.9998685731705598, -0.01621222951567158, -0.05999998796028653, -3.9879440888255834e-09, 0.0162122295156714, 0.9998685731705599, 3.8370172456003715e-08, 0.0, 0.0, 0.0, 1.0]}, {"left_foot_pose": [1.0000000000000007, -6.461944125924172e-10, 3.873870890735999e-09, -0.03591463971523283, 1.9978684907874074e-10, 0.993464059327294, 0.11414535831533412, 0.06000002712644282, -3.922311838997745e-09, -0.1141453583153343, 0.9934640593272941, 7.343070657778172e-08, 0.0, 0.0, 0.0, 1.0], "right_foot_pose": [0.9999999999999997, 7.663849498113502e-11, 3.3377642316700924e-09, -0.03591464004071276, -2.5508378225070748e-11, 0.9998827037519836, -0.015315963489868018, -0.05999998171703055, -3.338546673155542e-09, 0.01531596348986785, 0.9998827037519837, 7.216696534112499e-08, 0.0, 0.0, 0.0, 1.0]}, {"left_foot_pose": [1.0000000000000007, -5.744316891564732e-10, 3.4166754980802354e-09, -0.035914639470549015, 1.7758907091971237e-10, 0.9933616962379267, 0.11503277988169272, 0.060000040236842064, -3.460073267119745e-09, -0.11503277988169291, 0.993361696237927, 1.2623352559082424e-07, 0.0, 0.0, 0.0, 1.0], "right_foot_pose": [0.9999999999999999, 6.016394176979166e-11, 2.73861133770481e-09, -0.035914639948795256, -2.044478697531596e-11, 0.9998948540421789, -0.01450106409783943, -0.05999997724229224, -2.739195890167724e-09, 0.01450106409783926, 0.9998948540421791, 1.2544125049113175e-07, 0.0, 0.0, 0.0, 1.0]}, {"left_foot_pose": [1.0000000000000004, -5.046152142718483e-10, 2.9791077382768198e-09, -0.03591463922324861, 1.5604792860517372e-10, 0.9932651751009336, 0.11586324668207945, 0.06000005419967635, -3.0175105112042698e-09, -0.11586324668207966, 0.9932651751009337, 1.9559300157290238e-07, 0.0, 0.0, 0.0, 1.0], "right_foot_pose": [0.9999999999999998, 4.649251988852691e-11, 2.191815506868977e-09, -0.03591463985470576, -1.6310041369921468e-11, 0.9999052096612212, -0.01376850363508117, -0.0599999744960322, -2.192247910666296e-09, 0.013768503635081001, 0.9999052096612212, 1.958489432574151e-07, 0.0, 0.0, 0.0, 1.0]}, {"left_foot_pose": [1.0000000000000004, -4.372024863565172e-10, 2.5628106303798946e-09, -0.03591463899677831, 1.3530382312825472e-10, 0.9931747758829514, 0.11663560584079842, 0.06000006867113211, -2.596312442504859e-09, -0.11663560584079866, 0.9931747758829516, 2.786514211386426e-07, 0.0, 0.0, 0.0, 1.0], "right_foot_pose": [0.9999999999999999, 3.52876672878346e-11, 1.6996616336584223e-09, -0.035914639779706485, -1.2986341604207978e-11, 0.9999139393349902, -0.013119219625485845, -0.05999997343392787, -1.699978414286493e-09, 0.013119219625485672, 0.9999139393349902, 2.8045888267325125e-07, 0.0, 0.0, 0.0, 1.0]}, {"left_foot_pose": [1.0000000000000002, -3.7266836734445684e-10, 2.169517565597808e-09, -0.03591463881672545, 1.155038028334961e-10, 0.9930907755644582, 0.11734867484886112, 0.06000008325835686, -2.1982601918081035e-09, -0.11734867484886137, 0.9930907755644584, 3.7219327178594774e-07, 0.0, 0.0, 0.0, 1.0], "right_foot_pose": [0.9999999999999997, 2.6241395916616772e-11, 1.2643560087788328e-09, -0.03591463974670812, -1.0366402914133723e-11, 0.9999211939941656, -0.01255411491432909, -0.05999997400987943, -1.2645858646525398e-09, 0.01255411491432892, 0.9999211939941655, 3.7596194239764014e-07, 0.0, 0.0, 0.0, 1.0]}, {"left_foot_pose": [1.0000000000000004, -3.11505205020026e-10, 1.80105946823162e-09, -0.03591463870872483, 9.680190344179317e-11, 0.9930134475284211, 0.11800124163635044, 0.06000009754425532, -1.8252345324167585e-09, -0.11800124163635069, 0.9930134475284211, 4.728488604693881e-07, 0.0, 0.0, 0.0, 1.0], "right_foot_pose": [1.0, 1.907836371379331e-11, 8.880243762554584e-10, -0.035914639778318797, -8.354864170786411e-12, 0.9999271059177062, -0.012074056942073896, -0.05999997617714997, -8.881900660877253e-10, 0.012074056942073723, 0.9999271059177065, 4.788838525449091e-07, 0.0, 0.0, 0.0, 1.0]}, {"left_foot_pose": [1.0000000000000004, -2.542222684026309e-10, 1.4593696251452622e-09, -0.03591463869655041, 7.935887051418502e-11, 0.9929430608190819, 0.11859206538058996, 0.06000011111142342, -1.4792200434860945e-09, -0.1185920653805902, 0.992943060819082, 5.772808699885945e-07, 0.0, 0.0, 0.0, 1.0], "right_foot_pose": [0.9999999999999999, 1.3559617544508912e-11, 5.727084917417357e-10, -0.03591463989508993, -6.869475297583781e-12, 0.9999317879197042, -0.011679876185297833, -0.059999979888236264, -5.728278892557758e-10, 0.011679876185297665, 0.9999317879197042, 5.857804332362604e-07, 0.0, 0.0, 0.0, 1.0]}, {"left_foot_pose": [1.0000000000000004, -2.0134460633463704e-10, 1.146489347902961e-09, -0.035914638800545566, 6.334164599262004e-11, 0.9928798792638304, 0.11911987807684403, 0.06000012356319788, -1.1623105501167328e-09, -0.11911987807684428, 0.9928798792638304, 6.823396352176325e-07, 0.0, 0.0, 0.0, 1.0], "right_foot_pose": [1.0, 9.486067416819924e-12, 3.2035923913653614e-10, -0.035914640114099936, -5.842160654743332e-12, 0.9999353325803776, -0.011372363754729522, -0.059999985093719684, -3.204465543115782e-10, 0.011372363754729348, 0.9999353325803775, 6.934000890343461e-07, 0.0, 0.0, 0.0, 1.0]}, {"left_foot_pose": [1.0000000000000004, -1.534111540639301e-10, 8.645665294793079e-10, -0.03591463903647522, 4.892282698371985e-11, 0.9928241604524367, 0.11958338689765799, 0.06000013454055747, -8.767081796651002e-10, -0.1195833868976582, 0.992824160452437, 7.851795869179279e-07, 0.0, 0.0, 0.0, 1.0], "right_foot_pose": [1.0000000000000002, 6.701661241752907e-12, 1.3282558386507046e-10, -0.035914640447948974, -5.219885532670387e-12, 0.9999378115239137, -0.011152268144467603, -0.05999999174042825, -1.3289225111521166e-10, 0.011152268144467428, 0.9999378115239137, 7.98805512007561e-07, 0.0, 0.0, 0.0, 1.0]}, {"left_foot_pose": [1.0000000000000004, -1.1097181286643224e-10, 6.158554222146528e-10, -0.03591463941481954, 3.627935432336236e-11, 0.9927761545694249, 0.1199812773658709, 0.060000143734364415, -6.247214188531651e-10, -0.11998127736587114, 0.992776154569425, 8.833354267420712e-07, 0.0, 0.0, 0.0, 1.0], "right_foot_pose": [1.0, 5.096319605240014e-12, 1.1839529356905114e-11, -0.03591464090417518, -4.965483180443332e-12, 0.9999392747479156, -0.011020291131039618, -0.059999999769255394, -1.1895151221156512e-11, 0.011020291131039448, 0.9999392747479154, 8.994530749303897e-07, 0.0, 0.0, 0.0, 1.0]}, {"left_foot_pose": [1.0000000000000007, -7.458393899097978e-11, 4.027118638560993e-10, -0.03591463994047532, 2.5591326039114387e-11, 0.9927361030771431, 0.12031221736469118, 0.060000150893054355, -4.087601177648685e-10, -0.12031221736469136, 0.9927361030771434, 9.747612638930092e-07, 0.0, 0.0, 0.0, 1.0], "right_foot_pose": [0.9999999999999999, 4.6085600245882255e-12, -4.1001979589339057e-11, -0.03591464148505706, -5.058313566190337e-12, 0.9999397500112834, -0.010977082826147054, -0.06000000911294336, 4.094885529041106e-11, 0.010977082826146881, 0.9999397500112834, 9.932333597251208e-07, 0.0, 0.0, 0.0, 1.0]}, {"left_foot_pose": [1.0000000000000007, -4.480767120239645e-11, 2.2758178674919892e-10, -0.03591464061280373, 1.7040401415610807e-11, 0.9927042372490706, 0.12057486200590044, 0.060000155826306044, -2.3132433210477432e-10, -0.12057486200590065, 0.9927042372490709, 1.0578388345769407e-06, 0.0, 0.0, 0.0, 1.0], "right_foot_pose": [1.0, 5.227823157809618e-12, -2.4260371489504015e-11, -0.03591464218773741, -5.494881805217073e-12, 0.9999392422894762, -0.011023235892804618, -0.06000001969407427, 2.4201141430169995e-11, 0.011023235892804443, 0.9999392422894764, 1.0784793235685264e-06, 0.0, 0.0, 0.0, 1.0]}, {"left_foot_pose": [1.0000000000000004, -2.220016891394516e-11, 9.299089276382277e-11, -0.03591464142594581, 1.0807656885088267e-11, 0.992680776555176, 0.12076785937414636, 0.06000015840544901, -9.499161114449528e-11, -0.12076785937414658, 0.9926807765551762, 1.1313621629469028e-06, 0.0, 0.0, 0.0, 1.0], "right_foot_pose": [0.9999999999999998, 6.996394713997485e-12, 6.331868362963175e-11, -0.035914643004593294, -6.289316075601037e-12, 0.9999377333081856, -0.011159278941215316, -0.06000003142343339, -6.339295583667005e-11, 0.011159278941215147, 0.9999377333081857, 1.1539499078089266e-06, 0.0, 0.0, 0.0, 1.0]}, {"left_foot_pose": [1.0000000000000007, -7.309124334093293e-12, 1.5243362128104785e-12, -0.0359146423693286, 7.071532121505272e-12, 0.9926659269036725, 0.12088985716127608, 0.060000158561428436, -2.3969581971644027e-12, -0.12088985716127627, 0.9926659269036727, 1.1945059918069822e-06, 0.0, 0.0, 0.0, 1.0], "right_foot_pose": [1.0, 1.0010870209887142e-11, 2.2277418798566368e-10, -0.035914643923776184, -7.47373667994784e-12, 0.9999351811685117, -0.011385669128149943, -0.060000044198841765, -2.2287377099072006e-10, 0.01138566912814977, 0.9999351811685118, 1.2187968228549728e-06, 0.0, 0.0, 0.0, 1.0]}, {"left_foot_pose": [1.0000000000000007, -6.648998414932026e-13, -4.4192816073262975e-11, -0.035914643428292536, 6.0049712211884114e-12, 0.9926598787463217, 0.12093951019968147, 0.06000015628109551, 4.378770850844506e-11, -0.12093951019968169, 0.9926598787463217, 1.2467844672028883e-06, 0.0, 0.0, 0.0, 1.0], "right_foot_pose": [0.9999999999999998, 1.4423011760072474e-11, 4.548946219706806e-10, -0.03591464492985816, -9.098436889699899e-12, 0.9999315200786695, -0.011702783991906659, -0.06000005790449562, -4.5503244895552094e-10, 0.01170278399190649, 0.9999315200786695, 1.2725213313150019e-06, 0.0, 0.0, 0.0, 1.0]}, {"left_foot_pose": [1.0000000000000004, -2.7716340639546483e-12, -4.1525283211996066e-11, -0.03591464458478293, 7.77266102648889e-12, 0.9926628050575216, 0.12091548889755152, 0.060000151602471984, 4.088525269518853e-11, -0.12091548889755176, 0.9926628050575218, 1.2880053108718648e-06, 0.0, 0.0, 0.0, 1.0], "right_foot_pose": [1.0, 2.043992068145833e-11, 7.601823615033253e-10, -0.03591464600452921, -1.1231867332049777e-11, 0.9999266602090698, -0.012110912564103966, -0.06000007241080979, -7.603743077378207e-10, 0.012110912564103796, 0.9999266602090698, 1.3149265000872434e-06, 0.0, 0.0, 0.0, 1.0]}, {"left_foot_pose": [1.0000000000000004, -1.409758554407136e-11, 1.2140732863486207e-11, -0.03591464581806369, 1.2527811481210918e-11, 0.9926748592007384, 0.12081648857169794, 0.060000144609496806, -1.3755260650946287e-11, -0.12081648857169816, 0.9926748592007383, 1.3182233750061445e-06, 0.0, 0.0, 0.0, 1.0], "right_foot_pose": [1.0, 2.8323323599816467e-11, 1.1388109344423467e-09, -0.035914647127307915, -1.39603341475073e-11, 0.9999204876892066, -0.012610245809630433, -0.06000008757473546, -1.1390775936423064e-09, 0.01261024580963026, 0.9999204876892067, 1.3460689819860816e-06, 0.0, 0.0, 0.0, 1.0]}, {"left_foot_pose": [1.0000000000000004, -3.506399494910649e-11, 1.1935935573248527e-10, -0.035914647105421985, 2.040854740700477e-11, 0.992696172699406, 0.1206412396651827, 0.06000013542661878, -1.2271809765169396e-10, -0.12064123966518295, 0.9926961726994061, 1.3376962446423613e-06, 0.0, 0.0, 0.0, 1.0], "right_foot_pose": [1.0, 3.8387889875914364e-11, 1.5905838868235376e-09, -0.03591464827623636, -1.7387405713940183e-11, 0.9999128647661177, -0.013200866457002046, -0.06000010324050874, -1.5909521254640388e-09, 0.013200866457001872, 0.9999128647661177, 1.3662130680727747e-06, 0.0, 0.0, 0.0, 1.0]}, {"left_foot_pose": [1.0000000000000002, -6.60337044181283e-11, 2.82582568456037e-10, -0.03591464842284619, 3.1534043539932905e-11, 0.9927268529331612, 0.1203885188272647, 0.06000012421347712, -2.88477168260603e-10, -0.1203885188272649, 0.9927268529331613, 1.346843523278296e-06, 0.0, 0.0, 0.0, 1.0], "right_foot_pose": [1.0, 5.099835359032736e-11, 2.114889707804934e-09, -0.03591464942854342, -2.163292385367117e-11, 0.9999036301451681, -0.013882738293099533, -0.060000119240781385, -2.115393997389157e-09, 0.013882738293099363, 0.9999036301451683, 1.3757886828322241e-06, 0.0, 0.0, 0.0, 1.0]}, {"left_foot_pose": [1.0000000000000007, -1.0729852443769892e-10, 5.041113637638283e-10, -0.03591464974566395, 4.600055548306588e-11, 0.992766980784167, 0.12005716082221105, 0.060000111159811347, -5.133475095169787e-10, -0.12005716082221123, 0.9927669807841671, 1.3462106453962508e-06, 0.0, 0.0, 0.0, 1.0], "right_foot_pose": [1.0, 6.656536397593772e-11, 2.7106559774559e-09, -0.03591465056126461, -2.683161431945432e-11, 0.9998925995344761, -0.014655695008696597, -0.06000013539808394, -2.711340559451342e-09, 0.014655695008696424, 0.9998925995344762, 1.3753541612052111e-06, 0.0, 0.0, 0.0, 1.0]}, {"left_foot_pose": [1.0000000000000007, -1.5906660939038528e-10, 7.860437856166447e-10, -0.035914651049135625, 6.387724249185713e-11, 0.9928166082622265, 0.11964607122128898, 0.06000009648066664, -7.994291637721153e-10, -0.1196460712212892, 0.9928166082622265, 1.3364374903124254e-06, 0.0, 0.0, 0.0, 1.0], "right_foot_pose": [0.9999999999999999, 8.553986442544728e-11, 3.3763055684588035e-09, -0.03591465165181491, -3.313117599604362e-11, 0.9998795664143789, -0.015519428694172341, -0.06000015152657549, -3.377226619233611e-09, 0.015519428694172171, 0.9998795664143789, 1.365564059545299e-06, 0.0, 0.0, 0.0, 1.0]}, {"left_foot_pose": [1.0000000000000004, -2.2144926498077992e-10, 1.1302158653414595e-09, -0.035914652309001587, 8.520187923693792e-11, 0.992875756141319, 0.11915423981883622, 0.06000008041191038, -1.1485509458932325e-09, -0.11915423981883642, 0.9928757561413192, 1.318231699146133e-06, 0.0, 0.0, 0.0, 1.0], "right_foot_pose": [0.9999999999999999, 1.0840592157766443e-10, 4.109712570254941e-09, -0.03591465267851154, -4.068990085905418e-11, 0.9998643030528435, -0.01647347809818742, -0.060000167434038104, -4.110940810103568e-09, 0.016473478098187246, 0.9998643030528436, 1.3471418672875157e-06, 0.0, 0.0, 0.0, 1.0]}, {"left_foot_pose": [1.0000000000000007, -2.9444794387865716e-10, 1.5381438345230043e-09, -0.035914653501982474, 1.0997648430000741e-10, 0.9929444116440094, 0.1185807546987828, 0.06000006320604238, -1.5622074936181204e-09, -0.11858075469878304, 0.9929444116440094, 1.2923463627162457e-06, 0.0, 0.0, 0.0, 1.0], "right_foot_pose": [1.0, 1.3567191845112183e-10, 4.908162043459895e-09, -0.035914653621047087, -4.967371366881086e-11, 0.9998465617865752, -0.01751721677562473, -0.06000018292407724, -4.9097856231846385e-09, 0.017517216775624556, 0.9998465617865754, 1.3208572452183542e-06, 0.0, 0.0, 0.0, 1.0]}, {"left_foot_pose": [1.0000000000000007, -3.7794198642564795e-10, 2.010956456910414e-09, -0.03591465460623323, 1.3816353847560277e-10, 0.9930225262137495, 0.11792481686254178, 0.06000004512826183, -2.04149415297489e-09, -0.11792481686254197, 0.9930225262137496, 1.2595616274355126e-06, 0.0, 0.0, 0.0, 1.0], "right_foot_pose": [1.0, 1.6786001762469663e-10, 5.768312161258392e-09, -0.03591465446091276, -6.02526660936523e-11, 0.9998260765857274, -0.018649841264506018, -0.06000019779849319, -5.770439604262198e-09, 0.018649841264505838, 0.9998260765857273, 1.2875073101617507e-06, 0.0, 0.0, 0.0, 1.0]}, {"left_foot_pose": [1.0000000000000002, -4.716767056844179e-10, 2.549334465751239e-09, -0.03591465560175404, 1.696814953056466e-10, 0.9931100134183168, 0.11718575531297132, 0.06000002645274833, -2.5870435290362684e-09, -0.11718575531297157, 0.993110013418317, 1.2206697253824839e-06, 0.0, 0.0, 0.0, 1.0], "right_foot_pose": [1.0, 2.054939782740608e-10, 6.686163900315733e-09, -0.03591465518177263, -7.259687398698697e-11, 0.9998025649174663, -0.019870359444549547, -0.06000021185978988, -6.68892715571742e-09, 0.019870359444549367, 0.9998025649174663, 1.2479014309674241e-06, 0.0, 0.0, 0.0, 1.0]}, {"left_foot_pose": [1.0000000000000002, -5.752534838996922e-10, 3.1534380107167812e-09, -0.035914656470754355, 2.0440230389322326e-10, 0.9932067470303262, 0.11636304247242063, 0.0600000074591129, -3.1989542651127223e-09, -0.11636304247242087, 0.9932067470303263, 1.1764629345642486e-06, 0.0, 0.0, 0.0, 1.0], "right_foot_pose": [0.9999999999999998, 2.4908529139371147e-10, 7.657037059960457e-09, -0.035914655769788695, -8.687186919516373e-11, 0.9997757299201863, -0.021177579242176447, -0.060000224913787724, -7.66059494428812e-09, 0.021177579242176274, 0.9997757299201862, 1.202849020866259e-06, 0.0, 0.0, 0.0, 1.0]}, {"left_foot_pose": [1.0000000000000002, -6.88121103215063e-10, 3.822849481416327e-09, -0.03591465719797528, 2.421475508764956e-10, 0.9933125593328072, 0.11545630979599765, 0.05999998842898047, -3.876732533999216e-09, -0.11545630979599789, 0.993312559332807, 1.12772401188177e-06, 0.0, 0.0, 0.0, 1.0], "right_foot_pose": [1.0, 2.9911786847645317e-10, 8.675553109238619e-09, -0.035914656213894815, -1.0323353589905844e-10, 0.9997452628958513, -0.022570097857682363, -0.06000023677230807, -8.680094359545069e-09, 0.022570097857682186, 0.9997452628958513, 1.1531498410252694e-06, 0.0, 0.0, 0.0, 1.0]}, {"left_foot_pose": [1.0000000000000004, -8.095698519474304e-10, 4.556503896413505e-09, -0.03591465777096377, 2.826871628545191e-10, 0.9934272396990583, 0.11446536342453265, 0.059999969642672936, -4.619223148636688e-09, -0.11446536342453287, 0.9934272396990584, 1.0752186851079037e-06, 0.0, 0.0, 0.0, 1.0], "right_foot_pose": [0.9999999999999999, 3.56031373313854e-10, 9.735631856244707e-09, -0.0359146565060197, -1.218225256712454e-10, 0.9997108461227678, -0.02404629169954552, -0.06000024725589313, -9.741378238734179e-09, 0.024046291699545336, 0.9997108461227677, 1.0995863902046876e-06, 0.0, 0.0, 0.0, 1.0]}, {"left_foot_pose": [1.0000000000000004, -9.387281332001497e-10, 5.3526362231437665e-09, -0.03591465818030125, 3.2573761615164937e-10, 0.9935505334962642, 0.11339019970566186, 0.05999995137597241, -5.424557548163509e-09, -0.11339019970566207, 0.9935505334962641, 1.0196898465181237e-06, 0.0, 0.0, 0.0, 1.0], "right_foot_pose": [0.9999999999999997, 4.2020364664473776e-10, 1.0830496444125256e-08, -0.03591465664125503, -1.427584739073217e-10, 0.9996721559850955, -0.02560430721794526, -0.060000256196525624, -1.0837704919090628e-08, 0.025604307217945082, 0.9996721559850955, 1.0429180031662488e-06, 0.0, 0.0, 0.0, 1.0]}, {"left_foot_pose": [1.0000000000000007, -1.0745626114448239e-09, 6.208726976986179e-09, -0.0359146584197811, 3.70962207433508e-10, 0.9936821413614904, 0.11223102039651867, 0.05999993389695279, -6.2901007847662e-09, -0.11223102039651893, 0.9936821413614906, 9.618531407948328e-07, 0.0, 0.0, 0.0, 1.0], "right_foot_pose": [0.9999999999999998, 4.919324197838878e-10, 1.19526934461156e-08, -0.03591465661796822, -1.6613389012921095e-10, 0.999628866408621, -0.027242052834084186, -0.06000026344030818, -1.1961658721453752e-08, 0.027242052834084016, 0.9996288664086209, 9.838763475045198e-07, 0.0, 0.0, 0.0, 1.0]}, {"left_foot_pose": [1.0000000000000004, -1.2158818766887398e-09, 7.121460143810791e-09, -0.03591465848653357, 4.179717406566553e-10, 0.9938217188965929, 0.1109882473481883, 0.059999917462880276, -7.2124105564499744e-09, -0.11098824734818857, 0.9938217188965927, 9.023936905980245e-07, 0.0, 0.0, 0.0, 1.0], "right_foot_pose": [0.9999999999999998, 5.714169300220317e-10, 1.3094125839163692e-08, -0.035914656437854874, -1.9200814022880617e-10, 0.9995806525848805, -0.028957192163332462, -0.06000026885006106, -1.3105181591623311e-08, 0.02895719216333228, 0.9995806525848805, 9.231620516358952e-07, 0.0, 0.0, 0.0, 1.0]}, {"left_foot_pose": [1.0000000000000007, -1.3613443140458125e-09, 8.086690428399407e-09, -0.03591465838109458, 4.663272262975706e-10, 0.9939688768251033, 0.1096625364609243, 0.059999902317192204, -8.187207231017212e-09, -0.10966253646092455, 0.9939688768251035, 8.419637456680285e-07, 0.0, 0.0, 0.0, 1.0], "right_foot_pose": [0.9999999999999998, 6.587399010766987e-10, 1.4246102464365857e-08, -0.03591465610593025, -2.2040149810054906e-10, 0.9995271949577125, -0.030747138728131992, -0.06000027230779429, -1.4259621395061115e-08, 0.03074713872813181, 0.9995271949577125, 8.614422486799556e-07, 0.0, 0.0, 0.0, 1.0]}, {"left_foot_pose": [1.0000000000000002, -1.509470192588831e-09, 9.099423770031508e-09, -0.03591465810741499, 5.155434201878688e-10, 0.9941231816492941, 0.10825479069069073, 0.05999988868657222, -9.209355582898834e-09, -0.10825479069069098, 0.9941231816492943, 7.811810797675456e-07, 0.0, 0.0, 0.0, 1.0], "right_foot_pose": [0.9999999999999997, 7.538505518004194e-10, 1.5399402253368774e-08, -0.0359146556304569, -2.5128967779241205e-10, 0.9994681834379703, -0.03260905235059397, -0.060000273717008466, -1.5415794977558856e-08, 0.0326090523505938, 0.99946818343797, 7.993488593885378e-07, 0.0, 0.0, 0.0, 1.0]}, {"left_foot_pose": [1.0000000000000004, -1.6586581530268724e-09, 1.0153812124436034e-08, -0.03591465767280795, 5.650941525842173e-10, 0.994284156839267, 0.10676617188243127, 0.059999876778148865, -1.0272863405375642e-08, -0.10676617188243147, 0.9942841568392672, 7.206279872482013e-07, 0.0, 0.0, 0.0, 1.0], "right_foot_pose": [0.9999999999999998, 8.565492174228233e-10, 1.6544354219938378e-08, -0.035914655022806954, -2.845987715821767e-10, 0.9994033218036015, -0.03453983740446602, -0.0600002730047777, -1.656406771271784e-08, 0.03453983740446584, 0.9994033218036014, 7.374774662061157e-07, 0.0, 0.0, 0.0, 1.0]}, {"left_foot_pose": [1.0000000000000002, -1.8072063084462422e-09, 1.1243165010110839e-08, -0.035914657087832126, 6.144192046116643e-10, 0.9944512845781261, 0.10519811120412668, 0.059999866776851166, -1.1370894722232409e-08, -0.10519811120412693, 0.9944512845781261, 6.608507634106586e-07, 0.0, 0.0, 0.0, 1.0], "right_foot_pose": [0.9999999999999998, 9.66474342268156e-10, 1.7670934160385337e-08, -0.03591465429725895, -3.2020121674473957e-10, 0.9993323322338797, -0.0365361430913869, -0.06000027012356779, -1.7694447315794575e-08, 0.03653614309138671, 0.9993323322338797, 6.763866657877315e-07, 0.0, 0.0, 0.0, 1.0]}, {"left_foot_pose": [1.0000000000000004, -1.9533374030034144e-09, 1.2359977819009812e-08, -0.03591465636610924, 6.629322255411214e-10, 0.9946240080781237, 0.10355231795865119, 0.059999858842959324, -1.2495803538537925e-08, -0.10355231795865141, 0.9946240080781238, 6.02359567947186e-07, 0.0, 0.0, 0.0, 1.0], "right_foot_pose": [0.9999999999999999, 1.083092582723579e-09, 1.876887728569087e-08, -0.03591465347073031, -3.5791266090618713e-10, 0.9992549599185303, -0.03859436588696034, -0.06000026505274428, -1.8796695254581246e-08, 0.03859436588696015, 0.9992549599185301, 6.165978004291084e-07, 0.0, 0.0, 0.0, 1.0]}, {"left_foot_pose": [1.0000000000000007, -2.0952277805045174e-09, 1.3495979223066044e-08, -0.035914655524076904, 7.100303639737036e-10, 0.9948017344722325, 0.10183078655808675, 0.05999985310989321, -1.3639182468413538e-08, -0.10183078655808694, 0.9948017344722327, 5.456285885607759e-07, 0.0, 0.0, 0.0, 1.0], "right_foot_pose": [0.9999999999999998, 1.2056925665708912e-09, 1.9827800790128685e-08, -0.03591465256244698, -3.974902221155589e-10, 0.9991709776751152, -0.04071065427814231, -0.06000025779972719, -1.9860447708204218e-08, 0.04071065427814212, 0.999170977675115, 5.585949947248259e-07, 0.0, 0.0, 0.0, 1.0]}, {"left_foot_pose": [1.0000000000000004, -2.2310398675346873e-09, 1.4642199064329777e-08, -0.03591465458067786, 7.551048010813397e-10, 0.9949838382741156, 0.1000358014578257, 0.0599998496822829