{"LoopMode": "Wrap", "FrameDuration": 0.0167, "EnableCycleOffsetPosition": true, "EnableCycleOffsetRotation": false, "Debug_info": [{"left_foot_pose": [0.9999999999929869, -3.7449776484008147e-06, -4.9041328276028795e-08, 5.484950842642767e-05, 3.745298738591103e-06, 0.9999142984774446, 0.01309181753360667, -4.869648332571884e-05, 8.561243018559094e-12, -0.013091817533698695, 0.9999142984844578, 1.6933697499776912e-11, 0.0, 0.0, 0.0, 1.0], "right_foot_pose": [0.9999999999111469, -1.3329891080025777e-05, 1.421496743093382e-07, -8.214657627792773e-05, 1.3330648999088792e-05, 0.9999431376514287, -0.010664018290942216, -0.14029878861850428, 8.610942000420152e-12, 0.01066401829188948, 0.999943137740277, 1.4449295926421968e-11, 0.0, 0.0, 0.0, 1.0]}, {"left_foot_pose": [0.9999999999929867, -3.745107133679118e-06, -3.788036417866123e-08, 5.4849510105642455e-05, 3.745298701949603e-06, 0.9999489026308678, 0.010109011489591363, -4.869648241055506e-05, 1.9097511371076288e-11, -0.010109011489662508, 0.9999489026378812, 3.696757483462321e-11, 0.0, 0.0, 0.0, 1.0], "right_foot_pose": [0.9999999999111469, -1.3329407956851645e-05, 1.8190266659620605e-07, -8.21465747582652e-05, 1.3330649086285106e-05, 0.9999068768206295, -0.013646886425410898, -0.14029878862034975, 1.918901057757402e-11, 0.013646886426623062, 0.9999068769094744, 3.32108021638966e-11, 0.0, 0.0, 0.0, 1.0]}, {"left_foot_pose": [0.9999999999929868, -3.745232069636677e-06, -2.2340822636230346e-08, 5.484951237625224e-05, 3.745298702258885e-06, 0.999982262343996, 0.005956087923866902, -4.869648076659752e-05, 3.349470300585266e-11, -0.005956087923908978, 0.9999822623510098, 6.426171400564229e-11, 0.0, 0.0, 0.0, 1.0], "right_foot_pose": [0.9999999999111469, -1.33285375306533e-05, 2.3726958842126797e-07, -8.214657263790154e-05, 1.3330649255163574e-05, 0.9998415437260231, -0.017801327530742563, -0.14029878862246356, 3.367046860906489e-11, 0.017801327532323673, 0.9998415438148622, 5.913107503641157e-11, 0.0, 0.0, 0.0, 1.0]}, {"left_foot_pose": [0.9999999999929867, -3.7452979408770705e-06, -2.51853460301927e-09, 5.484951519837095e-05, 3.7452987876510146e-06, 0.9999997830499974, 0.0006587001834970711, -4.869647826048415e-05, 5.150551548782451e-11, -0.0006587001835020573, 0.9999997830570112, 9.84814174653792e-11, 0.0, 0.0, 0.0, 1.0], "right_foot_pose": [0.9999999999111467, -1.3327092644798552e-05, 3.0792709293522815e-07, -8.214656994136576e-05, 1.3330649551191928e-05, 0.9997330883866664, -0.023103069214964293, -0.14029878862463901, 5.183993258133093e-11, 0.023103069217016232, 0.9997330884754959, 9.177654469727514e-11, 0.0, 0.0, 0.0, 1.0]}, {"left_foot_pose": [0.9999999999929868, -3.7452371375452767e-06, 2.152934458495243e-08, 5.484951859791661e-05, 3.7452990169331323e-06, 0.9999833653201385, -0.005767934550965829, -4.869647466952329e-05, 7.32960380294256e-11, 0.005767934551005833, 0.9999833653271519, 1.4010015370047313e-10, 0.0, 0.0, 0.0, 1.0], "right_foot_pose": [0.9999999999111469, -1.3324835250869823e-05, 3.93695206046901e-07, -8.214656662765582e-05, 1.333065003570363e-05, 0.9995636395013144, -0.029538625715825027, -0.1402987886266826, 7.39079006416099e-11, 0.029538625718448498, 0.9995636395901291, 1.3147134075852662e-10, 0.0, 0.0, 0.0, 1.0]}, {"left_foot_pose": [0.9999999999929868, -3.7449678990456346e-06, 4.9835113980006356e-08, 5.4849522674784655e-05, 3.7452994668076323e-06, 0.9999111168417356, -0.013332606732606564, -4.8696469644914087e-05, 9.949943090943394e-11, 0.013332606732699525, 0.9999111168487488, 1.9051005217818329e-10, 0.0, 0.0, 0.0, 1.0], "right_foot_pose": [0.9999999999111469, -1.3321467785865716e-05, 4.947187322580092e-07, -8.21465625787432e-05, 1.3330650793777874e-05, 0.9993108557071299, -0.03711891011570377, -0.14029878862838518, 1.0056554224165698e-10, 0.03711891011900041, 0.9993108557959218, 1.794031659341222e-10, 0.0, 0.0, 0.0, 1.0]}, {"left_foot_pose": [0.9999999999929867, -3.7443906838465957e-06, 8.2536897483348e-08, 5.484952760533358e-05, 3.7453002440404306e-06, 0.9997563729885179, -0.02207248637596473, -4.86964626676481e-05, 1.3122303094401366e-10, 0.02207248637611886, 0.99975637299553, 2.5208334725190795e-10, 0.0, 0.0, 0.0, 1.0], "right_foot_pose": [0.9999999999111466, -1.3316618052390658e-05, 6.115267693896641e-07, -8.214655759273232e-05, 1.3330651946815443e-05, 0.9989467883245225, -0.045883699920726696, -0.14029878862947182, 1.3300418259681663e-10, 0.04588369992480168, 0.9989467884132821, 2.376594823716438e-10, 0.0, 0.0, 0.0, 1.0]}, {"left_foot_pose": [0.9999999999929867, -3.743382442061466e-06, 1.1988018649995942e-07, 5.4849533643649096e-05, 3.7453015019216186e-06, 0.9994861535471127, -0.03205353106243995, -4.869645299634094e-05, 1.7003863703932652e-10, 0.032053531062663954, 0.9994861535541231, 3.2821157597284767e-10, 0.0, 0.0, 0.0, 1.0], "right_foot_pose": [0.9999999999111466, -1.3309817530389974e-05, 7.45039991090296e-07, -8.214655137773691e-05, 1.3330653669365504e-05, 0.9984362502348272, -0.055902182777699684, -0.14029878862953213, 1.7291707904819414e-10, 0.05590218278266431, 0.9984362503235417, 3.092273451188454e-10, 0.0, 0.0, 0.0, 1.0]}, {"left_foot_pose": [0.9999999999929867, -3.741789149569533e-06, 1.6220979148780464e-07, 5.484954112356191e-05, 3.7453034605150712e-06, 0.9990591514423691, -0.04336832836560106, -4.8696439608152814e-05, 2.179635253562521e-10, 0.043368328365904235, 0.9990591514493764, 4.233596667679862e-10, 0.0, 0.0, 0.0, 1.0], "right_foot_pose": [0.9999999999111466, -1.3300473811027749e-05, 8.965441624098902e-07, -8.214654354398144e-05, 1.333065620985726e-05, 0.9977347426071632, -0.06727096860393614, -0.14029878862793177, 2.224968675293855e-10, 0.06727096860991028, 0.9977347426958153, 3.979918061780552e-10, 0.0, 0.0, 0.0, 1.0]}, {"left_foot_pose": [0.9999999999929868, -3.739417295429242e-06, 2.0994902688594118e-07, 5.484955044727082e-05, 3.7453064265655954e-06, 0.9984234408017014, -0.05613049833793412, -4.869642116611152e-05, 2.773262788019316e-10, 0.056130498338326576, 0.9984234408087042, 5.42943655312822e-10, 0.0, 0.0, 0.0, 1.0], "right_foot_pose": [0.9999999999111466, -1.328783976155544e-05, 1.0676179933445106e-06, -8.214653360911406e-05, 1.3330659909759922e-05, 0.9967861361599647, -0.08010866733120746, -0.14029878862370548, 2.843203768726337e-10, 0.08010866733832145, 0.9967861362485325, 5.085457541187388e-10, 0.0, 0.0, 0.0, 1.0]}, {"left_foot_pose": [0.9999999999929865, -3.736026290834613e-06, 2.6355383669914247e-07, 5.4849562016313394e-05, 3.745310794923936e-06, 0.9975144435576638, -0.07046229402891897, -4.869639612391577e-05, 3.502239988691329e-10, 0.0704622940294117, 0.9975144435646602, 6.924598117130643e-10, 0.0, 0.0, 0.0, 1.0], "right_foot_pose": [0.9999999999111467, -1.3270987551115985e-05, 1.2599699243943383e-06, -8.214652106575891e-05, 1.333066519960322e-05, 0.9955207214790279, -0.09454360331703739, -0.1402987886154668, 3.6081427834273864e-10, 0.09454360332543298, 0.9955207215674837, 6.45279600586246e-10, 0.0, 0.0, 0.0, 1.0]}, {"left_foot_pose": [0.9999999999929867, -3.7313273915542608e-06, 3.2341207140136826e-07, 5.484957602296663e-05, 3.7453169802368805e-06, 0.9962546882513325, -0.08646731245513313, -4.869636322479831e-05, 4.370588093725172e-10, 0.08646731245573781, 0.9962546882583202, 8.747765012362407e-10, 0.0, 0.0, 0.0, 1.0], "right_foot_pose": [0.9999999999111466, -1.3248810725328163e-05, 1.4750743072001468e-06, -8.214650560704528e-05, 1.3330672512844859e-05, 0.9938553811639542, -0.11068640907421501, -0.1402987886014733, 4.527456261359095e-10, 0.11068640908404376, 0.9938553812522624, 8.097728668166049e-10, 0.0, 0.0, 0.0, 1.0]}, {"left_foot_pose": [0.9999999999929865, -3.725004545402331e-06, 3.896175171936461e-07, 5.484959186484768e-05, 3.74532513836152e-06, 0.9945595945899318, -0.1041691547200226, -4.869632306742956e-05, 5.327347868648774e-10, 0.10416915472075106, 0.9945595945969076, 1.0824970780864973e-09, 0.0, 0.0, 0.0, 1.0], "right_foot_pose": [0.9999999999111464, -1.3220118108621311e-05, 1.7133472856035445e-06, -8.214648778398829e-05, 1.333068195633557e-05, 0.9917007073188333, -0.12856790783713795, -0.1402987885802597, 5.552111760765223e-10, 0.12856790784855418, 0.9917007074069503, 9.937789618996717e-10, 0.0, 0.0, 0.0, 1.0]}, {"left_foot_pose": [0.9999999999929864, -3.716796611822593e-06, 4.614678283388511e-07, 5.4849606619325555e-05, 3.745334328429389e-06, 0.9923601245878994, -0.12337496955972097, -4.869628226592329e-05, 6.173969228914513e-10, 0.12337496956058384, 0.99236012459486, 1.278057777664987e-09, 0.0, 0.0, 0.0, 1.0], "right_foot_pose": [0.9999999999111461, -1.3183981693396469e-05, 1.972304602360169e-06, -8.214647074915031e-05, 1.3330692342079932e-05, 0.9889873305392519, -0.14800020221316282, -0.14029878855293382, 6.476925059623864e-10, 0.14800020222630447, 0.9889873306271285, 1.1615581552160137e-09, 0.0, 0.0, 0.0, 1.0]}, {"left_foot_pose": [0.9999999999929867, -3.706738249132805e-06, 5.363466253905538e-07, 5.484961172263606e-05, 3.7453405380900585e-06, 0.989668838108736, -0.14337221091438096, -4.869626225458348e-05, 6.377162579672672e-10, 0.143372210915384, 0.9896688381156779, 1.3504401277786293e-09, 0.0, 0.0, 0.0, 1.0], "right_foot_pose": [0.9999999999111462, -1.3140735963926576e-05, 2.2424524476206398e-06, -8.214646408063239e-05, 1.3330698938986938e-05, 0.9857414586174521, -0.16826698007936786, -0.1402987885291737, 6.736098676670296e-10, 0.16826698009431007, 0.9857414587050406, 1.2127776075065988e-09, 0.0, 0.0, 0.0, 1.0]}, {"left_foot_pose": [0.9999999999929481, -3.705751119966812e-06, 6.098509632291462e-07, 5.4701260210362186e-05, 3.7555970496529327e-06, 0.9867014489017493, -0.16254307343312194, -4.8965432971847384e-05, 6.033471643270405e-10, 0.1625430734342658, 0.9867014489087081, 0.00026217775089704826, 0.0, 0.0, 0.0, 1.0], "right_foot_pose": [0.9999999999111461, -1.309444743181695e-05, 2.4985600746153227e-06, -8.214649175147943e-05, 1.3330692243939506e-05, 0.9822705430178478, -0.18746887779499644, -0.14029878863820489, 5.39404081616282e-10, 0.1874688778116466, 0.9822705431051275, 9.212141188763567e-10, 0.0, 0.0, 0.0, 1.0]}, {"left_foot_pose": [0.9999999999918604, -3.964861084478295e-06, 7.48340554412939e-07, 5.066021043650668e-05, 4.034865078935448e-06, 0.9826089939709121, -0.18568673875964617, -5.62612741821962e-05, 8.959648258651243e-10, 0.1856867387611539, 0.9826089939789112, 0.006705937604876068, 0.0, 0.0, 0.0, 1.0], "right_foot_pose": [0.9999999999111464, -1.3051190718219022e-05, 2.715405738429403e-06, -8.214647828291025e-05, 1.3330679178556226e-05, 0.9790287208801233, -0.2037222705403678, -0.14029878894013417, 3.5799924333394425e-10, 0.20372227055846445, 0.9790287209671145, 5.365255323352969e-10, 0.0, 0.0, 0.0, 1.0]}, {"left_foot_pose": [0.9999999999892205, -4.536268752809524e-06, 9.908841642759255e-07, 4.185167759810591e-05, 4.643229975277025e-06, 0.9769174738540879, -0.21361706218602655, -7.21383015148229e-05, 1.0123493960385143e-09, 0.2136170621883245, 0.97691747386462, 0.018351684236236794, 0.0, 0.0, 0.0, 1.0], "right_foot_pose": [0.9999999999111464, -1.3016114131012536e-05, 2.8787806707898085e-06, -8.214646302131502e-05, 1.3330664094234554e-05, 0.9764012104009269, -0.21596452521166207, -0.1402987889525216, 1.73976847281155e-10, 0.21596452523084883, 0.9764012104876838, 2.859364342522319e-10, 0.0, 0.0, 0.0, 1.0]}, {"left_foot_pose": [0.9999999999848203, -5.3469198610068995e-06, 1.3306026214744281e-06, 2.9294658322907954e-05, 5.50999592784149e-06, 0.9703832432888905, -0.2415706131005479, -9.474798250704713e-05, 4.6422152137406195e-10, 0.24157061310421224, 0.9703832433036218, 0.03059348028452972, 0.0, 0.0, 0.0, 1.0], "right_foot_pose": [0.9999999999111467, -1.299374389415363e-05, 2.9780727811568863e-06, -8.214649353743409e-05, 1.333065256755354e-05, 0.9747260735762515, -0.2234034048821049, -0.14029878877630073, 4.143916370446196e-11, 0.22340340490195434, 0.9747260736628593, 1.0252472482097374e-10, 0.0, 0.0, 0.0, 1.0]}, {"left_foot_pose": [0.9999999999784541, -6.339326452803026e-06, 1.7045845913111777e-06, 1.4011182100964995e-05, 6.564500588440798e-06, 0.9657270759390292, -0.259559655484362, -0.00012225210211471577, -7.30103104599312e-10, 0.259559655489959, 0.9657270759598359, 0.038825402656218456, 0.0, 0.0, 0.0, 1.0], "right_foot_pose": [0.9999999999111469, -1.2987528923900681e-05, 3.00504534744847e-06, -8.214654801361406e-05, 1.3330649087372463e-05, 0.9742607844497833, -0.2254238756334093, -0.14029878860494488, 1.2672627207021004e-12, 0.22542387565343877, 0.9742607845363492, 1.1823493573093202e-11, 0.0, 0.0, 0.0, 1.0]}, {"left_foot_pose": [0.9999999999700755, -7.476166615847005e-06, 1.989148627368342e-06, -2.965966919020603e-06, 7.736263886216029e-06, 0.9664055998374773, -0.2570218211415454, -0.00015282259214036142, -7.86413863810964e-10, 0.25702182114924255, 0.9664055998663956, 0.0400000001819527, 0.0, 0.0, 0.0, 1.0], "right_foot_pose": [0.9999999999111467, -1.2999144685078209e-05, 2.954423963308444e-06, -8.21465572027453e-05, 1.3330655778931264e-05, 0.975130434200393, -0.22163175791940704, -0.14029878859547434, 7.456564739221147e-11, 0.22163175793909864, 0.9751304342870368, 1.2609041588618197e-10, 0.0, 0.0, 0.0, 1.0]}, {"left_foot_pose": [0.9999999999599084, -8.68097463286068e-06, 2.1966418198850355e-06, -2.061530456135305e-05, 8.954582941480265e-06, 0.9694574955810469, -0.24525938143431117, -0.00018460917442081337, -4.6040875852423014e-10, 0.2452593814441479, 0.9694574956199138, 0.0400000005955275, 0.0, 0.0, 0.0, 1.0], "right_foot_pose": [0.9999999999111465, -1.3026427187259625e-05, 2.8317799093403315e-06, -8.214652127838341e-05, 1.3330670750605606e-05, 0.9771732517494012, -0.21244395940528613, -0.14029878855763497, 2.461862169204698e-10, 0.21244395942415917, 0.9771732518362269, 4.2260521471160217e-10, 0.0, 0.0, 0.0, 1.0]}, {"left_foot_pose": [0.999999999948501, -9.885925834964764e-06, 2.2950638638998354e-06, -3.7915543327779115e-05, 1.014883479018609e-05, 0.9740856605122299, -0.22617941082568727, -0.00021576845250461177, 4.0408080838571795e-10, 0.2261794108373312, 0.9740856605623959, 0.039856431286969106, 0.0, 0.0, 0.0, 1.0], "right_foot_pose": [0.9999999999111462, -1.3067607767718416e-05, 2.6353423813741674e-06, -8.214648154585591e-05, 1.3330693978695635e-05, 0.9802567026258078, -0.19772909947570022, -0.14029878859209238, 5.342830593063348e-10, 0.1977290994932621, 0.9802567027129085, 8.99396314368861e-10, 0.0, 0.0, 0.0, 1.0]}, {"left_foot_pose": [0.9999999999367368, -1.1044273703986865e-05, 2.1333443502304693e-06, -5.3838038602842706e-05, 1.1248428003564873e-05, 0.9818050483266942, -0.18989167162804038, -0.000244469141705856, 2.687342580715063e-09, 0.18989167164002374, 0.9818050483888126, 0.033862131790439204, 0.0, 0.0, 0.0, 1.0], "right_foot_pose": [0.999999999911146, -1.3120990393993387e-05, 2.3553830340584394e-06, -8.214644851210236e-05, 1.3330724556851326e-05, 0.9842539490514869, -0.17676018669045662, -0.14029878911894914, 9.73658661410741e-10, 0.17676018670614954, 0.9842539491389442, 1.6291928570111303e-09, 0.0, 0.0, 0.0, 1.0]}, {"left_foot_pose": [0.999999999925794, -1.2057515249650675e-05, 1.740312688791824e-06, -6.736706788487798e-05, 1.2182460803960928e-05, 0.9897048171895413, -0.1431236342586556, -0.0002688484133779104, 3.319550954242422e-09, 0.14312363426923597, 0.9897048172629893, 0.022394899265263016, 0.0, 0.0, 0.0, 1.0], "right_foot_pose": [0.9999999999111457, -1.3181263692574564e-05, 1.9907764730598685e-06, -8.214636361218575e-05, 1.3330750214623659e-05, 0.988769647344778, -0.14944759721044176, -0.14029878952981778, 1.4888356201782075e-09, 0.14944759722370107, 0.9887696474326377, 2.58534212094208e-09, 0.0, 0.0, 0.0, 1.0]}, {"left_foot_pose": [0.9999999999170476, -1.2820685984139094e-05, 1.2390002912534767e-06, -7.748252889965204e-05, 1.2880415439302415e-05, 0.9953403787825952, -0.09642370143805795, -0.00028705749816608506, 2.9909782071217014e-09, 0.09642370144601804, 0.9953403788651648, 0.010060658885552423, 0.0, 0.0, 0.0, 1.0], "right_foot_pose": [0.9999999999111453, -1.324063638931597e-05, 1.5474846218333777e-06, -8.214628018989176e-05, 1.3330759789154838e-05, 0.993221795435515, -0.11623452539647061, -0.14029878960631637, 2.0236320475501402e-09, 0.11623452540677165, 0.9932217955237703, 3.6042241899347793e-09, 0.0, 0.0, 0.0, 1.0]}, {"left_foot_pose": [0.9999999999119309, -1.3253239558803856e-05, 7.004822442094091e-07, -8.315720503696275e-05, 1.3271737914171235e-05, 0.9985956803545586, -0.052977986004358005, -0.0002972574817544562, 2.6313962973055488e-09, 0.05297798600898871, 0.9985956804425062, 0.0014653391724192763, 0.0, 0.0, 0.0, 1.0], "right_foot_pose": [0.9999999999111455, -1.3290279179552241e-05, 1.037867982611822e-06, -8.214622306280947e-05, 1.3330742085813984e-05, 0.996950277116912, -0.07803937966696028, -0.14029878918616687, 2.46236965245992e-09, 0.07803937967386156, 0.9969502772054977, 4.442908242696664e-09, 0.0, 0.0, 0.0, 1.0]}, {"left_foot_pose": [0.9999999999111472, -1.3329796896361266e-05, 1.5208864062613586e-07, -8.401240487509006e-05, 1.333066425798413e-05, 0.9999326813448828, -0.011603128919700674, -0.0002987881408105953, 2.5889494486321502e-09, 0.011603128920696966, 0.9999326814337308, 4.760468755304892e-09, 0.0, 0.0, 0.0, 1.0], "right_foot_pose": [0.9999999999111462, -1.3321675802740144e-05, 4.903382085364711e-07, -8.214620071769164e-05, 1.333069656623942e-05, 0.9993160686444812, -0.036978301356754985, -0.14029878880458502, 2.6100914612238728e-09, 0.03697830136000574, 0.9993160687332755, 4.767099173741407e-09, 0.0, 0.0, 0.0, 1.0]}, {"left_foot_pose": [0.9999999999111477, -1.3324762343724934e-05, -3.9496757886478014e-07, -8.40124516984911e-05, 1.3330614579861231e-05, 0.999566329630005, 0.029447453069760272, -0.0002987883529859958, 2.415979066775401e-09, -0.029447453072409122, 0.9995663297188183, 4.371971284999887e-09, 0.0, 0.0, 0.0, 1.0], "right_foot_pose": [0.9999999999111469, -1.3330523289749751e-05, -5.685032378180658e-08, -8.214626972243886e-05, 1.33306442971066e-05, 0.999991658129455, 0.004084543278877392, -0.14029878896482337, 2.4007501684739884e-09, -0.004084543279272471, 0.9999916582183073, 4.486939361725284e-09, 0.0, 0.0, 0.0, 1.0]}, {"left_foot_pose": [0.9999999999111482, -1.3300148515598368e-05, -9.003379575764589e-07, -8.401254223299114e-05, 1.3330587208942291e-05, 0.997726284115916, 0.06739630410150509, -0.00029878843670215656, 1.909990658336706e-09, -0.06739630410751896, 0.997726284204565, 3.4189656245020572e-09, 0.0, 0.0, 0.0, 1.0], "right_foot_pose": [0.9999999999078981, -1.3560124522502688e-05, -5.714319873394736e-07, -7.73153546687335e-05, 1.3572159208042952e-05, 0.9991208570094857, 0.041922701540186166, -0.1402987995883972, 2.4525635615896288e-09, -0.04192270154408073, 0.9991208571015049, 5.9842210324297096e-05, 0.0, 0.0, 0.0, 1.0]}, {"left_foot_pose": [0.9999999999111482, -1.3263858713284416e-05, -1.3321351104431348e-06, -8.401252359926126e-05, 1.33305862634678e-05, 0.995004446550831, 0.0998306123710095, -0.0002987879117968585, 1.3412202476686828e-09, -0.09983061237989761, 0.9950044466392376, 2.3591699843672487e-09, 0.0, 0.0, 0.0, 1.0], "right_foot_pose": [0.999999999271233, -3.8064126974010096e-05, -2.9421960516249144e-06, 0.0004147931791622012, 3.817766551209731e-05, 0.9970494910214047, 0.07676139001101764, -0.1403000118967805, 1.165977947656527e-08, -0.0767613900674028, 0.9970494917479876, 0.005588786618759126, 0.0, 0.0, 0.0, 1.0]}, {"left_foot_pose": [0.999999999911148, -1.3224304275310757e-05, -1.6800912444600825e-06, -8.401254325723665e-05, 1.333060124213241e-05, 0.9920339277302748, 0.1259709730626073, -0.0002987878800581427, 8.290383560330322e-10, -0.12597097307381125, 0.992033927818418, 1.4542967594066702e-09, 0.0, 0.0, 0.0, 1.0], "right_foot_pose": [0.9999999951995877, -9.736832063830159e-05, -1.096514393689116e-05, 0.001610903195513172, 9.798379222668101e-05, 0.9937489153936327, 0.11163818143070454, -0.14030298047140882, 2.6577649340739294e-08, -0.11163818196920179, 0.9937489201637456, 0.016861597783146824, 0.0, 0.0, 0.0, 1.0]}, {"left_foot_pose": [0.9999999999111477, -1.3188754095799978e-05, -1.9396505583910406e-06, -8.401263762531477e-05, 1.3330621842991934e-05, 0.9893623214198979, 0.14547232306155705, -0.00029878815740085485, 4.184822940945714e-10, -0.14547232307448832, 0.9893623215078048, 7.319767708624525e-10, 0.0, 0.0, 0.0, 1.0], "right_foot_pose": [0.9999999827723969, -0.00018363457712983547, -2.7084086072103008e-05, 0.0033636227366555488, 0.00018562112940073168, 0.9893325040365358, 0.14567485027139732, -0.14030734208241816, 4.4227165289281266e-08, -0.14567485278914763, 0.9893325210791659, 0.029272332530032287, 0.0, 0.0, 0.0, 1.0]}, {"left_foot_pose": [0.9999999999111475, -1.3162981196379478e-05, -2.1075779246812736e-06, -8.401278948284865e-05, 1.3330639844877845e-05, 0.9874246642098427, 0.15809026640617235, -0.00029878850853168673, 1.3522019858003525e-10, -0.15809026642022111, 0.9874246642975778, 2.476905139325858e-10, 0.0, 0.0, 0.0, 1.0], "right_foot_pose": [0.9999999568643028, -0.00028930323524727146, -5.074475774013748e-05, 0.0055255674348413854, 0.00029371991557789444, 0.9849979430088414, 0.17256583090798272, -0.1403127286461939, 5.9628817581537e-08, -0.17256583836898146, 0.98499798549439, 0.038215066867626254, 0.0, 0.0, 0.0, 1.0]}, {"left_foot_pose": [0.9999999999111475, -1.3150969847087822e-05, -2.181327671268744e-06, -8.401288784989292e-05, 1.3330648833978196e-05, 0.9865214485045531, 0.16363200011847595, -0.00029878862282563343, 7.033959317225063e-12, -0.1636320001330154, 0.9865214485922088, 7.806338214733088e-11, 0.0, 0.0, 0.0, 1.0], "right_foot_pose": [0.9999999139249419, -0.0004079424164150405, -7.571719340703985e-05, 0.007949353615219966, 0.0004149097539792943, 0.9832371110895187, 0.18233104844275255, -0.14031876009164712, 6.738601597734543e-08, -0.18233106416439926, 0.9832371957166149, 0.04000000115892056, 0.0, 0.0, 0.0, 1.0]}, {"left_foot_pose": [0.9999999999111473, -1.3153415201440293e-05, -2.166522639623662e-06, -8.401286783816508e-05, 1.3330647089158325e-05, 0.9867052961045322, 0.16251971714706456, -0.00029878861057739455, 3.004411977263816e-11, -0.16251971716150546, 0.9867052961922044, 1.3439627882805283e-10, 0.0, 0.0, 0.0, 1.0], "right_foot_pose": [0.9999998532149731, -0.0005328649382322354, -9.810703306106325e-05, 0.01048757918399589, 0.0005418210292252436, 0.9834929501249511, 0.18094563682082118, -0.14032507182920692, 6.798978508164996e-08, -0.1809456634171648, 0.9834930944803414, 0.04000000116935958, 0.0, 0.0, 0.0, 1.0]}, {"left_foot_pose": [0.9999999999111474, -1.3169780650425234e-05, -2.064636372644838e-06, -8.401283193367058e-05, 1.3330635607540392e-05, 0.9879356949436128, 0.1548646585847651, -0.000298788601545588, 1.9438529254908483e-10, -0.154864658598528, 0.9879356950313937, 4.480862209055303e-10, 0.0, 0.0, 0.0, 1.0], "right_foot_pose": [0.9999997774991903, -0.0006572374755439156, -0.00011419487833696489, 0.012992859359104705, 0.0006670843767231827, 0.9852545498422156, 0.17109362061061048, -0.14033130151234163, 6.188415817739787e-08, -0.17109365871976082, 0.9852547690551322, 0.03998808134904938, 0.0, 0.0, 0.0, 1.0]}, {"left_foot_pose": [0.9999999999111477, -1.3198816658905214e-05, -1.8699023540677785e-06, -8.401293620070422e-05, 1.3330614979678479e-05, 0.9901186757870465, 0.1402319780934484, -0.00029878820882557177, 5.290738823850973e-10, -0.14023197810591556, 0.99011867587502, 1.1130228128042319e-09, 0.0, 0.0, 0.0, 1.0], "right_foot_pose": [0.9999996931968433, -0.0007749311310757233, -0.00011440262898348314, 0.015317807895481242, 0.0007833302094614159, 0.9892865060942102, 0.1459849144730131, -0.14033707182298122, 4.87222222794354e-08, -0.14598495929941602, 0.9892868096049527, 0.03494046882899861, 0.0, 0.0, 0.0, 1.0]}, {"left_foot_pose": [0.999999999911148, -1.3236444117361427e-05, -1.5815472040323312e-06, -8.401295137271648e-05, 1.3330594265602369e-05, 0.9929460259642499, 0.11856723554211623, -0.0002987878334814644, 9.824235124243687e-10, -0.1185672355526644, 0.992946026052474, 2.029015802595957e-09, 0.0, 0.0, 0.0, 1.0], "right_foot_pose": [0.9999996099878057, -0.0008779121143482395, -9.640827627176823e-05, 0.017315021481610758, 0.000883189807058687, 0.9940277247985863, 0.10912425169278787, -0.14034203019247052, 3.099698365357698e-08, -0.1091242942798061, 0.9940281124786831, 0.023878048654048113, 0.0, 0.0, 0.0, 1.0]}, {"left_foot_pose": [0.9999999999111482, -1.3275908346954561e-05, -1.2061190154952443e-06, -8.401291740232753e-05, 1.333058375590036e-05, 0.9959086698992484, 0.0903654858992422, -0.0002987876988018341, 1.500475673388987e-09, -0.09036548590729145, 0.9959086699877354, 3.069771707664426e-09, 0.0, 0.0, 0.0, 1.0], "right_foot_pose": [0.9999995398772492, -0.000956941135195732, -6.714874309098715e-05, 0.018837119920183484, 0.0009592941622380454, 0.9975477607661949, 0.06998246026727273, -0.1403458169539165, 1.4983336585798914e-08, -0.06998249248214798, 0.9975482197598197, 0.011406746924824893, 0.0, 0.0, 0.0, 1.0]}, {"left_foot_pose": [0.999999999911148, -1.330917898348648e-05, -7.553123224088517e-07, -8.401283267810318e-05, 1.3330594060433982e-05, 0.998401935891917, 0.05651171763066831, -0.00029878799158997334, 1.9807200228811237e-09, -0.056511717635716024, 0.9984019359806263, 4.052067424653583e-09, 0.0, 0.0, 0.0, 1.0], "right_foot_pose": [0.9999994957170357, -0.0010037645038578292, -3.197647205210165e-05, 0.019736716556267117, 0.0010042737046982418, 0.9994926095469814, 0.03183574870003109, -0.14034806321550675, 4.652996610503393e-09, -0.03183576475893559, 0.9994931135741825, 0.002132490737522738, 0.0, 0.0, 0.0, 1.0]}, {"left_foot_pose": [0.9999999999111475, -1.3328180316130811e-05, -2.5546009735340975e-07, -8.401276437342612e-05, 1.3330628097850204e-05, 0.9998195419679471, 0.018996929259738695, -0.0002987884439404481, 2.2194987281705515e-09, -0.01899692926145638, 0.9998195420567837, 4.605445601268965e-09, 0.0, 0.0, 0.0, 1.0], "right_foot_pose": [0.999999486580536, -0.0010133122061588406, 6.085796099904179e-06, 0.019917854725239544, 0.0010133304811658836, 0.9999814388450137, -0.0060079220028398765, -0.14034852240832568, 2.217558530881806e-09, 0.006007925085178322, 0.999981952255225, 4.4568502777231345e-09, 0.0, 0.0, 0.0, 1.0]}, {"left_foot_pose": [0.999999999911147, -1.3328227131054304e-05, 2.551755845517151e-07, -8.401289831066677e-05, 1.3330669469559617e-05, 0.9998137034506205, -0.019301767137986155, -0.0002987883345773358, 2.1302901373098146e-09, 0.01930176713967261, 0.9998137035394579, 4.561725872043176e-09, 0.0, 0.0, 0.0, 1.0], "right_foot_pose": [0.9999994865804951, -0.0010123326639543562, 4.4959131795980977e-05, 0.019917854577560096, 0.0010133305216148659, 0.9990146619405396, -0.044369791402297944, -0.1403485222623551, 2.1572769722442446e-09, 0.04436981418044194, 0.9990151748545131, 4.281274668116453e-09, 0.0, 0.0, 0.0, 1.0]}, {"left_foot_pose": [0.9999999999111466, -1.3310479983707371e-05, 7.338743214238328e-07, -8.401295990302025e-05, 1.3330695630459925e-05, 0.9984764364424927, -0.05517975798600542, -0.00029878830936233905, 1.7128464720104457e-09, 0.05517975799088536, 0.9984764365312125, 3.856045850680889e-09, 0.0, 0.0, 0.0, 1.0], "right_foot_pose": [0.9999994865804738, -0.0010100477338415633, 8.150070324659098e-05, 0.019917854421991545, 0.001013330542945015, 0.9967597256344106, -0.08043023383296243, -0.14034852211112608, 1.756807900922838e-09, 0.08043027512566159, 0.9967602373907231, 3.5146191998403076e-09, 0.0, 0.0, 0.0, 1.0]}, {"left_foot_pose": [0.9999999985797416, -5.308547560011866e-05, 4.738150213902024e-06, 0.0007125005620156852, 5.3296504928972676e-05, 0.9960715276567953, -0.08855229500663336, -0.00029839098802563434, -1.8695826223857178e-08, 0.08855229513339279, 0.9960715290713862, 0.004551134116746618, 0.0, 0.0, 0.0, 1.0], "right_foot_pose": [0.9999994865804759, -0.0010070023064369148, 0.00011307138939648632, 0.019917854636539323, 0.001013330540479228, 0.9937543662371302, -0.11158509195163824, -0.14034852271374554, 1.2580496808748906e-09, 0.11158514924036542, 0.9937548764504279, 2.5545281306937895e-09, 0.0, 0.0, 0.0, 1.0]}, {"left_foot_pose": [0.9999999863228015, -0.00016413442700912703, 2.035404467515583e-05, 0.002946527358271952, 0.0001653916405804731, 0.9924355958572513, -0.12276628495262484, -0.0002972510670197215, -4.990461870979893e-08, 0.12276628663991462, 0.9924356094299743, 0.015387259838431776, 0.0, 0.0, 0.0, 1.0], "right_foot_pose": [0.9999994865804924, -0.0010037876400465422, 0.00013874121554020117, 0.019917854673483178, 0.0010133305241624246, 0.9905820386682604, -0.13691675510718776, -0.1403485228034636, 7.903543874936035e-10, 0.13691682540216335, 0.9905825472527737, 1.6732522589713028e-09, 0.0, 0.0, 0.0, 1.0]}, {"left_foot_pose": [0.9999999439266134, -0.00033071829921194767, 5.265146963973697e-05, 0.006324430585436948, 0.0003348832079932296, 0.9876041568282445, -0.1569647007094597, -0.00029551510915255125, -8.771142460930206e-08, 0.15696470954001016, 0.9876042122019394, 0.02790318368838631, 0.0, 0.0, 0.0, 1.0], "right_foot_pose": [0.9999994865805137, -0.0010009280740949451, 0.00015805600023211617, 0.019917854534377492, 0.0010133305032025753, 0.9877601568491965, -0.15597706787390947, -0.14034852254259317, 4.0656974250387365e-10, 0.1559771479552095, 0.9877606639848334, 9.324516297981589e-10, 0.0, 0.0, 0.0, 1.0]}, {"left_foot_pose": [0.9999998503782201, -0.00053755665550848, 0.00010137248134285299, 0.010552469222165463, 0.0005470315552778459, 0.982721249728168, -0.18509091303785322, -0.0002933347981518043, -1.2403937575309503e-07, 0.18509094079816724, 0.9827213967521183, 0.037492982459245566, 0.0, 0.0, 0.0, 1.0], "right_foot_pose": [0.999999486580532, -0.0009988446311857075, 0.00017072807227647794, 0.019917854262998233, 0.0010133304850402165, 0.9857041804689997, -0.1684821704729211, -0.14034852217148414, 1.3686094675225648e-10, 0.16848225697485494, 0.9857046865489982, 4.128871619601959e-10, 0.0, 0.0, 0.0, 1.0]}, {"left_foot_pose": [0.9999996902399044, -0.0007717526465119232, 0.00015465428781243092, 0.015336918566653923, 0.0007870959759296756, 0.9805420833641888, -0.1963074202156956, -0.00029087348606125427, -1.4426649178970484e-07, 0.19630748113525764, 0.9805423870747815, 0.040000004792841215, 0.0, 0.0, 0.0, 1.0], "right_foot_pose": [0.9999994865805419, -0.0009978344111617125, 0.000176536513153642, 0.019917854024522678, 0.001013330475498998, 0.9847072810834779, -0.17421407446739784, -0.14034852202298512, 8.532656603133257e-12, 0.17421416391233077, 0.9847077866516176, 2.209634281102879e-10, 0.0, 0.0, 0.0, 1.0]}, {"left_foot_pose": [0.9999994588491157, -0.0010202533126299094, 0.00020343218795256389, 0.020384007234583116, 0.001040337183534537, 0.9807219087396072, -0.19540587354705372, -0.0002882827454582515, -1.4691387450066064e-07, 0.19540597944106156, 0.9807224394285363, 0.04000000515840977, 0.0, 0.0, 0.0, 1.0], "right_foot_pose": [0.9999994865805406, -0.0009979564312204258, 0.00017584543264510054, 0.019917854049410984, 0.0010133304765951405, 0.9848276924205217, -0.17353209905667558, -0.14034852204683115, 2.2622157065090832e-11, 0.17353218815145502, 0.9848281980504865, 2.371518884047852e-10, 0.0, 0.0, 0.0, 1.0]}, {"left_foot_pose": [0.999999165346413, -0.0012693367386795574, 0.00024102016851786868, 0.025399993318965367, 0.0012920164316214575, 0.9824649371318611, -0.18644296178732514, -0.0002857076969545319, -1.3496364567268323e-07, 0.18644311757405616, 0.9824657571179005, 0.04000000503801061, 0.0, 0.0, 0.0, 1.0], "right_foot_pose": [0.99999948658053, -0.00099917044380103, 0.00016881084260290182, 0.019917854095926953, 0.00101333048722812, 0.9860257000308189, -0.1665901919083383, -0.14034852205511042, 1.6673147815076707e-10, 0.16659027743886348, 0.9860262062758993, 4.950129472991449e-10, 0.0, 0.0, 0.0, 1.0]}, {"left_foot_pose": [0.9999988335327257, -0.0015083536874302352, 0.00024042117664482585, 0.03009114543387859, 0.0015273942445610648, 0.9875432359011804, -0.157340472519463, -0.0002833096545309631, -1.0122485636802527e-07, 0.15734065620487214, 0.9875443878150545, 0.03593555814658768, 0.0, 0.0, 0.0, 1.0], "right_foot_pose": [0.999999486580506, -0.001002134274107051, 0.00015021857595171663, 0.019917853944826203, 0.0010133305106927604, 0.98895046630177, -0.14824286951751903, -0.14034852244377236, 5.297007254000426e-10, 0.14824294562780613, 0.9889509740485577, 1.1962965965062189e-09, 0.0, 0.0, 0.0, 1.0]}, {"left_foot_pose": [0.9999985005483455, -0.0017192424976462703, 0.00020762055797710253, 0.03416367892875159, 0.001731733541260601, 0.9927897950298027, -0.11985584668102406, -0.00028122808481090625, -6.230599294420688e-08, 0.11985602650646031, 0.9927912836594002, 0.025341699258948115, 0.0, 0.0, 0.0, 1.0], "right_foot_pose": [0.9999994865804838, -0.0010051625587280443, 0.00012840170888057156, 0.019917853909353456, 0.001013330532605871, 0.9919388459519356, -0.12671345253276806, -0.14034852281940025, 9.752477739676751e-10, 0.1267135175889805, 0.9919393552330843, 2.0874407341553436e-09, 0.0, 0.0, 0.0, 1.0]}, {"left_foot_pose": [0.9999982133884826, -0.0018842975778582416, 0.0001504741897072399, 0.037323860706106604, 0.0018902962315202414, 0.9968260106427027, -0.07958851227603327, -0.0002796048716285117, -2.8145323831221385e-08, 0.07958865452307412, 0.9968277915824815, 0.012797085453533724, 0.0, 0.0, 0.0, 1.0], "right_foot_pose": [0.9999994865804711, -0.0010083815011121505, 0.00010002770656925593, 0.01991785394932474, 0.0010133305452144587, 0.9951154053516887, -0.09871323717187214, -0.14034852296109762, 1.4905098797452068e-09, 0.09871328785169872, 0.9951159162637829, 3.1259858312981947e-09, 0.0, 0.0, 0.0, 1.0]}, {"left_foot_pose": [0.9999980232431722, -0.0019867091970451572, 8.059972367372807e-05, 0.0392779543995814, 0.0019883434685822672, 0.9991762059682683, -0.04053339261780212, -0.00027859280848702324, -5.262201435927978e-09, 0.04053347275307544, 0.9991781811001367, 0.002907642785083986, 0.0, 0.0, 0.0, 1.0], "right_foot_pose": [0.9999994865804789, -0.001011187272036372, 6.587168996625158e-05, 0.019917854056652983, 0.0010133305377139103, 0.9978842897605471, -0.06500705661933785, -0.14034852269991793, 1.983688537158245e-09, 0.06500708999324084, 0.9978848020942152, 4.159536860781632e-09, 0.0, 0.0, 0.0, 1.0]}, {"left_foot_pose": [0.9999979732505269, -0.0020133239097465954, 4.655543440350678e-06, 0.03977592765388093, 0.0020133292924006166, 0.9999952971744868, -0.0023134679749817156, -0.00027832684956369605, 2.238842245839983e-09, 0.002313472659303521, 0.9999973239185471, 4.683918877756987e-09, 0.0, 0.0, 0.0, 1.0], "right_foot_pose": [0.9999994865805119, -0.0010129506057804153, 2.7744959633596488e-05, 0.01991785421643884, 0.001013330505082648, 0.9996245243043653, -0.027382176147241883, -0.14034852216089333, 2.2498402575848283e-09, 0.027382190203512836, 0.9996250375314031, 4.800670409810248e-09, 0.0, 0.0, 0.0, 1.0]}, {"left_foot_pose": [0.9999979732506119, -0.0020119911295399416, -7.339185518003372e-05, 0.039775927527862256, 0.002013329250209853, 0.9993333838750763, 0.03645180898282291, -0.00027832699983773926, 2.2146565935943824e-09, -0.036451882866110265, 0.9993354092773441, 4.556124123811234e-09, 0.0, 0.0, 0.0, 1.0], "right_foot_pose": [0.9999994865805553, -0.0010132649424204477, -1.1523121631601719e-05, 0.019917854100005804, 0.0010133304623200464, 0.9999348532670221, 0.01136936160182495, -0.14034852229052747, 2.1954087398382483e-09, -0.01136936744130395, 0.9999353666532578, 4.803884789961188e-09, 0.0, 0.0, 0.0, 1.0]}, {"left_foot_pose": [0.9999979732506642, -0.0020079129306568087, -0.00014758125780463632, 0.039775927288634105, 0.0020133292241339617, 0.9973078286417816, 0.07330103297533529, -0.0002783271482649941, 1.8518274028537967e-09, -0.07330118154217477, 0.9973098499385846, 3.807814973055823e-09, 0.0, 0.0, 0.0, 1.0], "right_foot_pose": [0.9999994865805858, -0.0010121585629594132, -4.871968537555949e-05, 0.01991785396293491, 0.0010133304319480362, 0.9988431201797766, 0.048076963620468954, -0.14034852231514383, 1.8121451143923935e-09, -0.04807698830596244, 0.998843633005401, 4.1503098457962295e-09, 0.0, 0.0, 0.0, 1.0]}, {"left_foot_pose": [0.9999979732506663, -0.0020021076572122264, -0.00021227220621424336, 0.0397759274608762, 0.002013329223102458, 0.9944244180769862, 0.10543255302650988, -0.0002783266001017805, 1.3434046110040173e-09, -0.10543276671498938, 0.9944264335298131, 2.8152788017488106e-09, 0.0, 0.0, 0.0, 1.0], "right_foot_pose": [0.9999994544408357, -0.0010410656726020872, -8.544177158747475e-05, 0.020544750081882335, 0.001044565953235213, 0.9966499664424628, 0.08177868470577732, -0.14034756325930267, 1.855738746612114e-08, -0.08177872934023216, 0.9966505101726969, 0.0036004822519753246, 0.0, 0.0, 0.0, 1.0]}, {"left_foot_pose": [0.9999979732506374, -0.0019957699788056456, -0.0002653239725942846, 0.03977592751567685, 0.0020133292375405275, 0.9912765434826167, 0.13178300666830414, -0.0002783264568690493, 8.620306290458139e-10, -0.13178327376169083, 0.9912785525555631, 1.887341172235324e-09, 0.0, 0.0, 0.0, 1.0], "right_foot_pose": [0.9999993399689244, -0.0011411795069790622, -0.00013330809603311796, 0.022639505640482865, 0.0011489393862447982, 0.9932502906650408, 0.11598508538643607, -0.1403443855574092, 4.850257456097142e-08, -0.11598516199559757, 0.9932509462350653, 0.013936172512872089, 0.0, 0.0, 0.0, 1.0]}, {"left_foot_pose": [0.9999979732505959, -0.001989974647754355, -0.0003057705066778116, 0.03977592738341687, 0.002013329258084773, 0.9883980360167147, 0.1518725416380469, -0.000278326691636209, 4.607223859580179e-10, -0.15187284944717105, 0.9884000392557654, 1.0927052457310182e-09, 0.0, 0.0, 0.0, 1.0], "right_foot_pose": [0.9999991387460199, -0.00129749586283145, -0.00019751380773979347, 0.025920976639531516, 0.0013124432220262985, 0.9886199644901541, 0.15042886459810492, -0.14033942040611871, 8.526412740290448e-08, -0.150428994266305, 0.9886208159269257, 0.026493534797360135, 0.0, 0.0, 0.0, 1.0]}, {"left_foot_pose": [0.9999979732505581, -0.001985594866117406, -0.0003330282348698211, 0.03977592710847436, 0.0020133292769871016, 0.9862226177610487, 0.16541128958377638, -0.0002783270717589773, 1.7018587794057242e-10, -0.16541162483203284, 0.986224616591184, 5.129003749493322e-10, 0.0, 0.0, 0.0, 1.0], "right_foot_pose": [0.9999988442854278, -0.0014955208164080126, -0.00027357868419707363, 0.03009335591452314, 0.001520338052622439, 0.9836896130811533, 0.17986782282680905, -0.14033311554459946, 1.2043676540681725e-07, -0.17986803088302925, 0.9836907499139386, 0.036666645399117036, 0.0, 0.0, 0.0, 1.0]}, {"left_foot_pose": [0.9999979732505347, -0.001983687040077048, -0.000344210039357269, 0.039775926817025804, 0.002013329288557909, 0.9852750034358647, 0.170965242402172, -0.0002783272686279368, 1.2053426378888336e-11, -0.1709655889066121, 0.9852770003454948, 2.642910196248849e-10, 0.0, 0.0, 0.0, 1.0], "right_foot_pose": [0.9999984549224616, -0.0017251578814759412, -0.0003376136451912349, 0.034860855953271784, 0.0017578830079920918, 0.9813975787232134, 0.19197839025146562, -0.14032590740654335, 1.401809189295709e-07, -0.19197868711525737, 0.9813990950135844, 0.0400000044633881, 0.0, 0.0, 0.0, 1.0]}, {"left_foot_pose": [0.9999979732505359, -0.0019838171614776274, -0.00034345930138686805, 0.039775926848077806, 0.0020133292879912883, 0.9853396341621946, 0.17059235579090581, -0.000278327244908479, 1.934315448447038e-11, -0.17059270153961084, 0.985341631202812, 2.655998684875094e-10, 0.0, 0.0, 0.0, 1.0], "right_foot_pose": [0.9999979792673739, -0.001973113943145889, -0.0003850747145452256, 0.039927642880361346, 0.002010338565431541, 0.9814951456721634, 0.1914764673813231, -0.14031823956348313, 1.4407547266971392e-07, -0.19147685458912775, 0.9814971289599541, 0.04000000492019358, 0.0, 0.0, 0.0, 1.0]}, {"left_foot_pose": [0.9999979732505568, -0.001986134802822168, -0.0003297928512944369, 0.03977592690085507, 0.0020133292775270234, 0.9864907972312478, 0.1638043146051966, -0.0002783272360442953, 1.6270465614607393e-10, -0.1638046465964962, 0.9864927966049214, 5.206084452424875e-10, 0.0, 0.0, 0.0, 1.0], "right_foot_pose": [0.9999974394889809, -0.0022248382963947037, -0.0004136544891458573, 0.044997910071915725, 0.002262966076544072, 0.983159701355058, 0.18273445382841