{"LoopMode": "Wrap", "FrameDuration": 0.0167, "EnableCycleOffsetPosition": true, "EnableCycleOffsetRotation": false, "Debug_info": [{"left_foot_pose": [1.0000000000000007, -1.0658006258607588e-13, 9.142298029729549e-12, -1.722971572819902e-12, 2.7245352964101267e-14, 0.9999620375649145, 0.008713405133775453, 1.0063824773531849e-13, -9.143051227951343e-12, -0.00871340513377572, 0.9999620375649145, 2.138260402073655e-11, 0.0, 0.0, 0.0, 1.0], "right_foot_pose": [0.9999999999999998, 2.0330993004855253e-13, 9.115097565626227e-12, -1.4263834224087668e-12, -7.482640223092434e-14, 0.9999007561195519, -0.014088218891978622, -0.14000000000225418, -9.11728671130482e-12, 0.014088218891978437, 0.9999007561195519, 1.646403846589095e-11, 0.0, 0.0, 0.0, 1.0]}, {"left_foot_pose": [1.0000000000000007, -1.499402566464662e-13, 2.0025481273222574e-11, -3.673529773327129e-12, 3.7084552872631565e-14, 0.9999840273199926, 0.005652000078677357, 1.1308575603719007e-12, -2.0026203881862947e-11, -0.005652000078677626, 0.9999840273199928, 4.535542080796873e-11, 0.0, 0.0, 0.0, 1.0], "right_foot_pose": [1.0, 5.283245331858379e-13, 2.0006163392594086e-11, -3.247816324708134e-12, -1.8508230377158995e-13, 0.9998529161651509, -0.017150686168299432, -0.1400000000040077, -2.0012318406275323e-11, 0.017150686168299248, 0.999852916165151, 3.7861956625473425e-11, 0.0, 0.0, 0.0, 1.0]}, {"left_foot_pose": [1.0000000000000007, -4.706668135872106e-14, 3.472994114517292e-11, -6.285663234849384e-12, -1.8863759756780958e-15, 0.9999989931392242, 0.0014190562140248466, 2.9221538383472634e-12, -3.473023288014902e-11, -0.0014190562140251166, 0.9999989931392244, 7.765300902295991e-11, 0.0, 0.0, 0.0, 1.0], "right_foot_pose": [0.9999999999999998, 1.1288810181796999e-12, 3.475775223193977e-11, -5.758099853849767e-12, -3.852344639053992e-13, 0.9997712852838804, -0.021386377014773306, -0.14000000000594884, -3.477391197974704e-11, 0.021386377014773125, 0.9997712852838803, 6.725757450976033e-11, 0.0, 0.0, 0.0, 1.0]}, {"left_foot_pose": [1.0000000000000007, 3.4820169940840056e-13, 5.300815342224042e-11, -9.516705140848949e-12, -1.3810599902016576e-13, 0.999992170461619, -0.003957147389334504, 5.611146963735436e-12, -5.3009446150024684e-11, 0.003957147389334231, 0.9999921704616193, 1.1803875932248076e-10, 0.0, 0.0, 0.0, 1.0], "right_foot_pose": [0.9999999999999998, 2.144215699482129e-12, 5.314687578916731e-11, -8.930020640928755e-12, -7.20754608237804e-13, 0.9996416673109121, -0.026768208305002084, -0.1400000000078534, -5.3185352172510854e-11, 0.026768208305001904, 0.9996416673109119, 1.0414911294498452e-10, 0.0, 0.0, 0.0, 1.0]}, {"left_foot_pose": [1.0000000000000004, 1.2165690375628237e-12, 7.502354293364987e-11, -1.3395220936837315e-11, -4.3140834726104225e-13, 0.9999452905958043, -0.010460201492967952, 9.423288538368269e-12, -7.50324312217405e-11, 0.010460201492967681, 0.9999452905958042, 1.6724661933142926e-10, 0.0, 0.0, 0.0, 1.0], "right_foot_pose": [1.0, 3.763911817550391e-12, 7.537120927381122e-11, -1.2809910367630228e-11, -1.253332448969464e-12, 0.9994460251932097, -0.03328126688534944, -0.1400000000095028, -7.545486146550575e-11, 0.03328126688534925, 0.9994460251932096, 1.488851611441966e-10, 0.0, 0.0, 0.0, 1.0]}, {"left_foot_pose": [1.0000000000000004, 2.7947918865072237e-12, 1.0135214889572805e-10, -1.802133690178346e-11, -9.598974805892509e-13, 0.9998362474692034, -0.018096360040147717, 1.469768577677666e-11, -1.0138621845707758e-10, 0.018096360040147447, 0.9998362474692035, 2.2704524371697232e-10, 0.0, 0.0, 0.0, 1.0], "right_foot_pose": [0.9999999999999998, 6.250488888810864e-12, 1.0205103428972958e-10, -1.752096298851223e-11, -2.0678831000654814e-12, 0.999161867426511, -0.0409336375218121, -0.14000000001064833, -1.0222137313021996e-10, 0.040933637521811915, 0.999161867426511, 2.0270304185165955e-10, 0.0, 0.0, 0.0, 1.0]}, {"left_foot_pose": [1.0000000000000004, 5.4082014944944365e-12, 1.329401033700605e-10, -2.355992129708229e-11, -1.830207698985773e-12, 0.9996382078885345, -0.026897087749413517, 2.1910187206208853e-11, -1.3303770077378626e-10, 0.02689708774941325, 0.9996382078885347, 3.002550499897616e-10, 0.0, 0.0, 0.0, 1.0], "right_foot_pose": [0.9999999999999998, 9.972302399534746e-12, 1.3419504396594556e-10, -2.325968669779085e-11, -3.2824965987160524e-12, 0.9987612527114377, -0.04975902010972026, -0.1400000000109611, -1.345249992699046e-10, 0.049759020109720074, 0.9987612527114378, 2.6768009336874954e-10, 0.0, 0.0, 0.0, 1.0]}, {"left_foot_pose": [1.0000000000000007, 9.51022470406776e-12, 1.7102480542874317e-10, -3.022870845684527e-11, -3.1896238286676163e-12, 0.9993183223462844, -0.036917348537078294, 3.1687050552897666e-11, -1.7125935974234084e-10, 0.03691734853707801, 0.9993183223462849, 3.9074653235271484e-10, 0.0, 0.0, 0.0, 1.0], "right_foot_pose": [1.0, 1.544323820452453e-11, 1.7312701272587098e-10, -3.0286660722404795e-11, -5.0599217997891375e-12, 0.9982094732408767, -0.059815111235972704, -0.14000000000997112, -1.7374102807725716e-10, 0.059815111235972517, 0.9982094732408765, 3.466308559629816e-10, 0.0, 0.0, 0.0, 1.0]}, {"left_foot_pose": [1.0000000000000007, 1.571562646625051e-11, 2.1691837215342934e-10, -3.8264538337641266e-11, -5.235145906506872e-12, 0.9988362843902548, -0.048229420331067384, 4.477155451931836e-11, -2.174242074550937e-10, 0.0482294203310671, 0.9988362843902552, 5.032066152654835e-10, 0.0, 0.0, 0.0, 1.0], "right_foot_pose": [0.9999999999999998, 2.335279092625362e-11, 2.20277629470189e-10, -3.889270231844507e-11, -7.614703059058583e-12, 0.9974636644415897, -0.07117751132735559, -0.14000000000700474, -2.2138119397472396e-10, 0.07117751132735542, 0.9974636644415896, 4.4275836469376273e-10, 0.0, 0.0, 0.0, 1.0]}, {"left_foot_pose": [1.0000000000000007, 2.477619107278054e-11, 2.7135477198569855e-10, -4.7818537615589096e-11, -8.202228277116916e-12, 0.9981433974375189, -0.06090778400079939, 6.182765063811324e-11, -2.7236030301074803e-10, 0.06090778400079911, 0.9981433974375193, 6.419701367721409e-10, 0.0, 0.0, 0.0, 1.0], "right_foot_pose": [0.9999999999999998, 3.4523805685740806e-11, 2.7652286016532897e-10, -4.928394020061434e-11, -1.1194858111337861e-11, 0.9964721042522005, -0.083924641477887, -0.14000000000116047, -2.784448634313731e-10, 0.08392464147788686, 0.9964721042522003, 5.584510909262264e-10, 0.0, 0.0, 0.0, 1.0]}, {"left_foot_pose": [1.0000000000000004, 3.732449741749845e-11, 3.326104391909717e-10, -5.864537414302252e-11, -1.2275675355275763e-11, 0.9971840789425104, -0.07499275100686713, 8.276873630919113e-11, -3.344731436985448e-10, 0.07499275100686682, 0.9971840789425109, 8.068447576725646e-10, 0.0, 0.0, 0.0, 1.0], "right_foot_pose": [1.0, 4.9589906712819045e-11, 3.4025393613745765e-10, -6.123259531591081e-11, -1.597133801760097e-11, 0.9951764478890003, -0.09810115986588526, -0.13999999999147691, -3.4347769935139153e-10, 0.09810115986588508, 0.9951764478890003, 6.91530915863936e-10, 0.0, 0.0, 0.0, 1.0]}, {"left_foot_pose": [1.0000000000000004, 5.286157075845026e-11, 3.9145658936590073e-10, -6.924584898235082e-11, -1.7256164434225082e-11, 0.9959053255143586, -0.09040233742631124, 1.0484770517071862e-10, -3.9463281129466315e-10, 0.0904023374263109, 0.9959053255143585, 9.802439346340286e-10, 0.0, 0.0, 0.0, 1.0], "right_foot_pose": [1.0, 6.777605084689197e-11, 4.0213044005810125e-10, -7.310645870013189e-11, -2.1643370517844172e-11, 0.9935232610539002, -0.11362891245111889, -0.1399999999777764, -4.0722749242113675e-10, 0.11362891245111867, 0.9935232610539001, 8.24582263581064e-10, 0.0, 0.0, 0.0, 1.0]}, {"left_foot_pose": [1.0000000000000002, 6.669926479093678e-11, 4.1916803361630054e-10, -7.475318626580848e-11, -2.1585154594069946e-11, 0.9942893050840792, -0.10671821679272894, 1.1813524984638502e-10, -4.238924650579722e-10, 0.10671821679272865, 0.9942893050840789, 1.0925186935684117e-09, 0.0, 0.0, 0.0, 1.0], "right_foot_pose": [0.9999999999999999, 8.328390989099312e-11, 4.324854363524362e-10, -7.949413063831315e-11, -2.631410548255194e-11, 0.9915021881240561, -0.13009001093554073, -0.1399999999633742, -4.396447839457381e-10, 0.13009001093554054, 0.9915021881240561, 8.980818172465987e-10, 0.0, 0.0, 0.0, 1.0]}, {"left_foot_pose": [1.0000000000000004, 6.352026600611513e-11, 3.4792163594587914e-10, -6.320405193005343e-11, -2.0362401092743033e-11, 0.9924481271661694, -0.12266505160135767, 9.88841057647516e-11, -3.5308600045362366e-10, 0.12266505160135738, 0.9924481271661696, 9.541493983800109e-10, 0.0, 0.0, 0.0, 1.0], "right_foot_pose": [0.9999999999999998, 7.779747459839094e-11, 3.6047553830798015e-10, -6.715262299276137e-11, -2.4260640331232123e-11, 0.9892553092322168, -0.14619826659667015, -0.1399999999608077, -3.679761724997766e-10, 0.14619826659667, 0.9892553092322168, 7.624326031629991e-10, 0.0, 0.0, 0.0, 1.0]}, {"left_foot_pose": [1.0000000000000004, 1.3193703520732187e-10, 6.512940742275905e-10, -2.454085335169169e-09, -3.911042521051787e-11, 0.9900784017494498, -0.14051604317392277, -1.3456924095878176e-08, -6.63371508120138e-10, 0.14051604317392255, 0.99007840174945, 0.005517079690654361, 0.0, 0.0, 0.0, 1.0], "right_foot_pose": [1.0, 5.615876748501922e-11, 2.382297692449239e-10, 3.8435511333641754e-11, -1.7328931449178136e-11, 0.9871238727745607, -0.15995768127399507, -0.14000000029357057, -2.4414542129393216e-10, 0.15995768127399493, 0.9871238727745607, 4.969967493106964e-10, 0.0, 0.0, 0.0, 1.0]}, {"left_foot_pose": [1.0000000000000002, 1.974245194660066e-10, 8.351996871880339e-10, -3.936377476125111e-09, -5.899574876036316e-11, 0.9866925232338294, -0.16259724657711952, -1.9594732964672845e-08, -8.561862736842018e-10, 0.16259724657711933, 0.9866925232338288, 0.01816899579924163, 0.0, 0.0, 0.0, 1.0], "right_foot_pose": [0.9999999999999999, 2.7049124093182915e-11, 1.0762124524887881e-10, 1.098080308259332e-10, -8.337201486625702e-12, 0.9854094276696136, -0.17020064588550998, -0.14000000033287316, -1.106549325870839e-10, 0.17020064588550982, 0.9854094276696134, 4.520538318675271e-10, 0.0, 0.0, 0.0, 1.0]}, {"left_foot_pose": [1.0000000000000007, 1.490562271080373e-10, 5.575455097606125e-10, -2.6443841656201218e-09, -4.380522530381537e-11, 0.9828887083541301, -0.1842003989950916, -1.1958085861796253e-08, -5.75461614134475e-10, 0.18420039899509125, 0.9828887083541301, 0.03163852521679245, 0.0, 0.0, 0.0, 1.0], "right_foot_pose": [0.9999999999999998, 4.9463742250239814e-12, 1.865030352377059e-11, 9.392241833053963e-11, -1.5862625909636607e-12, 0.9843864298255941, -0.17602089868882373, -0.14000000014130934, -1.922995071088501e-11, 0.17602089868882356, 0.9843864298255939, 2.3667197368570925e-10, 0.0, 0.0, 0.0, 1.0]}, {"left_foot_pose": [1.0000000000000002, 5.329486275759466e-13, 4.4473869031946744e-12, 5.202771085069756e-11, 3.475320066883898e-13, 0.9806899550136962, -0.19556894471064618, -4.5853995253586355e-10, -4.466082925144837e-12, 0.1955689447106459, 0.980689955013696, 0.039607547484085515, 0.0, 0.0, 0.0, 1.0], "right_foot_pose": [0.9999999999999998, 1.7968246790258728e-12, 6.6721073110897936e-12, 2.4997185960783156e-11, -5.892722103693513e-13, 0.9842572907674262, -0.1767415785014, -0.13999999998316878, -6.884818521853476e-12, 0.17674157850139982, 0.9842572907674259, 2.7976648775407398e-11, 0.0, 0.0, 0.0, 1.0]}, {"left_foot_pose": [1.0000000000000007, 3.586725232977887e-11, 1.2970718943350272e-10, 3.874753120702585e-11, -1.0527078870474132e-11, 0.9817244264886703, -0.1903080409112874, 5.917510925712577e-11, -1.3416266678460057e-10, 0.19030804091128717, 0.9817244264886709, 0.04000000023485441, 0.0, 0.0, 0.0, 1.0], "right_foot_pose": [0.9999999999999999, 2.0877830894250298e-11, 8.202283297009661e-11, -4.2489499211865087e-13, -6.451914939587736e-12, 0.9850831581178526, -0.17207896905943457, -0.13999999998137408, -8.439203288753222e-11, 0.1720789690594344, 0.9850831581178527, 1.6728812085586853e-10, 0.0, 0.0, 0.0, 1.0]}, {"left_foot_pose": [1.0000000000000007, 9.822138165883611e-11, 3.760035616195962e-10, 6.012179284798243e-11, -2.962630630125022e-11, 0.9839856554859594, -0.17824766421433982, 1.5986330662021153e-10, -3.874899798484123e-10, 0.17824766421433952, 0.9839856554859593, 0.040000000663765654, 0.0, 0.0, 0.0, 1.0], "right_foot_pose": [0.9999999999999998, 5.687078305299199e-11, 2.3661939074770513e-10, -1.8211716956702113e-11, -1.768110817428717e-11, 0.9867198570240091, -0.16243128933342676, -0.1399999999544932, -2.427147629583197e-10, 0.16243128933342657, 0.9867198570240088, 4.804215289477831e-10, 0.0, 0.0, 0.0, 1.0]}, {"left_foot_pose": [1.0000000000000002, 3.3620242126521014e-10, 1.4482860466458136e-09, -2.304713016751528e-09, -1.0505244775621827e-10, 0.9876409831847931, -0.1567331756003695, -8.489210837764327e-09, -1.4830810350934476e-09, 0.1567331756003692, 0.9876409831847934, 0.03757000667382031, 0.0, 0.0, 0.0, 1.0], "right_foot_pose": [0.9999999999999998, 1.094547431756352e-10, 5.012789072722506e-10, -1.0988417065438812e-10, -3.4313781168358404e-11, 0.9890605912397316, -0.14750981952572872, -0.14000000026474294, -5.1194099931993e-10, 0.1475098195257285, 0.9890605912397313, 1.0246141018965815e-09, 0.0, 0.0, 0.0, 1.0]}, {"left_foot_pose": [1.0000000000000002, 4.0592034191771025e-10, 2.2402507071639307e-09, -4.875961646532409e-09, -1.304342340693765e-10, 0.9925760295270464, -0.1216257604635012, -2.1841425175417317e-08, -2.2729898023412036e-09, 0.1216257604635009, 0.9925760295270466, 0.026715186631370284, 0.0, 0.0, 0.0, 1.0], "right_foot_pose": [0.9999999999999998, 1.5974446498959688e-10, 8.490586567155836e-10, -1.907416545832518e-10, -5.0721363342598395e-11, 0.991917569645352, -0.12688394314828919, -0.14000000076073277, -8.624653726356351e-10, 0.12688394314828905, 0.991917569645352, 1.940905720865249e-09, 0.0, 0.0, 0.0, 1.0]}, {"left_foot_pose": [1.0000000000000007, 2.6320231277083273e-10, 2.088854700321714e-09, -4.0881618052644705e-09, -8.714622572991781e-11, 0.9964792499508686, -0.08383975439703868, -2.1736891685913973e-08, -2.1035673152727373e-09, 0.08383975439703836, 0.9964792499508687, 0.012812779472938372, 0.0, 0.0, 0.0, 1.0], "right_foot_pose": [0.9999999999999999, 1.841883969527285e-10, 1.226514834140601e-09, -2.5588885658223945e-10, -5.934211173848919e-11, 0.9948842741148293, -0.10102119143530805, -0.14000000094231307, -1.2388471706467402e-09, 0.10102119143530786, 0.9948842741148297, 2.8000039509201713e-09, 0.0, 0.0, 0.0, 1.0]}, {"left_foot_pose": [1.0000000000000002, 1.290131457599173e-10, 1.761544132783397e-09, -1.8629277534917635e-09, -4.364578797078136e-11, 0.99882920931321, -0.048375723485528585, -9.332612448467725e-09, -1.7657230839890225e-09, 0.04837572348552832, 0.9988292093132101, 0.0021809028146195855, 0.0, 0.0, 0.0, 1.0], "right_foot_pose": [0.9999999999999998, 1.640923507788907e-10, 1.5556850807563186e-09, -3.2549659194230375e-10, -5.3613146413682094e-11, 0.9974939328244868, -0.07075205988759807, -0.14000000057945186, -1.563396419442655e-09, 0.07075205988759789, 0.9974939328244868, 3.306122133006628e-09, 0.0, 0.0, 0.0, 1.0]}, {"left_foot_pose": [1.0000000000000004, 3.715192317423032e-11, 1.6677255132435671e-09, -1.4786548122001934e-10, -1.2093804297196776e-11, 0.9998871542175634, -0.015022610648740182, 3.381974006400057e-10, -1.6680957335385489e-09, 0.015022610648739911, 0.9998871542175635, 3.5836521874998972e-09, 0.0, 0.0, 0.0, 1.0], "right_foot_pose": [0.9999999999999999, 9.522811047854518e-11, 1.6800900670688173e-09, -3.266918213011209e-10, -3.1548190400372095e-11, 0.9992829768822294, -0.03786201412219706, -0.1400000000978827, -1.6824910970296411e-09, 0.037862014122196884, 0.9992829768822296, 3.474173358719579e-09, 0.0, 0.0, 0.0, 1.0]}, {"left_foot_pose": [1.0000000000000007, -4.074248478168688e-11, 1.526101411908344e-09, -1.5976142672232705e-10, 1.3540263144101691e-11, 0.9998412000953684, 0.01782062265619435, 2.1704174742176452e-10, -1.5265853696551137e-09, -0.01782062265619461, 0.9998412000953685, 3.2404049582490657e-09, 0.0, 0.0, 0.0, 1.0], "right_foot_pose": [1.0, 1.1706843589242915e-11, 1.523740467135326e-09, -3.453574088176435e-10, -4.0972938408284516e-12, 0.9999875305630629, -0.004993868078725302, -0.14000000018242933, -1.5237799961343417e-09, 0.004993868078725123, 0.9999875305630627, 3.263165945788238e-09, 0.0, 0.0, 0.0, 1.0]}, {"left_foot_pose": [1.0000000000000002, -8.090005406069352e-11, 1.1322500159671752e-09, -1.660039563403269e-10, 2.6815902870147725e-11, 0.9988623768659641, 0.04768597363667862, 3.810838641177261e-10, -1.134819992613959e-09, -0.04768597363667888, 0.9988623768659641, 2.4960539815599425e-09, 0.0, 0.0, 0.0, 1.0], "right_foot_pose": [0.9999999776048745, -0.00021156854681419652, -5.385182928529072e-06, 8.381674109958838e-05, 0.00021163704464758493, 0.999688972843728, 0.02493817925216816, -0.14001057824073737, 1.0737364577798776e-07, -0.024938179833378885, 0.9996889952313102, 0.0005096367864136642, 0.0, 0.0, 0.0, 1.0]}, {"left_foot_pose": [1.0000000000000002, -7.360939446304063e-11, 6.567785204580915e-10, -1.5344753592329724e-10, 2.5743487205335383e-11, 0.9973622523390514, 0.0725846926643286, 8.660690480749578e-10, -6.603891914005834e-10, -0.07258469266432888, 0.9973622523390516, 1.889625324269506e-09, 0.0, 0.0, 0.0, 1.0], "right_foot_pose": [0.9999916541558653, -0.004079692181817062, -0.00021847269269734568, 0.0016180298979670575, 0.004085537627477495, 0.9985733342350376, 0.053241004282546044, -0.14020426154944032, 9.54096262679017e-07, -0.053241452519829514, 0.9985816680335508, 0.008780415220781913, 0.0, 0.0, 0.0, 1.0]}, {"left_foot_pose": [1.0000000000000004, -3.830807389164155e-11, 2.2635493479583682e-10, -1.4172932376424288e-10, 1.735603385287531e-11, 0.9957729720275471, 0.09184872443004585, 8.009331513986195e-10, -2.2891685951100796e-10, -0.09184872443004613, 0.9957729720275474, 1.2053718578819428e-09, 0.0, 0.0, 0.0, 1.0], "right_foot_pose": [0.9999273325916098, -0.012014258473973603, -0.0009935439337851173, 0.004774443136662101, 0.01205526983264328, 0.996541616041208, 0.08221604446359426, -0.14060275613119272, 2.3430684887320483e-06, -0.08222204747692755, 0.9966140350723603, 0.022328666748027456, 0.0, 0.0, 0.0, 1.0]}, {"left_foot_pose": [1.0000000000000002, -2.692501925412217e-13, -9.937789480218842e-11, -1.4102006485803143e-10, 1.0711873998645256e-11, 0.9944625318627165, 0.1050917347901161, 4.490995613587456e-10, 9.879908466280053e-11, -0.10509173479011637, 0.9944625318627166, 4.914431084301896e-10, 0.0, 0.0, 0.0, 1.0], "right_foot_pose": [0.9997331915237863, -0.022958189599650312, -0.0025430878810977346, 0.009148706289199239, 0.02309860926435902, 0.9936745410308707, 0.10989704617113442, -0.1411550143251983, 3.96446061245899e-06, -0.10992646650099568, 0.9939397224917056, 0.034836263664381736, 0.0, 0.0, 0.0, 1.0]}, {"left_foot_pose": [1.0000000000000004, 1.792724176931398e-11, -2.774158680551868e-10, -1.1504419343956788e-10, 1.3241908001550161e-11, 0.993714070455056, 0.11194796192716125, 1.8964919912267675e-10, 2.7767876050559825e-10, -0.11194796192716149, 0.9937140704550559, 1.4131443931697518e-10, 0.0, 0.0, 0.0, 1.0], "right_foot_pose": [0.9993448586374757, -0.03589098735555489, -0.004657310542179027, 0.01433646822193788, 0.036191898093229494, 0.9910545344314418, 0.12845643734467815, -0.14180997667283246, 5.220362604285099e-06, -0.12854083712782244, 0.9917042165702566, 0.04000000263336984, 0.0, 0.0, 0.0, 1.0]}, {"left_foot_pose": [1.0000000000000002, 5.64511389316225e-12, -2.856549996543835e-10, 1.5284407664503556e-10, 2.6516222451866098e-11, 0.9936560724667923, 0.1124615918874945, 2.468368860003567e-10, 2.8447742810930103e-10, -0.11246159188749476, 0.9936560724667927, 1.556112946832222e-10, 0.0, 0.0, 0.0, 1.0], "right_foot_pose": [0.9987336158606464, -0.04984179546722275, -0.006852734820651261, 0.01993333419342082, 0.05031067994971639, 0.9894411578103494, 0.13592288517358664, -0.14251658085650698, 5.737232975767226e-06, -0.1360955203359699, 0.9906957198411458, 0.0400000023168973, 0.0, 0.0, 0.0, 1.0]}, {"left_foot_pose": [1.0000000000000004, -3.316419607538455e-11, -1.3605738757860246e-10, 3.897594811162746e-10, 4.751470413688843e-11, 0.9942732675236794, 0.10686753243051382, 3.009123427863414e-10, 1.3173383294452296e-10, -0.10686753243051408, 0.9942732675236794, 4.3855675341264444e-10, 0.0, 0.0, 0.0, 1.0], "right_foot_pose": [0.9979221413332131, -0.06382609775291193, -0.008810736777925715, 0.025534957198174918, 0.06443135731941413, 0.9885595866459173, 0.13637647834003855, -0.14322378611835299, 5.559869503075019e-06, -0.13666079502215986, 0.9906179016517919, 0.04000000178360478, 0.0, 0.0, 0.0, 1.0]}, {"left_foot_pose": [1.0000000000000004, -8.86879402558632e-11, 1.8418411240617337e-10, 2.7761270473280075e-10, 7.081360396495975e-11, 0.9954891244014673, 0.09487572502173952, 6.771586087001014e-10, -1.9176782815213983e-10, -0.0948757250217398, 0.9954891244014671, 1.2299984850083767e-09, 0.0, 0.0, 0.0, 1.0], "right_foot_pose": [0.9969897737862448, -0.07692818588444048, -0.009666704825378968, 0.030736973463581316, 0.07753316029500636, 0.9892177247157282, 0.12424533054769657, -0.1438805330169138, 4.507869212927641e-06, -0.12462081417149605, 0.9922044409570604, 0.03506671294417221, 0.0, 0.0, 0.0, 1.0]}, {"left_foot_pose": [1.0000000000000004, -1.2786469697201408e-10, 6.152845455353909e-10, 8.782524048079913e-11, 8.046242298387856e-11, 0.997074657141223, 0.07643381507365207, 1.0510227011623074e-09, -6.232581538693613e-10, -0.07643381507365235, 0.9970746571412229, 2.3610241955962508e-09, 0.0, 0.0, 0.0, 1.0], "right_foot_pose": [0.9960673125674995, -0.08815772683615647, -0.008838780099153148, 0.03513501117146795, 0.08859971120938752, 0.991101595676127, 0.0993363892128563, -0.14443577949635528, 2.858794983786571e-06, -0.09972884360763731, 0.9950146520250397, 0.022659682112331138, 0.0, 0.0, 0.0, 1.0]}, {"left_foot_pose": [1.0000000000000004, -1.2953295686727666e-10, 1.0292731666972113e-09, -1.853791328677219e-10, 6.57486080334602e-11, 0.9980928511693047, 0.06173054709565562, 1.040629778528701e-09, -1.0353067909362458e-09, -0.06173054709565589, 0.9980928511693048, 3.3013714470508937e-09, 0.0, 0.0, 0.0, 1.0], "right_foot_pose": [0.995321433172213, -0.09630790217823139, -0.007748073698670548, 0.03832473198904183, 0.09661906988729288, 0.992117148764881, 0.07980174472251524, -0.14483848393487256, 1.458161956813328e-06, -0.0801769986010409, 0.9967806423146478, 0.009063335645682374, 0.0, 0.0, 0.0, 1.0]}, {"left_foot_pose": [1.0000000000000004, -6.174676057299408e-11, 1.4333649267506149e-09, -5.242901832378657e-10, 1.4523576193262238e-11, 0.9994579053002371, 0.03292256874642904, 4.697513853596513e-10, -1.434621084487463e-09, -0.03292256874642931, 0.9994579053002369, 4.379773717311242e-09, 0.0, 0.0, 0.0, 1.0], "right_foot_pose": [0.9949288092173381, -0.10046170115243859, -0.004910314748317691, 0.03990177680329302, 0.10058163147074328, 0.9937425996998557, 0.048569341692636506, -0.1450375957863203, 2.3025304147289067e-07, -0.04881692476314569, 0.9988077431901579, 0.0005957973307583048, 0.0, 0.0, 0.0, 1.0]}, {"left_foot_pose": [1.0000000000000007, 2.713622764410303e-10, -2.485681105390875e-10, -3.65519352938646e-09, -2.7099980342266217e-10, 0.9999989403326119, 0.0014557931357584459, -1.8626448421849018e-09, 2.489627802780412e-10, -0.0014557931357587163, 0.9999989403326118, 5.872666269945981e-09, 0.0, 0.0, 0.0, 1.0], "right_foot_pose": [0.9949038343697781, -0.10081582611625464, -0.00159045930779321, 0.039999997388746454, 0.10082837079072855, 0.9947800523099688, 0.015693539112111417, -0.1450500017241296, 8.312812265746639e-11, -0.015773925658285663, 0.99987558389498, 4.2768637104062535e-09, 0.0, 0.0, 0.0, 1.0]}, {"left_foot_pose": [1.0000000000000007, 1.6442689929621795e-10, 3.851139407373665e-10, -2.8940171292669618e-09, -1.5300397414162596e-10, 0.999565524170539, -0.02947478396318708, -1.2686713554699303e-09, -3.8979318076275907e-10, 0.029474783963186812, 0.9995655241705393, 5.681483387920405e-09, 0.0, 0.0, 0.0, 1.0], "right_foot_pose": [0.9949038343671672, -0.10081372120021242, 0.0017187144247579169, 0.03999999816722186, 0.10082837081649208, 0.9947592822915983, -0.016959066401093535, -0.1450500013393888, -5.356606212997467e-10, 0.01704593536508232, 0.9998547074888079, 3.914078748612493e-09, 0.0, 0.0, 0.0, 1.0]}, {"left_foot_pose": [0.9999985016043181, -0.0017280697801887524, 0.00010278109921316563, 0.0005585109961056539, 0.0017311233583861226, 0.9982691659534023, -0.05878499399181429, 2.8220292774260372e-05, -1.0186305415504188e-06, 0.05878508383539446, 0.9982706616531557, 0.002021439004478452, 0.0, 0.0, 0.0, 1.0], "right_foot_pose": [0.9949038343797908, -0.10071634647213441, 0.004751619691718835, 0.04000000094399026, 0.10082837069193254, 0.9937984582902217, -0.04688564773562453, -0.14505000040331625, -1.1821000525838387e-09, 0.047125808781216555, 0.9988889618704954, 3.9488434466772304e-09, 0.0, 0.0, 0.0, 1.0]}, {"left_foot_pose": [0.9999267905582367, -0.01205036243417963, 0.0010964894479110266, 0.0039039216740664314, 0.012100144999633404, 0.9958416786058082, -0.09029361905779898, 0.00019729654148761475, -3.859057241081597e-06, 0.09030027639366295, 0.9959145847251845, 0.012500287665517536, 0.0, 0.0, 0.0, 1.0], "right_foot_pose": [0.9949038343822099, -0.10056428281090085, 0.007292828964498337, 0.040000001707679506, 0.1008283706680629, 0.9922980006037901, -0.0719605285288014, -0.14505000026051407, -6.580249590402563e-10, 0.07232912981952593, 0.9973808184337366, 3.396294759316909e-09, 0.0, 0.0, 0.0, 1.0]}, {"left_foot_pose": [0.9995481899894404, -0.029825066208006384, 0.0037257636160125864, 0.009698557048948767, 0.030056876580339238, 0.9918709151945925, -0.12364736859827026, 0.0004901776265804521, -7.685612724002888e-06, 0.12370348829653188, 0.9923192263199392, 0.026398327919046907, 0.0, 0.0, 0.0, 1.0], "right_foot_pose": [0.9949038343819521, -0.10040377875361989, 0.009243459530012639, 0.04000000163553662, 0.10082837067060459, 0.990714258437341, -0.09120799195718185, -0.14504999976351202, -1.0864133612390496e-10, 0.09167518388824916, 0.9957889639170822, 2.3940454271786926e-09, 0.0, 0.0, 0.0, 1.0]}, {"left_foot_pose": [0.9985653662613401, -0.052919845582206256, 0.008166960689987898, 0.01728363399865135, 0.05354632733573274, 0.9869150493797151, -0.15209035517313435, 0.000873563936306266, -1.149830233646478e-05, 0.1523094719687221, 0.9883328511267846, 0.03739744419637553, 0.0, 0.0, 0.0, 1.0], "right_foot_pose": [0.9949038343805843, -0.1002738267847582, 0.010560302872120425, 0.04000000086436248, 0.10082837068410169, 0.9894319827144322, -0.10420168543251851, -0.14504999925646744, 3.469130011507128e-10, 0.10473543451825852, 0.9945001200383393, 1.4734065148513942e-09, 0.0, 0.0, 0.0, 1.0]}, {"left_foot_pose": [0.9967543937084223, -0.0794120591382227, 0.013206191214119633, 0.026000364657425466, 0.08050266106665935, 0.9832785856204024, -0.16334792506037057, 0.0013141411664915857, -1.3569933452278831e-05, 0.1638808955423699, 0.9864801325379488, 0.04000002064316, 0.0, 0.0, 0.0, 1.0], "right_foot_pose": [0.9949038343797111, -0.10020215861213054, 0.011219970856372724, 0.03999999999147174, 0.10082837069271934, 0.9887248109016115, -0.110710830414303, -0.1450499991370796, 6.259657370311247e-10, 0.11127792106721966, 0.9937893259051226, 1.1953507281226017e-09, 0.0, 0.0, 0.0, 1.0]}, {"left_foot_pose": [0.9940574271999302, -0.10742499710707384, 0.017598335864556443, 0.035189869570910796, 0.10885693016117648, 0.9810014904154242, -0.1605809595145148, 0.0017786063792014552, -1.3584600663525538e-05, 0.16154239629045533, 0.9868657730493026, 0.04000002121579646, 0.0, 0.0, 0.0, 1.0], "right_foot_pose": [0.9949038343802618, -0.10019875932246011, 0.011250287360444958, 0.03999999962108989, 0.10082837068728664, 0.988691269072657, -0.11100997308371294, -0.14504999919851658, 6.875772337497754e-10, 0.11157859601975284, 0.9937556122660445, 1.216553476013349e-09, 0.0, 0.0, 0.0, 1.0]}, {"left_foot_pose": [0.9906329661073623, -0.13516754643487328, 0.019392288470091047, 0.04419336388682634, 0.13655155193043186, 0.9806041989913719, -0.14060255540309952, 0.002233667662259846, -1.125706551310679e-05, 0.1419335735873204, 0.9898761844604669, 0.03967752103185921, 0.0, 0.0, 0.0, 1.0], "right_foot_pose": [0.9949038343811156, -0.10031710389364565, 0.010140956569535516, 0.039999999230771334, 0.10082837067886054, 0.9898590112408161, -0.10006386726286662, -0.14504999972554622, 1.252522693766166e-10, 0.10057642135086019, 0.9949293359170058, 1.5369238659523887e-09, 0.0, 0.0, 0.0, 1.0]}, {"left_foot_pose": [0.9868635239275383, -0.16057690445924935, 0.017760712136821673, 0.052352009830849554, 0.1615561360166684, 0.980887022065238, -0.10844475487248971, 0.002646013335064066, -7.528995378437426e-06, 0.10988952497065216, 0.9939438073880432, 0.031913996850477626, 0.0, 0.0, 0.0, 1.0], "right_foot_pose": [0.9949038343840301, -0.10045031404736085, 0.008723229662289531, 0.03999999868530884, 0.10082837065010258, 0.9911734364509514, -0.08607472652328119, -0.14505000025382875, -2.105183395193141e-10, 0.08651562449522437, 0.9962504939613338, 2.5682843629581953e-09, 0.0, 0.0, 0.0, 1.0]}, {"left_foot_pose": [0.983321366768474, -0.18141421469446342, 0.012960415246905029, 0.0590069804312459, 0.18187657804946902, 0.9808230292394997, -0.07005066502516713, 0.002982365427076068, -3.6873583057582206e-06, 0.07123951165079481, 0.99745923824794, 0.018501302965958595, 0.0, 0.0, 0.0, 1.0], "right_foot_pose": [0.9949038343857466, -0.10060687056301602, 0.006679664666386804, 0.03999999851110533, 0.10082837063316472, 0.9927182270561486, -0.06591025220675667, -0.14505000062996273, -6.524042943258178e-10, 0.06624786235052135, 0.9978031973961532, 3.714487065153982e-09, 0.0, 0.0, 0.0, 1.0]}, {"left_foot_pose": [0.980693546246716, -0.19542971041126764, 0.006884521668836636, 0.06349950170297448, 0.19555093543369811, 0.9800857834171329, -0.03452084579832216, 0.003209437014514231, -1.0229157360410683e-06, 0.03520064533774686, 0.9993802652477989, 0.005757563057901864, 0.0, 0.0, 0.0, 1.0], "right_foot_pose": [0.9949038343846819, -0.10074558626316775, 0.004084993898194233, 0.03999999866960854, 0.10082837064367184, 0.9940869764759863, -0.040307851272111776, -0.14505000065717505, -1.125761407873905e-09, 0.040514319065275584, 0.9991789579202903, 4.751522481027948e-09, 0.0, 0.0, 0.0, 1.0]}, {"left_foot_pose": [0.9796674293000733, -0.20062680595278634, 0.0007827526872355516, 0.06517075749638535, 0.20062833291583335, 0.9796599732039324, -0.003822163456093015, 0.003293923955105112, -3.0305774166700974e-09, 0.0039014914141205174, 0.9999923891534106, 9.306606938222495e-07, 0.0, 0.0, 0.0, 1.0], "right_foot_pose": [0.9949038343795603, -0.1008228176707743, 0.0010581936374448825, 0.039999999224268244, 0.10082837069420758, 0.9948490411831273, -0.010441499900088958, -0.14505000023348164, -1.484962102728139e-09, 0.010494984227614659, 0.9999449261364657, 5.6097272035926515e-09, 0.0, 0.0, 0.0, 1.0]}, {"left_foot_pose": [0.9796672793168443, -0.20056114049672122, -0.00522022591342135, 0.06517100305658595, 0.2006290652820096, 0.979335604130218, 0.02549024611432754, 0.0032939339362039015, 2.663849872090985e-10, -0.026019289105510927, 0.9996614409861191, 8.093339443071557e-09, 0.0, 0.0, 0.0, 1.0], "right_foot_pose": [0.994903834346292, -0.10080518125501194, -0.002162367958834305, 0.04000000327484204, 0.10082837102247168, 0.994675013954519, 0.021336733853444367, -0.14505000151755512, 5.614192979193173e-11, -0.021446026362058775, 0.9997700075283703, 4.8541699340654e-09, 0.0, 0.0, 0.0, 1.0]}, {"left_foot_pose": [0.9796672793098967, -0.2003270699952834, -0.011003948230097968, 0.06517099944207709, 0.2006290653159357, 0.9781926425587179, 0.05373204066893152, 0.003293935898311417, -1.0742958674038247e-09, -0.054847233942090574, 0.9984947575870907, 5.7411884829550175e-09, 0.0, 0.0, 0.0, 1.0], "right_foot_pose": [0.9949038343697783, -0.10069012591543199, -0.005278153033672687, 0.04000000000244451, 0.10082837079072744, 0.9935397299871602, 0.05208113459524489, -0.14505000058862916, -1.2603077209661614e-09, -0.0523479080783072, 0.9986289083137064, 5.596915597649854e-09, 0.0, 0.0, 0.0, 1.0]}, {"left_foot_pose": [0.9796672792999492, -0.19999054142851527, -0.015993911596779865, 0.06517099854816012, 0.20062906536450897, 0.9765493808013627, 0.07809791922605751, 0.003293937454411004, -6.840327387507021e-10, -0.07971881958236372, 0.9968173904002656, 4.6513767559819286e-09, 0.0, 0.0, 0.0, 1.0], "right_foot_pose": [0.9945059338442401, -0.104344649638663, -0.008375060619515502, 0.041791600311305445, 0.10468021563063208, 0.9913194672606056, 0.07954725819079743, -0.1447764650750111, 2.029845978215093e-06, -0.07998692344335856, 0.9967959129500612, 0.004375580114537363, 0.0, 0.0, 0.0, 1.0]}, {"left_foot_pose": [0.9796672792997856, -0.1996289047057818, -0.020008055260988974, 0.06517099839370614, 0.20062906536530792, 0.9747835168744802, 0.09769889129598325, 0.0032939377504410698, -1.872609262536963e-10, -0.09972660445333126, 0.9950148764537191, 3.3721756845239703e-09, 0.0, 0.0, 0.0, 1.0], "right_foot_pose": [0.993082935735016, -0.1167541251485547, -0.012440137166355373, 0.047720228820999556, 0.11741500212909453, 0.9874979944937476, 0.1051733243073117, -0.1438713329141593, 5.191034537539095e-06, -0.10590649239599004, 0.9943760932571897, 0.016515933332676487, 0.0, 0.0, 0.0, 1.0]}, {"left_foot_pose": [0.9796672793018761, -0.19931077238408215, -0.022961661022692703, 0.06517099820433449, 0.20062906535509895, 0.9732300840902068, 0.11212128056934365, 0.0032939373830902104, 2.5699761204152264e-10, -0.11444832647719483, 0.99342920259401, 1.91588289677469e-09, 0.0, 0.0, 0.0, 1.0], "right_foot_pose": [0.9905629085515979, -0.13590067966942362, -0.017780030010857963, 0.05688332056987963, 0.13705883454610218, 0.9822007706664146, 0.12843878687983987, -0.14247240590299873, 8.640746250142791e-06, -0.12966360849401612, 0.991558040942459, 0.030217207022030658, 0.0, 0.0, 0.0, 1.0]}, {"left_foot_pose": [0.9796672793035185, -0.19909385315226288, -0.024772151683447992, 0.06517099796944999, 0.20062906534707953, 0.9721708725316149, 0.12096186481315917, 0.003293936837574997, 5.664477650806891e-10, -0.12347239463987414, 0.9923480073854617, 8.230412046339453e-10, 0.0, 0.0, 0.0, 1.0], "right_foot_pose": [0.9868670189266476, -0.15979120306802985, -0.023669777711314056, 0.06833613331075698, 0.16153478518125658, 0.9762253135806506, 0.14453598271989362, -0.1407239143664177, 1.1457603180182878e-05, -0.14646128685230025, 0.9892164026755175, 0.039161283941131116, 0.0, 0.0, 0.0, 1.0]}, {"left_foot_pose": [0.9796672793071913, -0.19908955323424, -0.024806685547182857, 0.06517099810200826, 0.20062906532914462, 0.9721498760508053, 0.12113049425953198, 0.0032939366020637807, 2.9475187535075727e-10, -0.12364452388761656, 0.992326575131698, 6.893415213649057e-10, 0.0, 0.0, 0.0, 1.0], "right_foot_pose": [0.9820218951825394, -0.18669566798114334, -0.027887720221783884, 0.08113389115748136, 0.18876704487021817, 0.9712556594758937, 0.14501533266179725, -0.1387700830564648, 1.2371696485830122e-05, -0.14767251434549822, 0.9890363129601561, 0.04000001726899922, 0.0, 0.0, 0.0, 1.0]}, {"left_foot_pose": [0.9796672793032797, -0.19918609310592442, -0.02401920431047783, 0.0651709983491686, 0.20062906534824557, 0.9726212779412591, 0.1172852413281497, 0.0032939366614773875, 1.9244924823172524e-10, -0.11971946378559688, 0.9928077608434024, 7.897473994211701e-10, 0.0, 0.0, 0.0, 1.0], "right_foot_pose": [0.9762384191516273, -0.2143600103649866, -0.0317542899252049, 0.09433177953664125, 0.21669921278899165, 0.9657084710574352, 0.14299860175729684, -0.1367551637575272, 1.2205018311301981e-05, -0.14648185854990212, 0.9892133566459783, 0.040000017138816936, 0.0, 0.0, 0.0, 1.0]}, {"left_foot_pose": [0.9796672792983794, -0.1994183581073001, -0.022007733229495393, 0.06517099823581915, 0.20062906537217412, 0.9737554225181018, 0.10746327393338684, 0.003293936823262444, -7.507842929887747e-11, -0.10969364414761155, 0.9939654442854734, 1.287777731673323e-09, 0.0, 0.0, 0.0, 1.0], "right_foot_pose": [0.9699477361126467, -0.24093146280608674, -0.03396202938680578, 0.10698504602889208, 0.24331335576797308, 0.9604586717858469, 0.1353430851439933, -0.13482338811932493, 1.0718151572252328e-05, -0.13953913437271195, 0.9902165570538778, 0.03835349025029327, 0.0, 0.0, 0.0, 1.0]}, {"left_foot_pose": [0.9796672792948207, -0.19975658247300127, -0.018690362163213785, 0.06517099791402112, 0.20062906538955208, 0.9754069643274643, 0.09126462656690582, 0.0032939371276348526, -4.83878702028023e-10, -0.09315879829725643, 0.995651263394876, 2.2918702075047648e-09, 0.0, 0.0, 0.0, 1.0], "right_foot_pose": [0.9637950422498847, -0.26473270376287644, -0.031870238357123756, 0.11814886416553162, 0.26664417577655597, 0.9568893991578628, 0.11516753580651652, -0.13311900276178054, 7.68009279884726e-06, -0.11949591347699447, 0.9928346924857706, 0.02827258521527152, 0.0, 0.0, 0.0, 1.0]}, {"left_foot_pose": [0.9796672792958804, -0.2001297083300614, -0.014146438446932023, 0.06517099764272626, 0.20062906538437644, 0.9772289295331428, 0.06907675011536567, 0.0032939371861976166, -9.52774897415595e-10, -0.0705104185722475, 0.9975110429828673, 3.4618631850058534e-09, 0.0, 0.0, 0.0, 1.0], "right_foot_pose": [0.9585927927009734, -0.28355636749026764, -0.026375068482799188, 0.12687847007562508, 0.28478036758842046, 0.9544740912241687, 0.08876571082349999, -0.13178625830115426, 4.237002291637037e-06, -0.09260127233208743, 0.9957032712332154, 0.014400783719773741, 0.0, 0.0, 0.0, 1.0]}, {"left_foot_pose": [0.9796672793040023, -0.2004467010707018, -0.00855230325510298, 0.06517099745635545, 0.20062906534471678, 0.9787767983059154, 0.04176071403757506, 0.0032939367432554215, -1.3650181914204436e-09, -0.042627445711599724, 0.9990910373294848, 4.669450041905332e-09, 0.0, 0.0, 0.0, 1.0], "right_foot_pose": [0.955235377718378, -0.2952633512813693, -0.01857219818227319, 0.1322291176358633, 0.29584687450342173, 0.953351571451623, 0.059961721600347496, -0.13096938715890355, 1.335454061922122e-06, -0.06277208456643604, 0.9980278880859993, 0.0030562014366723456, 0.0, 0.0, 0.0, 1.0]}, {"left_foot_pose": [0.9796672793448482, -0.2006158024825434, -0.0023068539939659844, 0.06517099613674263, 0.20062906514526876, 0.9796025180019844, 0.011264321688778127, 0.0032939345214331355, -9.538639916628446e-10, -0.01149810934274668, 0.999933894555807, 6.1233053558207295e-09, 0.0, 0.0, 0.0, 1.0], "right_foot_pose": [0.9544456308152964, -0.298248929685701, -0.009006317722837448, 0.1334589346003804, 0.29838488201916474, 0.9540107590988962, 0.028808570008886036, -0.13078164182100804, -1.1634759541534306e-09, -0.030183562826174008, 0.9995443724693356, 5.714851189497772e-09, 0.0, 0.0, 0.0, 1.0]}, {"left_foot_pose": [0.9796672793613184, -0.2005905127919326, 0.0039329285097642825, 0.06517099474940549, 0.20062906506484432, 0.9794790294057473, -0.019204405889865474, 0.003293932664086601, 6.258462375306924e-10, 0.01960298783975561, 0.9998078429717161, 6.824862661125586e-09, 0.0, 0.0, 0.0, 1.0], "right_foot_pose": [0.9544456307927749, -0.29838331794125034, 0.0009661443746284303, 0.13345893320750013, 0.2983848820912043, 0.9544406275315345, -0.0030904136662988735, -0.1307816429068736, 4.403547853742968e-10, 0.003237914696447642, 0.9999947579404694, 4.687653668011826e-09, 0.0, 0.0, 0.0, 1.0]}, {"left_foot_pose": [0.9796381536740687, -0.2005318894386068, 0.009800468572728706, 0.06521639174857258, 0.20077123266544097, 0.9784703689162385, -0.04781892185025448, 0.00330564555127299, -2.4935036131510825e-07, 0.04881289246811317, 0.9988079402612072, 0.00017678081884948266, 0.0, 0.0, 0.0, 1.0], "right_foot_pose": [0.9544456308298599, -0.2982060245407134, 0.010329797549496773, 0.1334589359155181, 0.29838488197257945, 0.9538735185729335, -0.033041985041785, -0.13078164041832746, -1.3324401415845513e-09, 0.03461903367968436, 0.9994005816023346, 4.71482012459612e-09, 0.0, 0.0, 0.0, 1.0]}, {"left_foot_pose": [0.9782814105032553, -0.20664232493710796, 0.016261347064385114, 0.0672964296814972, 0.20728116618994133, 0.9752673233825587, -0.07673438658879518, 0.003842294946563775, -2.5883787463310593e-06, 0.07843849492951342, 0.9969189548335883, 0.0074112965780804285, 0.0, 0.0, 0.0, 1.0], "right_foot_pose": [0.9544456308408