{"LoopMode": "Wrap", "FrameDuration": 0.0167, "EnableCycleOffsetPosition": true, "EnableCycleOffsetRotation": false, "Debug_info": [{"left_foot_pose": [0.9999999999806364, -6.222603160572066e-06, -8.617056496117701e-08, 4.561793056244421e-05, 6.223199776957071e-06, 0.999904168516219, 0.01384390642706849, -6.198100893629703e-05, 1.7170959548498296e-11, -0.013843906427336796, 0.9999041685355814, 1.7247592243307963e-11, 0.0, 0.0, 0.0, 1.0], "right_foot_pose": [0.9999999993970515, -3.4724458129863745e-05, 3.2966788937625244e-07, -0.0003129260200270654, 3.4726022999109e-05, 0.9999549313866634, -0.009493892225887998, -0.14037692853188266, 1.7231478899218397e-11, 0.009493892231611595, 0.9999549319895844, 1.4615954280206012e-11, 0.0, 0.0, 0.0, 1.0]}, {"left_foot_pose": [0.9999999999806364, -6.2228338213578195e-06, -6.748127973065496e-08, 4.5617933975676347e-05, 6.22319969901922e-06, 0.9999412740820051, 0.010837358927754162, -6.198100789642225e-05, 3.823291956780401e-11, -0.01083735892796438, 0.9999412741013681, 3.755144806216748e-11, 0.0, 0.0, 0.0, 1.0], "right_foot_pose": [0.9999999993970519, -3.47233104978086e-05, 4.3404182908955076e-07, -0.0003129260171426733, 3.47260231561295e-05, 0.9999218695841572, -0.012500140856277398, -0.14037692853385847, 3.835489009004087e-11, 0.012500140863812874, 0.9999218701870585, 3.365037415381522e-11, 0.0, 0.0, 0.0, 1.0]}, {"left_foot_pose": [0.9999999999806364, -6.22306146505724e-06, -4.1477547563109456e-08, 4.5617938605558124e-05, 6.223199690220763e-06, 0.9999778603439173, 0.006654230479437715, -6.19810060870224e-05, 6.694366184936762e-11, -0.00665423047956711, 0.9999778603632811, 6.514833117421404e-11, 0.0, 0.0, 0.0, 1.0], "right_foot_pose": [0.9999999993970516, -3.4721190878392595e-05, 5.793182502047212e-07, -0.0003129260130599229, 3.472602346439251e-05, 0.9998608038645914, -0.016684474500449395, -0.14037692853614314, 6.72122933029745e-11, 0.016684474510506808, 0.999860804467456, 5.989489459956587e-11, 0.0, 0.0, 0.0, 1.0]}, {"left_foot_pose": [0.9999999999806364, -6.223194266822503e-06, -8.33091584594697e-09, 4.561794436063134e-05, 6.2231998425444525e-06, 0.9999991259098426, 0.0013221727660023162, -6.198100338512119e-05, 1.0277050110967815e-10, -0.0013221727660286833, 0.999999125929207, 9.96764268346162e-11, 0.0, 0.0, 0.0, 1.0], "right_foot_pose": [0.9999999993970516, -3.471760566757936e-05, 7.645915842126953e-07, -0.000312926007813233, 3.4726024010452635e-05, 0.999757512136116, -0.022020802017801988, -0.14037692853852926, 1.0334055873811837e-10, 0.022020802031075686, 0.999757512738918, 9.286041380285326e-11, 0.0, 0.0, 0.0, 1.0]}, {"left_foot_pose": [0.9999999999806363, -6.2231187553797835e-06, 3.185187080768389e-08, 4.561795128254144e-05, 6.223200267383971e-06, 0.9999867813094081, -0.005141708638427113, -6.198099957467444e-05, 1.460136414836752e-10, 0.005141708638525643, 0.9999867813287722, 1.4159563799243102e-10, 0.0, 0.0, 0.0, 1.0], "right_foot_pose": [0.9999999993970519, -3.471192910358942e-05, 9.893351222147545e-07, -0.00031292600131364954, 3.4726024910145716e-05, 0.999593963899544, -0.028493966549079933, -0.14037692854082898, 1.4713009616694996e-10, 0.028493966566255084, 0.9995939645022481, 1.3283070476877157e-10, 0.0, 0.0, 0.0, 1.0]}, {"left_foot_pose": [0.9999999999806365, -6.22269821413602e-06, 7.91139410095761e-08, 4.561795956039398e-05, 6.223201109138914e-06, 0.9999187850592269, -0.012744537926187419, -6.198099431043054e-05, 1.9789727046064675e-10, 0.012744537926432846, 0.9999187850785898, 1.9229690756406015e-10, 0.0, 0.0, 0.0, 1.0], "right_foot_pose": [0.9999999993970512, -3.4703381611284113e-05, 1.2538775817640767e-06, -0.0003129259933255594, 3.472602632340076e-05, 0.9993476952191566, -0.036113471922023216, -0.14037692854284486, 1.999260518996285e-10, 0.036113471943790706, 0.9993476958217117, 1.8096503462405877e-10, 0.0, 0.0, 0.0, 1.0]}, {"left_foot_pose": [0.9999999999806364, -6.22176671979785e-06, 1.3367554524424693e-07, 4.561796953504661e-05, 6.223202568066659e-06, 0.9997683738382321, -0.02152204995183496, -6.198098707578883e-05, 2.6059143032158796e-10, 0.02152204995224997, 0.999768373857592, 2.541610741313427e-10, 0.0, 0.0, 0.0, 1.0], "right_foot_pose": [0.999999999397051, -3.469099062040273e-05, 1.559558810704446e-06, -0.00031292598345138655, 3.4726028477846105e-05, 0.9989906781389652, -0.04491796729097663, -0.14037692854432168, 2.640679437921572e-10, 0.044917967318050554, 0.9989906787413052, 2.393275716494614e-10, 0.0, 0.0, 0.0, 1.0]}, {"left_foot_pose": [0.9999999999806364, -6.220119663440881e-06, 1.9593646549699047e-07, 4.561798169697378e-05, 6.2232049312651105e-06, 0.9995025229247939, -0.03153896999339964, -6.198097713327327e-05, 3.371753807831834e-10, 0.031538969994008154, 0.9995025229441487, 3.3059766729737206e-10, 0.0, 0.0, 0.0, 1.0], "right_foot_pose": [0.9999999993970511, -3.467353396368608e-05, 1.9087483446036207e-06, -0.00031292597112015324, 3.4726031700471484e-05, 0.9984876876099332, -0.05497578089914926, -0.140376928544876, 3.428850538260423e-10, 0.054975780932284814, 0.9984876882119705, 3.1088060598039036e-10, 0.0, 0.0, 0.0, 1.0]}, {"left_foot_pose": [0.9999999999806362, -6.217501377393769e-06, 2.664624041971516e-07, 4.561799668656349e-05, 6.223208610398282e-06, 0.9990799371847984, -0.04288681704314178, -6.198096346936473e-05, 4.316016832610109e-10, 0.04288681704396943, 0.999079937204145, 4.2610108497154187e-10, 0.0, 0.0, 0.0, 1.0], "right_foot_pose": [0.999999999397051, -3.464946777050783e-05, 2.3047757750640317e-06, -0.00031292595557286343, 3.472603645630373e-05, 0.9977942210308615, -0.0663829140029202, -0.14037692854390924, 4.4068993328310043e-10, 0.06638291404293029, 0.9977942216324814, 3.9947730540168536e-10, 0.0, 0.0, 0.0, 1.0]}, {"left_foot_pose": [0.9999999999806362, -6.213591027148488e-06, 3.4595022302420244e-07, 4.56180152646498e-05, 6.223214178610688e-06, 0.9984487619691412, -0.05567826940164002, -6.19809447677741e-05, 5.484229749268818e-10, 0.05567826940271464, 0.9984487619884757, 5.461327085010126e-10, 0.0, 0.0, 0.0, 1.0], "right_foot_pose": [0.999999999397051, -3.461684566921168e-05, 2.7517422421243597e-06, -0.0003129259358778634, 3.47260433845115e-05, 0.9968541673210553, -0.07925760461146639, -0.14037692854050024, 5.625452558551061e-10, 0.07925760465923506, 0.9968541679221092, 5.096666005899309e-10, 0.0, 0.0, 0.0, 1.0]}, {"left_foot_pose": [0.9999999999806364, -6.207990023051354e-06, 4.3515174580356095e-07, 4.5618038167666275e-05, 6.223222372214289e-06, 0.99754455282587, -0.07003474201214331, -6.198091952385257e-05, 6.917255993695617e-10, 0.07003474201349505, 0.9975445528451873, 6.962567675183884e-10, 0.0, 0.0, 0.0, 1.0], "right_foot_pose": [0.9999999993970508, -3.457325042737243e-05, 3.254094729066219e-06, -0.00031292591107052743, 3.47260532902312e-05, 0.9955978374389388, -0.09372803679267822, -0.140376928533308, 7.132128248931381e-10, 0.0937280368491667, 0.9955978380392364, 6.457820805882974e-10, 0.0, 0.0, 0.0, 1.0]}, {"left_foot_pose": [0.9999999999806357, -6.2002201733598736e-06, 5.347069114148922e-07, 4.561806568709343e-05, 6.223233961547072e-06, 0.9962900331393177, -0.08605910659848466, -6.1980886555877e-05, 8.622421937908959e-10, 0.08605910660014565, 0.9962900331586106, 8.794368566711341e-10, 0.0, 0.0, 0.0, 1.0], "right_foot_pose": [0.9999999993970501, -3.451579832450643e-05, 3.815677513286024e-06, -0.00031292588060653005, 3.4726066982481355e-05, 0.9939421025362155, -0.10990493892445173, -0.14037692852061476, 8.941762325344662e-10, 0.10990493899068794, 0.9939421031355161, 8.093436823508604e-10, 0.0, 0.0, 0.0, 1.0]}, {"left_foot_pose": [0.9999999999806359, -6.189757973304432e-06, 6.447699470447735e-07, 4.561809652225896e-05, 6.2232492280775554e-06, 0.9946008580378429, -0.10377443399825724, -6.198084658143484e-05, 1.0498877145103182e-09, 0.10377443400026014, 0.9946008580571036, 1.0883823564622475e-09, 0.0, 0.0, 0.0, 1.0], "right_foot_pose": [0.9999999993970494, -3.444138227293701e-05, 4.437583114858183e-06, -0.0003129258456584719, 3.472608465658368e-05, 0.9917974495279146, -0.12781947388415707, -0.1403769285008996, 1.0957463962146343e-09, 0.12781947396118803, 0.9917974501259241, 9.920837484855838e-10, 0.0, 0.0, 0.0, 1.0]}, {"left_foot_pose": [0.9999999999806359, -6.1761700122296614e-06, 7.641793772773598e-07, 4.561812484165029e-05, 6.2232663985616596e-06, 0.992408184529436, -0.12298778492297768, -6.198080635600942e-05, 1.2156005167907763e-09, 0.12298778492535167, 0.9924081845486545, 1.2855427833358135e-09, 0.0, 0.0, 0.0, 1.0], "right_foot_pose": [0.9999999993970488, -3.4347576193714284e-05, 5.11334684333307e-06, -0.00031292581250507015, 3.472610408175191e-05, 0.9890941965576385, -0.1472843139309041, -0.14037692847498048, 1.277506977089479e-09, 0.14728431401966532, 0.9890941971540205, 1.1584058781655138e-09, 0.0, 0.0, 0.0, 1.0]}, {"left_foot_pose": [0.9999999999806359, -6.15950996738503e-06, 8.886096869443825e-07, 4.561813398421689e-05, 6.223277966187728e-06, 0.9897244817069585, -0.14298758782203386, -6.198078733465201e-05, 1.2547102655616655e-09, 0.1429875878247949, 0.9897244817261255, 1.3594453063259238e-09, 0.0, 0.0, 0.0, 1.0], "right_foot_pose": [0.9999999993970483, -3.4235236234469296e-05, 5.8182267257957755e-06, -0.0003129257998738138, 3.472611640401918e-05, 0.98585782650822, -0.16758384381134597, -0.14037692845169908, 1.3281277451135525e-09, 0.1675838439123453, 0.9858578271026521, 1.2085849612764044e-09, 0.0, 0.0, 0.0, 1.0]}, {"left_foot_pose": [0.9999999999804456, -6.171231582091978e-06, 1.0126683455681318e-06, 4.5229649300075386e-05, 6.253766486438666e-06, 0.9867745092187205, -0.16209894483630946, -6.231887111582401e-05, 1.0748179667291511e-09, 0.16209894483947257, 0.9867745092380177, 0.00020667289605678235, 0.0, 0.0, 0.0, 1.0], "right_foot_pose": [0.9999999993970489, -3.411495780082903e-05, 6.486287263019121e-06, -0.00031292585278013424, 3.472610354040131e-05, 0.9823952738117878, -0.18681414503821867, -0.140376928538841, 1.058722552125522e-09, 0.18681414515082215, 0.982395274404131, 9.233080133785876e-10, 0.0, 0.0, 0.0, 1.0]}, {"left_foot_pose": [0.999999999974908, -6.964036407947291e-06, 1.298772500435553e-06, 3.464794242400796e-05, 7.0841098291149005e-06, 0.9830239885478067, -0.18347707728590534, -7.150017526594624e-05, 1.0165223122068309e-09, 0.18347707729050203, 0.9830239885724743, 0.0052622333359046355, 0.0, 0.0, 0.0, 1.0], "right_foot_pose": [0.9999999993970496, -3.400338396629858e-05, 7.0477209169197214e-06, -0.00031292589740273635, 3.472607796484526e-05, 0.9791847120068119, -0.20297117668830872, -0.14037692877546487, 6.862784728902451e-10, 0.2029711768106667, 0.9791847125972164, 5.189893514945254e-10, 0.0, 0.0, 0.0, 1.0]}, {"left_foot_pose": [0.9999999999604572, -8.700440600750208e-06, 1.840750538717628e-06, 1.1588947781820858e-05, 8.89303260629958e-06, 0.9783315528535296, -0.207044373534072, -9.14904136709721e-05, 5.129404272434379e-10, 0.20704437354225463, 0.9783315528922167, 0.01430792438877778, 0.0, 0.0, 0.0, 1.0], "right_foot_pose": [0.9999999993970505, -3.391413987089182e-05, 7.465228853087626e-06, -0.0003129259190794216, 3.472604965893792e-05, 0.9766175725978018, -0.21498398937427626, -0.1403769287775623, 3.2340414126259745e-10, 0.21498398950388964, 0.9766175731866551, 2.3970082169144646e-10, 0.0, 0.0, 0.0, 1.0]}, {"left_foot_pose": [0.9999999999342151, -1.1167025054035701e-05, 2.620737862946354e-06, -2.127358278549153e-05, 1.1470427841245994e-05, 0.9735651953298092, -0.22840930434389192, -0.0001199657190593742, -8.067455529350964e-10, 0.2284093043589268, 0.9735651953938536, 0.02361669233921755, 0.0, 0.0, 0.0, 1.0], "right_foot_pose": [0.9999999993970515, -3.38583237627853e-05, 7.714337180386924e-06, -0.00031292595674744616, 3.472602894316198e-05, 0.9750123634967612, -0.22215060167049402, -0.14037692863870613, 7.286801059404361e-11, 0.22215060180443683, 0.9750123640846442, 6.083643311338705e-11, 0.0, 0.0, 0.0, 1.0]}, {"left_foot_pose": [0.9999999998933289, -1.4178663935314203e-05, 3.508320245537976e-06, -6.126089931352004e-05, 1.4606259498730034e-05, 0.9707633773065216, -0.2400384658072408, -0.00015460971219106306, -2.3240720899473465e-09, 0.2400384658328789, 0.9707633774100664, 0.02946149466749933, 0.0, 0.0, 0.0, 1.0], "right_foot_pose": [0.9999999993970514, -3.3843888268776073e-05, 7.777397773856202e-06, -0.00031292600110692796, 3.472602322879458e-05, 0.9745972716161757, -0.2239646332625085, -0.1403769285191674, 3.3735076264597578e-12, 0.22396463339754738, 0.9745972722038074, 2.632574713778979e-12, 0.0, 0.0, 0.0, 1.0]}, {"left_foot_pose": [0.9999999998363656, -1.757789146298059e-05, 4.276412657933434e-06, -0.00010568637602102767, 1.8090604420106543e-05, 0.9716884879366802, -0.23626570230158025, -0.00019310977687135925, -2.2880780865638154e-09, 0.23626570234028174, 0.9716884880956727, 0.030000000168895445, 0.0, 0.0, 0.0, 1.0], "right_foot_pose": [0.999999999397051, -3.387405820770288e-05, 7.644979614363149e-06, -0.00031292598835574146, 3.472603537331716e-05, 0.9754648398219566, -0.220155274897575, -0.14037692851042302, 1.437814877819208e-10, 0.22015527503031238, 0.9754648404101133, 1.2610684718694642e-10, 0.0, 0.0, 0.0, 1.0]}, {"left_foot_pose": [0.9999999997642659, -2.115473328587429e-05, 4.893494879810008e-06, -0.00015187512610065834, 2.1713337597497883e-05, 0.9742914346118107, -0.22529136683546444, -0.0002331395049183574, -1.7113699594980528e-09, 0.22529136688860948, 0.9742914348414767, 0.030000000549095414, 0.0, 0.0, 0.0, 1.0], "right_foot_pose": [0.9999999993970503, -3.394410979108109e-05, 7.327813658031461e-06, -0.0003129259236493242, 3.472606286774472e-05, 0.9774793452797248, -0.2110311075306703, -0.14037692847556218, 4.765863460887302e-10, 0.21103110765789512, 0.9774793458690992, 4.205546327851195e-10, 0.0, 0.0, 0.0, 1.0]}, {"left_foot_pose": [0.9999999996808551, -2.4712885827826547e-05, 5.2501452882385455e-06, -0.00019715018617310858, 2.526441670044939e-05, 0.9781741084875594, -0.20778694099071413, -0.000272377586227765, -5.41237810033935e-10, 0.20778694105704162, 0.9781741087997364, 0.029990598408081666, 0.0, 0.0, 0.0, 1.0], "right_foot_pose": [0.9999999993970488, -3.4049868071100494e-05, 6.819737912500328e-06, -0.00031292582938321454, 3.4726104587394164e-05, 0.980520776370417, -0.1964153911995004, -0.1403769284485948, 1.0234447016889566e-09, 0.19641539131789434, 0.98052077696163, 8.995830469427091e-10, 0.0, 0.0, 0.0, 1.0]}, {"left_foot_pose": [0.9999999995929091, -2.8080453630270458e-05, 5.066668724463235e-06, -0.00023882973365232463, 2.8533892127412694e-05, 0.9840910230569015, -0.177665014914695, -0.00030851218756949156, 2.8510041538533488e-09, 0.17766501498694073, 0.9840910234575314, 0.02602608558054894, 0.0, 0.0, 0.0, 1.0], "right_foot_pose": [0.9999999993970468, -3.418617104675006e-05, 6.10015558272246e-06, -0.0003129257604663109, 3.472615995916e-05, 0.9844406569022142, -0.17571736349043857, -0.14037692886987524, 1.8626750114237585e-09, 0.17571736359632412, 0.984440657495797, 1.5918772827694383e-09, 0.0, 0.0, 0.0, 1.0]}, {"left_foot_pose": [0.9999999995097983, -3.1015374536582724e-05, 4.29548801800298e-06, -0.0002742395820291304, 3.1311414103979465e-05, 0.9905248405906282, -0.1373336782894379, -0.0003392099022111669, 4.667884063728318e-09, 0.13733367835661428, 0.9905248410762061, 0.017413722843954836, 0.0, 0.0, 0.0, 1.0], "right_foot_pose": [0.9999999993970451, -3.4340421262668425e-05, 5.161877661141937e-06, -0.00031292562063472355, 3.4726207758347316e-05, 0.9888783460779866, -0.1487266467454854, -0.14037692921803738, 2.8666578025807975e-09, 0.14872664683506226, 0.9888783466742501, 2.5174955592399684e-09, 0.0, 0.0, 0.0, 1.0]}, {"left_foot_pose": [0.999999999442654, -3.3237874962566653e-05, 3.152277782359574e-06, -0.00030070665973045536, 3.338702085726109e-05, 0.9955185019644706, -0.09456696638744733, -0.0003621444665029838, 5.054148267794266e-09, 0.09456696643998576, 0.9955185025193355, 0.007880553414687123, 0.0, 0.0, 0.0, 1.0], "right_foot_pose": [0.9999999993970445, -3.449311734570376e-05, 4.016930224171246e-06, -0.000312925459744268, 3.472622722381205e-05, 0.9932741004147891, -0.11578670147854055, -0.14037692931290272, 3.931525996965661e-09, 0.11578670154821898, 0.993274101013705, 3.5436353296169898e-09, 0.0, 0.0, 0.0, 1.0]}, {"left_foot_pose": [0.9999999994031228, -3.450322230652922e-05, 1.8119064614803255e-06, -0.00031554996343505725, 3.455076452874351e-05, 0.9986163694096845, -0.05258655296999548, -0.0003749964471807688, 5.006075191359402e-09, 0.05258655300121037, 0.9986163700057453, 0.0011536246143924594, 0.0, 0.0, 0.0, 1.0], "right_foot_pose": [0.9999999993970456, -3.462142434999272e-05, 2.695494295768186e-06, -0.0003129253199348743, 3.4726196024001284e-05, 0.9969721281287579, -0.07775972304803251, -0.140376929014273, 4.8196844374522796e-09, 0.07775972309475107, 0.9969721287298999, 4.426939925750162e-09, 0.0, 0.0, 0.0, 1.0]}, {"left_foot_pose": [0.9999999993970512, -3.4723846441681895e-05, 3.9132379847717373e-07, -0.00031778679091200323, 3.4726051031856827e-05, 0.999934845301395, -0.011415075390799782, -0.00037692809992523856, 5.077023027250859e-09, 0.01141507539750607, 0.9999348459043071, 4.720021345994141e-09, 0.0, 0.0, 0.0, 1.0], "right_foot_pose": [0.9999999993970485, -3.470279672898471e-05, 1.2723027140173241e-06, -0.00031292527846276297, 3.472611162792351e-05, 0.9993231813105422, -0.03678556903833329, -0.14037692873989555, 5.120529039316365e-09, 0.036785569060335366, 0.9993231819130921, 4.784120356815524e-09, 0.0, 0.0, 0.0, 1.0]}, {"left_foot_pose": [0.9999999993970543, -3.471065270005658e-05, -1.030917675781006e-06, -0.0003177868681191634, 3.472595829746197e-05, 0.9995632788733675, 0.029550809160350328, -0.0003769283080537998, 4.7395782676792545e-09, -0.02955080917833252, 0.9995632794760456, 4.332550596064522e-09, 0.0, 0.0, 0.0, 1.0], "right_foot_pose": [0.9999999993970519, -3.472568906288919e-05, -1.5030223482462267e-07, -0.0003129253981287246, 3.472601401671015e-05, 0.9999912102383309, 0.004192641194056772, -0.14037692889012218, 4.708559000306074e-09, -0.004192641196748361, 0.999991210841273, 4.525088477536077e-09, 0.0, 0.0, 0.0, 1.0]}, {"left_foot_pose": [0.9999999993970561, -3.464662525309291e-05, -2.3452097852032513e-06, -0.0003177870425810871, 3.472590727905423e-05, 0.997724193117028, 0.06742724421988122, -0.00037692841399044295, 3.7460779402418456e-09, -0.06742724426066601, 0.9977241937185916, 3.391852319845068e-09, 0.0, 0.0, 0.0, 1.0], "right_foot_pose": [0.9999999993886367, -3.493655185714226e-05, -1.4708483423440415e-06, -0.0003056791274943261, 3.496749965773867e-05, 0.9991200722803354, 0.041941387003904686, -0.14037693962548414, 4.266660045543641e-09, -0.041941387029695305, 0.999120072891154, 4.7195068141679675e-05, 0.0, 0.0, 0.0, 1.0]}, {"left_foot_pose": [0.9999999993970561, -3.455245123300969e-05, -3.466508802118409e-06, -0.00031778713624048134, 3.47259062182359e-05, 0.9950125318260444, 0.09974998898865745, -0.0003769280289495228, 2.6130693189797536e-09, -0.09974998904889153, 0.9950125324259725, 2.3215096719986228e-09, 0.0, 0.0, 0.0, 1.0], "right_foot_pose": [0.9999999982255294, -5.939940869548976e-05, -4.544372375458673e-06, 0.00043248202083325985, 5.957298803358694e-05, 0.997102940805219, 0.07606393290280855, -0.1403781358982927, 1.3054422051715368e-08, -0.07606393303855732, 0.9971029425744894, 0.0043882940354522115, 0.0, 0.0, 0.0, 1.0]}, {"left_foot_pose": [0.9999999993970554, -3.445035023579078e-05, -4.366227360385504e-06, -0.0003177872501818703, 3.472593512340969e-05, 0.9920697882117897, 0.12568824173933427, -0.00037692803338722474, 1.5983039545262301e-09, -0.12568824181517255, 0.9920697888099469, 1.4079269278211015e-09, 0.0, 0.0, 0.0, 1.0], "right_foot_pose": [0.9999999928743184, -0.00011867168955282473, -1.2976627680571297e-05, 0.0022266461441571494, 0.00011937906867825216, 0.9940990367910095, 0.10847622227854753, -0.1403810605057158, 2.6996503990379976e-08, -0.10847622305471837, 0.9940990438742924, 0.013158003980565526, 0.0, 0.0, 0.0, 1.0]}, {"left_foot_pose": [0.999999999397054, -3.4359207317726626e-05, -5.033698174838237e-06, -0.00031778740700075145, 3.472597362495632e-05, 0.9894415996957452, 0.14493212061386718, -0.0003769282692311516, 7.975950962034894e-10, -0.14493212070128095, 0.989441600292322, 7.143708888324163e-10, 0.0, 0.0, 0.0, 1.0], "right_foot_pose": [0.9999999785721322, -0.0002050316152515448, -2.859670853422168e-05, 0.004855727349052617, 0.0002070162630872317, 0.9904414008482408, 0.13793400099337805, -0.14038535404205457, 4.2533038362263193e-08, -0.13793400395773037, 0.9904414220700725, 0.022629267443968114, 0.0, 0.0, 0.0, 1.0]}, {"left_foot_pose": [0.9999999993970528, -3.429356885554586e-05, -5.463209147071221e-06, -0.00031778759929004975, 3.472600637836122e-05, 0.9875483129331091, 0.1573160144965398, -0.00037692853888863544, 2.554009050424674e-10, -0.15731601459140201, 0.9875483135285478, 2.894120776364417e-10, 0.0, 0.0, 0.0, 1.0], "right_foot_pose": [0.9999999503513329, -0.0003110723219985263, -5.03124449593971e-05, 0.008098647668717157, 0.0003151147863581302, 0.9871993571234846, 0.1594908461249411, -0.14039065330005157, 5.522547746589576e-08, -0.15949085406062868, 0.987199406133841, 0.029075040776297717, 0.0, 0.0, 0.0, 1.0]}, {"left_foot_pose": [0.9999999993970521, -3.426298973855603e-05, -5.651917099724243e-06, -0.0003177877018340296, 3.472602241470946e-05, 0.9866661829873414, 0.16275700336174156, -0.0003769285969075914, 1.393489233666319e-11, -0.16275700345987615, 0.9866661835822504, 1.5131154662562096e-10, 0.0, 0.0, 0.0, 1.0], "right_foot_pose": [0.9999999048192008, -0.00043015397197422356, -7.300102348211874e-05, 0.01173432446421298, 0.0004363044639003779, 0.9859267847865787, 0.16717710572567632, -0.1403965885594516, 6.176831676949588e-08, -0.16717712166429835, 0.9859268786233776, 0.03000000217766321, 0.0, 0.0, 0.0, 1.0]}, {"left_foot_pose": [0.9999999993970523, -3.426936483130628e-05, -5.613113443214032e-06, -0.0003177876805290652, 3.4726019185636125e-05, 0.9868500653470977, 0.16163832255543018, -0.00037692857637790494, 5.872135583905995e-11, -0.16163832265289177, 0.9868500659421172, 2.4026194922477373e-10, 0.0, 0.0, 0.0, 1.0], "right_foot_pose": [0.9999998413940028, -0.0005554010699268054, -9.349663187557362e-05, 0.01554166305647302, 0.0005632157355409741, 0.9861431236867384, 0.16589581789001437, -0.14040280191737717, 6.234585946281139e-08, -0.1658958442367172, 0.9861432800891475, 0.030000002174498372, 0.0, 0.0, 0.0, 1.0]}, {"left_foot_pose": [0.999999999397053, -3.4311612859688e-05, -5.3486607992641116e-06, -0.0003177876137264871, 3.472599817508072e-05, 0.9880686673543746, 0.15401398438666553, -0.00037692857030102115, 3.759405163551885e-10, -0.15401398447954084, 0.9880686679501264, 5.965227409254759e-10, 0.0, 0.0, 0.0, 1.0], "right_foot_pose": [0.9999997629981865, -0.0006799509281153082, -0.00010802918960899901, 0.019299582751015093, 0.0006884791697745668, 0.9876256570833837, 0.1568282100485983, -0.1404089347762304, 5.691239437680189e-08, -0.15682824725587505, 0.9876258911463627, 0.030000002131229025, 0.0, 0.0, 0.0, 1.0]}, {"left_foot_pose": [0.9999999993970544, -3.438592319683834e-05, -4.8477475805268685e-06, -0.0003177877018560447, 3.4725961033493464e-05, 0.9902120333023501, 0.1395712287591318, -0.00037692827235231725, 1.0124357950435542e-09, -0.1395712288433206, 0.9902120338993902, 1.2993529308058527e-09, 0.0, 0.0, 0.0, 1.0], "right_foot_pose": [0.9999996762085795, -0.0007972196028711701, -0.00010965236422460393, 0.022787004810888054, 0.0008047252537658539, 0.9906805241551777, 0.13620371315382085, -0.14041461937764455, 4.6191554702994403e-08, -0.13620375729225384, 0.9906808449240706, 0.026805805837331477, 0.0, 0.0, 0.0, 1.0]}, {"left_foot_pose": [0.9999999993970556, -3.4482432808672974e-05, -4.105061100655899e-06, -0.00031778769755451126, 3.472592252884702e-05, 0.9929946861969076, 0.11815901141604157, -0.00037692796527897653, 1.8936874141771663e-09, -0.11815901148735033, 0.9929946867956209, 2.2866736767990226e-09, 0.0, 0.0, 0.0, 1.0], "right_foot_pose": [0.9999995908628725, -0.0008996257599051251, -9.45916465430113e-05, 0.02578282899782783, 0.0009045850355351991, 0.994520809347454, 0.10453488174192689, -0.14041950223410835, 3.108845347619605e-08, -0.10453492453901378, 0.9945212162400668, 0.018546803461125624, 0.0, 0.0, 0.0, 1.0]}, {"left_foot_pose": [0.9999999993970563, -3.4584153188129444e-05, -3.1344244837410213e-06, -0.00031778762376072134, 3.472590186139123e-05, 0.9959256489455085, 0.09017816014190995, -0.00037692784310863585, 2.9184329823867638e-09, -0.09017816019638338, 0.9959256495459871, 3.4628877543241288e-09, 0.0, 0.0, 0.0, 1.0], "right_foot_pose": [0.9999995191239716, -0.000978374071765033, -6.734983970401546e-05, 0.028065977565835565, 0.0009806894640704228, 0.9976396900069331, 0.06865921038757425, -0.14042322854210038, 1.648197320288081e-08, -0.06865924342028419, 0.9976401697470655, 0.008928518261975056, 0.0, 0.0, 0.0, 1.0]}, {"left_foot_pose": [0.9999999993970556, -3.467030208992165e-05, -1.964605553683057e-06, -0.0003177874964045306, 3.4725919814398886e-05, 0.998404687989938, 0.05646306574944104, -0.000376928058782559, 3.879848100388116e-09, -0.056463065783619794, 0.9984046885919134, 4.640658746168924e-09, 0.0, 0.0, 0.0, 1.0], "right_foot_pose": [0.9999994740013729, -0.0010251525535978875, -3.25456511012717e-05, 0.029415370947645184, 0.0010256690389742144, 0.9994961193319558, 0.03172468192722086, -0.1404254370372696, 6.613286986095654e-09, -0.03172469862114855, 0.9994966450656037, 0.0016779970511276582, 0.0, 0.0, 0.0, 1.0]}, {"left_foot_pose": [0.9999999993970536, -3.471961820109965e-05, -6.648449874517916e-07, -0.0003177874351947915, 3.47259828930591e-05, 0.999819104854858, 0.019019893830875795, -0.00037692842096872375, 4.361267989884073e-09, -0.01901989384249533, 0.999819105457693, 5.3551558604203464e-09, 0.0, 0.0, 0.0, 1.0], "right_foot_pose": [0.9999994646710652, -0.0010347075077614448, 6.16085661615128e-06, 0.02968707686011594, 0.0010347258490795031, 0.9999817138079352, -0.005958304470403964, -0.14042588720092453, 4.358411303216708e-09, 0.0059583076555486374, 0.9999822491273942, 4.907074177551429e-09, 0.0, 0.0, 0.0, 1.0]}, {"left_foot_pose": [0.9999999993970508, -3.4719730425867194e-05, 6.630379620904292e-07, -0.0003177875970492725, 3.4726060569348466e-05, 0.999815394099298, -0.019213966695268554, -0.0003769283521628912, 4.188182437443123e-09, 0.019213966706708066, 0.9998153947021392, 5.389483637152637e-09, 0.0, 0.0, 0.0, 1.0], "right_foot_pose": [0.9999994646709865, -0.0010337117729686794, 4.580076861272074e-05, 0.029687076638958865, 0.0010347259250457134, 0.99901916698054, -0.04426774613381321, -0.14042588707357984, 4.244634535786802e-09, 0.04426776982724688, 0.9990197017849658, 4.727111556357411e-09, 0.0, 0.0, 0.0, 1.0]}, {"left_foot_pose": [0.9999999993970493, -3.467368422220442e-05, 1.9074381282242308e-06, -0.00031778769215936545, 3.4726109578903256e-05, 0.9984849934951935, -0.05502469044894159, -0.00037692835755383583, 3.3603936247208643e-09, 0.05502469048200214, 0.9984849940972379, 4.693442710868023e-09, 0.0, 0.0, 0.0, 1.0], "right_foot_pose": [0.9999994646709456, -0.0010313861208155258, 8.306920035795045e-05, 0.02968707635031074, 0.0010347259648077177, 0.9967714415749565, -0.08028463491080517, -0.14042588692773772, 3.451570340948525e-09, 0.08028467788596584, 0.9967719751762423, 3.937915674101511e-09, 0.0, 0.0, 0.0, 1.0]}, {"left_foot_pose": [0.999999997210559, -7.440238311560502e-05, 6.570254503680825e-06, 0.0008783765423971294, 7.46919176689705e-05, 0.9961437031305349, -0.08773663507624978, -0.00037629719459049936, -1.710291598385792e-08, 0.08773663532225835, 0.9961437059091072, 0.0035756486323166026, 0.0, 0.0, 0.0, 1.0], "right_foot_pose": [0.9999994646709511, -0.0010282909444579414, 0.00011521954942717683, 0.02968707647845572, 0.0010347259593818294, 0.9937801517288866, -0.11135501502806518, -0.14042588739261008, 2.4522612415248087e-09, 0.11135507463714958, 0.9937806837288371, 2.8859436715378273e-09, 0.0, 0.0, 0.0, 1.0]}, {"left_foot_pose": [0.9999999825553172, -0.0001854430519592717, 2.2366067234661698e-05, 0.004233336712485292, 0.00018678694878403835, 0.9928354992773384, -0.11948906429190473, -0.0003745075035836501, -4.740877199105144e-08, 0.11948906638514516, 0.9928355165959794, 0.012017792956432682, 0.0, 0.0, 0.0, 1.0], "right_foot_pose": [0.9999994646709838, -0.0010250409110337567, 0.00014124049114867075, 0.02968707641610168, 0.0010347259277850745, 0.9906392861715577, -0.1365017730132503, -0.14042588743078477, 1.5224371110797785e-09, 0.13650184608508859, 0.9906398164900111, 1.913291754196411e-09, 0.0, 0.0, 0.0, 1.0]}, {"left_foot_pose": [0.99999993653294, -0.0003522879627690648, 5.317243679720652e-05, 0.009306127956297563, 0.0003562781356363654, 0.9888348638477245, -0.1490150499283305, -0.0003717929424788026, -8.255093987148906e-08, 0.14901505941495988, 0.9888349266017814, 0.02159996789953369, 0.0, 0.0, 0.0, 1.0], "right_foot_pose": [0.9999994646710246, -0.001022169551314549, 0.00016070803558194212, 0.029687076185744433, 0.0010347258885012554, 0.987864414514529, -0.15531525320522357, -0.1404258871934322, 7.732029040986078e-10, 0.15531533634923297, 0.9878649433473811, 1.1378581063481441e-09, 0.0, 0.0, 0.0, 1.0]}, {"left_foot_pose": [0.9999998384460287, -0.000559989114669969, 9.757104305297937e-05, 0.015655622935326033, 0.000568425812081068, 0.9851922179305875, -0.17145253168474006, -0.0003683912777113635, -1.1468088529578923e-07, 0.17145255944780194, 0.9851923770811392, 0.028595129636523338, 0.0, 0.0, 0.0, 1.0], "right_foot_pose": [0.9999994646710584, -0.001020091202250088, 0.00017341146194738773, 0.029687075830314557, 0.0010347258555013076, 0.9858559227373792, -0.16759185226625592, -0.1404258868953549, 2.5723403815049684e-10, 0.16759194198281027, 0.9858564504949137, 6.405198108017096e-10, 0.0, 0.0, 0.0, 1.0]}, {"left_foot_pose": [0.9999996731720482, -0.0007952607218787615, 0.0001456577546567624, 0.02284069946976148, 0.0008084898142705728, 0.983666390604693, -0.17999938427382775, -0.00036454674850881427, -1.3219751185956089e-07, 0.17999944320780845, 0.9836667120752143, 0.030000009118223092, 0.0, 0.0, 0.0, 1.0], "right_foot_pose": [0.9999994646710761, -0.0010190857327714796, 0.00017922564144218838, 0.029687075583159563, 0.001034725838707471, 0.9848842526403172, -0.17321067589373026, -0.14042588680628662, 1.664099381234731e-11, 0.17321076861844756, 0.9848847798776297, 4.566940506323114e-10, 0.0, 0.0, 0.0, 1.0]}, {"left_foot_pose": [0.9999994363634788, -0.0010445272885197337, 0.0001903561631148216, 0.030420199375228146, 0.0010617309956772623, 0.983818706886912, -0.17916368132704247, -0.00036049392799713045, -1.345999860874758e-07, 0.17916378245088685, 0.9838192613777564, 0.03000000979852046, 0.0, 0.0, 0.0, 1.0], "right_foot_pose": [0.9999994646710738, -0.0010192113745001326, 0.00017850977512429744, 0.029687075610948042, 0.0010347258408513623, 0.9850056709227658, -0.17251886155555987, -0.14042588683507196, 4.520058596646548e-11, 0.17251895390989996, 0.9850061982250842, 4.843164619350304e-10, 0.0, 0.0, 0.0, 1.0]}, {"left_foot_pose": [0.9999991374761397, -0.0012940723643528101, 0.0002245522056034356, 0.0379529909082245, 0.0013134104316588902, 0.9852916554644775, -0.17087606217697168, -0.0003564656785211909, -1.234246049942757e-07, 0.17087620972150006, 0.9852925052750579, 0.030000009242576613, 0.0, 0.0, 0.0, 1.0], "right_foot_pose": [0.9999994646710533, -0.0010204396498706858, 0.00017134913877770472, 0.02968707567841904, 0.0010347258605003108, 0.9861926607642849, -0.1655988079578285, -0.14042588685389817, 3.265204279948342e-10, 0.1655988966073781, 0.9861931887021016, 7.691401265885744e-10, 0.0, 0.0, 0.0, 1.0]}, {"left_foot_pose": [0.9999988006257796, -0.0015321105621042808, 0.00022668089597507803, 0.044997951742115426, 0.0015487888798645555, 0.989239015471831, -0.14630027860988148, -0.0003527040528355438, -9.338426391424897e-08, 0.1463004542219497, 0.9892402019198591, 0.02751513132641792, 0.0, 0.0, 0.0, 1.0], "right_foot_pose": [0.99999946467101, -0.0010234175216590454, 0.00015255906864292693, 0.029687075557209838, 0.0010347259023833714, 0.989070459791533, -0.14744000444273128, -0.14042588714220913, 1.0157719561164153e-09, 0.1474400833706425, 0.9890709892700614, 1.5105332817899608e-09, 0.0, 0.0, 0.0, 1.0]}, {"left_foot_pose": [0.9999984632686933, -0.0017416253427143102, 0.00020050291310700106, 0.05111391215780036, 0.001753128702971762, 0.9934406400226039, -0.11433556441996018, -0.0003494401332815242, -5.802575616773259e-08, 0.11433574022433073, 0.993442166664649, 0.019661073074387553, 0.0, 0.0, 0.0, 1.0], "right_foot_pose": [0.9999994646709687, -0.001026457503955477, 0.00013054795529677247, 0.02968707553530749, 0.00103472594248687, 0.9920082943219936, -0.12616843241711842, -0.14042588744686849, 1.8797552929042196e-09, 0.12616849995684964, 0.9920088253733627, 2.4689380054288e-09, 0.0, 0.0, 0.0, 1.0]}, {"left_foot_pose": [0.9999981727159677, -0.0019059014604930395, 0.00014867531467608464, 0.055859741047894824, 0.0019116915874810448, 0.9969704248222695, -0.07775807009551332, -0.0003469025090756927, -2.5672273251871154e-08, 0.07775821223078164, 0.9969722465699199, 0.010009256260260557, 0.0, 0.0, 0.0, 1.0], "right_foot_pose": [0.9999994646709437, -0.0010297042593169325, 0.0001018182897844552, 0.029687075613049823, 0.0010347259665156817, 0.9951460157625028, -0.09840394633443718, -0.1404258875635955, 2.897263257074563e-09, 0.09840399900997367, 0.9951465484936602, 3.6508743181395964e-09, 0.0, 0.0, 0.0, 1.0]}, {"left_foot_pose": [0.9999979804728703, -0.0020081139753643333, 8.079878446019387e-05, 0.05879431448383483, 0.002009738834180927, 0.9991895535441883, -0.040201953161322954, -0.0003453272406281054, -3.197391727140721e-09, 0.04020203435684263, 0.9991915714384165, 0.002286727297123585, 0.0, 0.0, 0.0, 1.0], "right_foot_pose": [0.9999994646709571, -0.0010325480090097154, 6.709998332188823e-05, 0.029687075760255678, 0.001034725953408345, 0.9978943709728546, -0.06485178272717239, -0.1404258873615096, 3.883486077095354e-09, 0.06485181744022371, 0.9978949051752394, 4.906870861021151e-09, 0.0, 0.0, 0.0, 1.0]}, {"left_foot_pose": [0.9999979299457077, -0.0020347195786071044, 4.531742559359823e-06, 0.05954214765286703, 0.002034724625161778, 0.9999954449250227, -0.002229355267001591, -0.000344919450914017, 4.39089217215054e-09, 0.002229359872963206, 0.9999975149741914, 5.323509549848282e-09, 0.0, 0.0, 0.0, 1.0], "right_foot_pose": [0.9999994646710197, -0.0010343401886000394, 2.824973501303526e-05, 0.02968707590843244, 0.0010347258928151666, 0.9996265885781757, -0.027305910530237523, -0.140425886926803, 4.4144083926574214e-09, 0.027305925143324444, 0.9996271237076687, 5.746995775102182e-09, 0.0, 0.0, 0.0, 1.0]}, {"left_foot_pose": [0.9999979299458672, -0.0020333713885928324, -7.4194185602689e-05, 0.05954214744478707, 0.002034724546740331, 0.9993329764986997, 0.036461787919258644, -0.00034491958018347153, 4.340004990769619e-09, -0.03646186340611466, 0.9993350451760187, 5.1655208235801275e-09, 0.0, 0.0, 0.0, 1.0], "right_foot_pose": [0.9999994646711025, -0.0010346588521914963, -1.1771495152852656e-05, 0.029687075751879163, 0.0010347258131978756, 0.9999347982133663, 0.01137227613479408, -0.14042588701624803, 4.301457741668641e-09, -0.011372282227156062, 0.9999353335075953, 5.805812039461067e-09, 0.0, 0.0, 0.0, 1.0]}, {"left_foot_pose": [0.9999979299459663, -0.002029258511680914, -0.00014904253150068206, 0.05954214705973437, 0.0020347244981602846, 0.9973117142128936, 0.0732475568872929, -0.0003449197136506047, 3.6343078999252756e-09, -0.07324770852138247, 0.9973137787057629, 4.36446118134981e-09, 0.0, 0.0, 0.0, 1.0], "right_foot_pose": [0.9999994646711607, -0.001033532689945235, -4.967464642307742e-05, 0.029687075583053085, 0.001034725756744364, 0.9988466030968363, 0.048004091747674886, -0.1404258869943698, 3.553767239425071e-09, -0.048004117449336435, 0.9988471378083387, 5.1500943440419e-09, 0.0, 0.0, 0.0, 1.0]}, {"left_foot_pose": [0.9999979299459696, -0.002023413249285298, -0.0002142489199203517, 0.05954214713015036, 0.002034724496600135, 0.99443897207098, 0.105294780130055, -0.0003449192915415209, 2.62249683340989e-09, -0.10529499810169679, 0.9944410306170823, 3.2606346997421376e-09, 0.0, 0.0, 0.0, 1.0], "right_foot_pose": [0.9999994318631349, -0.0010624395341709751, -8.65773837165867e-05, 0.030626321591655962, 0.001065961259495562, 0.9966971462146466, 0.0812013697801507, -0.14042443787279074, 1.9885793690318386e-08, -0.08120141593479618, 0.9966977124736385, 0.0028303684454499614, 0.0, 0.0, 0.0, 1.0]}, {"left_foot_pose": [0.9999979299459127, -0.0020170643934834783, -0.000267497893510899, 0.059542147077544, 0.0020347245244725642, 0.991318683561483, 0.13146530918093466, -0.0003449192106118118, 1.6655233490256643e-09, -0.13146558132515826, 0.9913207356485786, 2.2142930614088563e-09, 0.0, 0.0, 0.0, 1.0], "right_foot_pose": [0.9999993151582135, -0.0011628034008452093, -0.00013255698706815034, 0.03376479554248639, 0.0011703346109048125, 0.9935689242959616, 0.11322289075211121, -0.1404196162711889, 4.8540628981883436e-08, -0.11322296834837445, 0.9935696047275101, 0.010893360288962761, 0.0, 0.0, 0.0, 1.0]}, {"left_foot_pose": [0.9999979299458345, -0.0020112981001837392, -0.0003078701015694801, 0.05954214684410887, 0.0020347245629921623, 0.988484685575654, 0.1513072578508834, -0.0003449194308580931, 8.80288551199216e-10, -0.15130757106752188, 0.9884867317964608, 1.3597802953069227e-09, 0.0, 0.0, 0.0, 1.0], "right_foot_pose": [0.9999991104374892, -0.0013200656116948426, -0.00019118318644394832, 0.03868127851815886, 0.001333838154816447, 0.9896824231216971, 0.14327219632483756, -0.14041207205267117, 8.19397394327017e-08, -0.14327232388269162, 0.9896833034911957, 0.020534859128509178, 0.0, 0.0, 0.0, 1.0]}, {"left_foot_pose": [0.9999979299457642, -0.0020069691326188932, -0.00033493146793002807, 0.05954214647363262, 0.002034724597456817, 0.98635708914542, 0.16460726772651246, -0.0003449197421982056, 3.2243859641348103e-10, -0.16460760847383685, 0.9863591309622096, 7.844491445307966e-10, 0.0, 0.0, 0.0, 1.0], "right_foot_pose": [0.999998811529894, -0.0015200571932067351, -0.00025761391266819966, 0.044932577316792705, 0.0015417323976870195, 0.9859519680808315, 0.16702197370031463, -0.14040248420653248, 1.1199165331620525e-07, -0.16702217237140732, 0.985953139827813, 0.028027820528445532, 0.0, 0.0, 0.0, 1.0]}, {"left_foot_pose": [0.9999979299457226, -0.0020050951306997706, -0.0003459736809369901, 0.059542146159729505, 0.0020347246179909235, 0.985436046915445, 0.17003428282376165, -0.00034491986897295084, 2.3937373958878586e-11, -0.1700346348047329, 0.9854380868257641, 5.479645695527502e-10, 0.0, 0.0, 0.0, 1.0], "right_foot_pose": [0.9999984170856067, -0.0017514813517172992, -0.00031327201489832435, 0.0520755086083975, 0.0017792768936366003, 0.9843893295298185, 0.17599568767890322, -0.14039152507687525, 1.2846375379779819e-07, -0.1759959664904537, 0.984390887696079, 0.030000008480977648, 0.0, 0.0, 0.0, 1.0]}, {"left_foot_pose": [0.9999979299457247, -0.0020052304163623155, -0.0003451887076219189, 0.059542146192516666, 0.002034724616889317, 0.9855025369351365, 0.16964848832260337, -0.0003449198414055745, 3.820801803882608e-11, -0.16964883950498566, 0.9855045769830867, 5.558917770542848e-10, 0.0, 0.0, 0.0, 1.0], "right_foot_pose": [0.9999979360295815, -0.002000164331310077, -0.00035676213999712104, 0.05966685001153587, 0.0020317324034789222, 0.9844718608797008, 0.17553070158664283, -0.14037987425709716, 1.3203949089781142e-07, -0.17553106414166758, 0.9844738927575866, 0.030000009353067132, 0.0, 0.0, 0.0, 1.0]}, {"left_foot_pose": [0.999997929945764, -0.002007552110025595, -0.00033141924119335956, 0.05954214626603451, 0.0020347245975567345, 0.9866436019557095, 0.16288113032416082, -0.00034491982286474765, 3.17022557168914e-10, -0.16288146749826918, 0.986645644365601, 8.35151406364254e-10, 0.0, 0.0, 0.0, 1.0], "right_foot_pose": [0.9999973908461383, -0.002252078588416432, -0.0003826786475532964, 0.06726340589137515, 0.0022843600636986926, 0.9858749110898074, 0.16746773236287507, -0.14036821584380965, 1.2278332725504648e-07, -0.1674681695896143, 0.98587