{"LoopMode": "Wrap", "FrameDuration": 0.0167, "EnableCycleOffsetPosition": true, "EnableCycleOffsetRotation": false, "Debug_info": [{"left_foot_pose": [1.0000000000000007, -1.0658006258607588e-13, 9.142298029729549e-12, -1.722971572819902e-12, 2.7245352964101267e-14, 0.9999620375649145, 0.008713405133775453, 1.0063824773531849e-13, -9.143051227951343e-12, -0.00871340513377572, 0.9999620375649145, 2.138260402073655e-11, 0.0, 0.0, 0.0, 1.0], "right_foot_pose": [0.9999999999999998, 2.0330993004855253e-13, 9.115097565626227e-12, -1.4263834224087668e-12, -7.482640223092434e-14, 0.9999007561195519, -0.014088218891978622, -0.14000000000225418, -9.11728671130482e-12, 0.014088218891978437, 0.9999007561195519, 1.646403846589095e-11, 0.0, 0.0, 0.0, 1.0]}, {"left_foot_pose": [1.0000000000000007, -1.499402566464662e-13, 2.0025481273222574e-11, -3.673529773327129e-12, 3.7084552872631565e-14, 0.9999840273199926, 0.005652000078677357, 1.1308575603719007e-12, -2.0026203881862947e-11, -0.005652000078677626, 0.9999840273199928, 4.535542080796873e-11, 0.0, 0.0, 0.0, 1.0], "right_foot_pose": [1.0, 5.283245331858379e-13, 2.0006163392594086e-11, -3.247816324708134e-12, -1.8508230377158995e-13, 0.9998529161651509, -0.017150686168299432, -0.1400000000040077, -2.0012318406275323e-11, 0.017150686168299248, 0.999852916165151, 3.7861956625473425e-11, 0.0, 0.0, 0.0, 1.0]}, {"left_foot_pose": [1.0000000000000007, -4.706668135872106e-14, 3.472994114517292e-11, -6.285663234849384e-12, -1.8863759756780958e-15, 0.9999989931392242, 0.0014190562140248466, 2.9221538383472634e-12, -3.473023288014902e-11, -0.0014190562140251166, 0.9999989931392244, 7.765300902295991e-11, 0.0, 0.0, 0.0, 1.0], "right_foot_pose": [0.9999999999999998, 1.1288810181796999e-12, 3.475775223193977e-11, -5.758099853849767e-12, -3.852344639053992e-13, 0.9997712852838804, -0.021386377014773306, -0.14000000000594884, -3.477391197974704e-11, 0.021386377014773125, 0.9997712852838803, 6.725757450976033e-11, 0.0, 0.0, 0.0, 1.0]}, {"left_foot_pose": [1.0000000000000007, 3.4820169940840056e-13, 5.300815342224042e-11, -9.516705140848949e-12, -1.3810599902016576e-13, 0.999992170461619, -0.003957147389334504, 5.611146963735436e-12, -5.3009446150024684e-11, 0.003957147389334231, 0.9999921704616193, 1.1803875932248076e-10, 0.0, 0.0, 0.0, 1.0], "right_foot_pose": [0.9999999999999998, 2.144215699482129e-12, 5.314687578916731e-11, -8.930020640928755e-12, -7.20754608237804e-13, 0.9996416673109121, -0.026768208305002084, -0.1400000000078534, -5.3185352172510854e-11, 0.026768208305001904, 0.9996416673109119, 1.0414911294498452e-10, 0.0, 0.0, 0.0, 1.0]}, {"left_foot_pose": [1.0000000000000004, 1.2165690375628237e-12, 7.502354293364987e-11, -1.3395220936837315e-11, -4.3140834726104225e-13, 0.9999452905958043, -0.010460201492967952, 9.423288538368269e-12, -7.50324312217405e-11, 0.010460201492967681, 0.9999452905958042, 1.6724661933142926e-10, 0.0, 0.0, 0.0, 1.0], "right_foot_pose": [1.0, 3.763911817550391e-12, 7.537120927381122e-11, -1.2809910367630228e-11, -1.253332448969464e-12, 0.9994460251932097, -0.03328126688534944, -0.1400000000095028, -7.545486146550575e-11, 0.03328126688534925, 0.9994460251932096, 1.488851611441966e-10, 0.0, 0.0, 0.0, 1.0]}, {"left_foot_pose": [1.0000000000000004, 2.7947918865072237e-12, 1.0135214889572805e-10, -1.802133690178346e-11, -9.598974805892509e-13, 0.9998362474692034, -0.018096360040147717, 1.469768577677666e-11, -1.0138621845707758e-10, 0.018096360040147447, 0.9998362474692035, 2.2704524371697232e-10, 0.0, 0.0, 0.0, 1.0], "right_foot_pose": [0.9999999999999998, 6.250488888810864e-12, 1.0205103428972958e-10, -1.752096298851223e-11, -2.0678831000654814e-12, 0.999161867426511, -0.0409336375218121, -0.14000000001064833, -1.0222137313021996e-10, 0.040933637521811915, 0.999161867426511, 2.0270304185165955e-10, 0.0, 0.0, 0.0, 1.0]}, {"left_foot_pose": [1.0000000000000004, 5.4082014944944365e-12, 1.329401033700605e-10, -2.355992129708229e-11, -1.830207698985773e-12, 0.9996382078885345, -0.026897087749413517, 2.1910187206208853e-11, -1.3303770077378626e-10, 0.02689708774941325, 0.9996382078885347, 3.002550499897616e-10, 0.0, 0.0, 0.0, 1.0], "right_foot_pose": [0.9999999999999998, 9.972302399534746e-12, 1.3419504396594556e-10, -2.325968669779085e-11, -3.2824965987160524e-12, 0.9987612527114377, -0.04975902010972026, -0.1400000000109611, -1.345249992699046e-10, 0.049759020109720074, 0.9987612527114378, 2.6768009336874954e-10, 0.0, 0.0, 0.0, 1.0]}, {"left_foot_pose": [1.0000000000000007, 9.51022470406776e-12, 1.7102480542874317e-10, -3.022870845684527e-11, -3.1896238286676163e-12, 0.9993183223462844, -0.036917348537078294, 3.1687050552897666e-11, -1.7125935974234084e-10, 0.03691734853707801, 0.9993183223462849, 3.9074653235271484e-10, 0.0, 0.0, 0.0, 1.0], "right_foot_pose": [1.0, 1.544323820452453e-11, 1.7312701272587098e-10, -3.0286660722404795e-11, -5.0599217997891375e-12, 0.9982094732408767, -0.059815111235972704, -0.14000000000997112, -1.7374102807725716e-10, 0.059815111235972517, 0.9982094732408765, 3.466308559629816e-10, 0.0, 0.0, 0.0, 1.0]}, {"left_foot_pose": [1.0000000000000007, 1.571562646625051e-11, 2.1691837215342934e-10, -3.8264538337641266e-11, -5.235145906506872e-12, 0.9988362843902548, -0.048229420331067384, 4.477155451931836e-11, -2.174242074550937e-10, 0.0482294203310671, 0.9988362843902552, 5.032066152654835e-10, 0.0, 0.0, 0.0, 1.0], "right_foot_pose": [0.9999999999999998, 2.335279092625362e-11, 2.20277629470189e-10, -3.889270231844507e-11, -7.614703059058583e-12, 0.9974636644415897, -0.07117751132735559, -0.14000000000700474, -2.2138119397472396e-10, 0.07117751132735542, 0.9974636644415896, 4.4275836469376273e-10, 0.0, 0.0, 0.0, 1.0]}, {"left_foot_pose": [1.0000000000000007, 2.477619107278054e-11, 2.7135477198569855e-10, -4.7818537615589096e-11, -8.202228277116916e-12, 0.9981433974375189, -0.06090778400079939, 6.182765063811324e-11, -2.7236030301074803e-10, 0.06090778400079911, 0.9981433974375193, 6.419701367721409e-10, 0.0, 0.0, 0.0, 1.0], "right_foot_pose": [0.9999999999999998, 3.4523805685740806e-11, 2.7652286016532897e-10, -4.928394020061434e-11, -1.1194858111337861e-11, 0.9964721042522005, -0.083924641477887, -0.14000000000116047, -2.784448634313731e-10, 0.08392464147788686, 0.9964721042522003, 5.584510909262264e-10, 0.0, 0.0, 0.0, 1.0]}, {"left_foot_pose": [1.0000000000000004, 3.732449741749845e-11, 3.326104391909717e-10, -5.864537414302252e-11, -1.2275675355275763e-11, 0.9971840789425104, -0.07499275100686713, 8.276873630919113e-11, -3.344731436985448e-10, 0.07499275100686682, 0.9971840789425109, 8.068447576725646e-10, 0.0, 0.0, 0.0, 1.0], "right_foot_pose": [1.0, 4.9589906712819045e-11, 3.4025393613745765e-10, -6.123259531591081e-11, -1.597133801760097e-11, 0.9951764478890003, -0.09810115986588526, -0.13999999999147691, -3.4347769935139153e-10, 0.09810115986588508, 0.9951764478890003, 6.91530915863936e-10, 0.0, 0.0, 0.0, 1.0]}, {"left_foot_pose": [1.0000000000000004, 5.286157075845026e-11, 3.9145658936590073e-10, -6.924584898235082e-11, -1.7256164434225082e-11, 0.9959053255143586, -0.09040233742631124, 1.0484770517071862e-10, -3.9463281129466315e-10, 0.0904023374263109, 0.9959053255143585, 9.802439346340286e-10, 0.0, 0.0, 0.0, 1.0], "right_foot_pose": [1.0, 6.777605084689197e-11, 4.0213044005810125e-10, -7.310645870013189e-11, -2.1643370517844172e-11, 0.9935232610539002, -0.11362891245111889, -0.1399999999777764, -4.0722749242113675e-10, 0.11362891245111867, 0.9935232610539001, 8.24582263581064e-10, 0.0, 0.0, 0.0, 1.0]}, {"left_foot_pose": [1.0000000000000002, 6.669926479093678e-11, 4.1916803361630054e-10, -7.475318626580848e-11, -2.1585154594069946e-11, 0.9942893050840792, -0.10671821679272894, 1.1813524984638502e-10, -4.238924650579722e-10, 0.10671821679272865, 0.9942893050840789, 1.0925186935684117e-09, 0.0, 0.0, 0.0, 1.0], "right_foot_pose": [0.9999999999999999, 8.328390989099312e-11, 4.324854363524362e-10, -7.949413063831315e-11, -2.631410548255194e-11, 0.9915021881240561, -0.13009001093554073, -0.1399999999633742, -4.396447839457381e-10, 0.13009001093554054, 0.9915021881240561, 8.980818172465987e-10, 0.0, 0.0, 0.0, 1.0]}, {"left_foot_pose": [1.0000000000000004, 6.352026600611513e-11, 3.4792163594587914e-10, -6.320405193005343e-11, -2.0362401092743033e-11, 0.9924481271661694, -0.12266505160135767, 9.88841057647516e-11, -3.5308600045362366e-10, 0.12266505160135738, 0.9924481271661696, 9.541493983800109e-10, 0.0, 0.0, 0.0, 1.0], "right_foot_pose": [0.9999999999999998, 7.779747459839094e-11, 3.6047553830798015e-10, -6.715262299276137e-11, -2.4260640331232123e-11, 0.9892553092322168, -0.14619826659667015, -0.1399999999608077, -3.679761724997766e-10, 0.14619826659667, 0.9892553092322168, 7.624326031629991e-10, 0.0, 0.0, 0.0, 1.0]}, {"left_foot_pose": [1.0000000000000002, 1.3181554020835971e-10, 6.506947758388979e-10, -2.4884681897649668e-09, -3.907629915455656e-11, 0.9900788254049727, -0.14051305805764294, -1.345288733536898e-08, -6.627611630421777e-10, 0.1405130580576427, 0.9900788254049726, 0.005517079686442862, 0.0, 0.0, 0.0, 1.0], "right_foot_pose": [0.9999999999999998, 5.6074045150279946e-11, 2.3787521952200987e-10, 3.655410441161669e-11, -1.730274389769285e-11, 0.9871243492887302, -0.15995474060277529, -0.14000000029305568, -2.437818787941754e-10, 0.15995474060277512, 0.9871243492887299, 4.949386317454341e-10, 0.0, 0.0, 0.0, 1.0]}, {"left_foot_pose": [1.0000000000000002, 1.9679321007607213e-10, 8.325773959150205e-10, -4.143798241304196e-09, -5.882016208074433e-11, 0.9866965059990281, -0.16257307602832397, -1.95730275043271e-08, -8.534947047359641e-10, 0.16257307602832372, 0.9866965059990279, 0.018168995785181857, 0.0, 0.0, 0.0, 1.0], "right_foot_pose": [0.9999999999999996, 2.6840005301682347e-11, 1.0679251927214736e-10, 9.93191025046866e-11, -8.274666898969102e-12, 0.9854132584707151, -0.17017846523613944, -0.14000000033055832, -1.0980255908359439e-10, 0.17017846523613925, 0.9854132584707149, 4.4494666978645014e-10, 0.0, 0.0, 0.0, 1.0]}, {"left_foot_pose": [1.0000000000000004, 1.478743873472463e-10, 5.531191615837346e-10, -3.029340539982149e-09, -4.3503630890356235e-11, 0.9829031275517286, -0.18412344187808163, -1.1921237583895072e-08, -5.708898275103271e-10, 0.1841234418780814, 0.9829031275517285, 0.031638525197266384, 0.0, 0.0, 0.0, 1.0], "right_foot_pose": [0.9999999999999998, 4.781110032515588e-12, 1.7991552692109255e-11, 7.629750432713021e-11, -1.5407396316746267e-12, 0.9843980561227915, -0.17595586691460302, -0.14000000013782304, -1.8552215721229742e-11, 0.17595586691460285, 0.9843980561227916, 2.2728433024532535e-10, 0.0, 0.0, 0.0, 1.0]}, {"left_foot_pose": [1.0000000000000002, 4.667826110561806e-13, 3.6758374122314235e-12, -1.036035259261332e-10, 2.609147815078712e-13, 0.9807230676243142, -0.19540282656490948, -4.4350798034109573e-10, -3.696533495479622e-12, 0.19540282656490923, 0.980723067624314, 0.03960754747370668, 0.0, 0.0, 0.0, 1.0], "right_foot_pose": [1.0, 1.9258450800351105e-12, 7.122302747575294e-12, 1.5404066805432927e-11, -6.37642281651067e-13, 0.984281179634355, -0.17660849191814879, -0.1399999999814581, -7.35050291145798e-12, 0.17660849191814862, 0.9842811796343549, 2.2756969919601744e-11, 0.0, 0.0, 0.0, 1.0]}, {"left_foot_pose": [1.0000000000000007, 3.705237806735577e-11, 1.334143906461798e-10, 1.426554697626312e-11, -1.102495279653334e-11, 0.9817794235448616, -0.19002411295390964, 6.187521675582452e-11, -1.3802458041276937e-10, 0.19002411295390942, 0.9817794235448618, 0.040000000227717616, 0.0, 0.0, 0.0, 1.0], "right_foot_pose": [0.9999999999999996, 2.1457235179759666e-11, 8.434969389625725e-11, -7.547210500235544e-12, -6.6422214772052655e-12, 0.985122693077553, -0.17185249367882177, -0.13999999998082527, -8.678251187670206e-11, 0.17185249367882163, 0.985122693077553, 1.6493129084693692e-10, 0.0, 0.0, 0.0, 1.0]}, {"left_foot_pose": [1.0000000000000002, 1.0031850943286002e-10, 3.8396641421911516e-10, 1.2767296284949828e-11, -3.044526590816743e-11, 0.9840642917140863, -0.17781301913317502, 1.6372712213774676e-10, -3.9568581709262573e-10, 0.17781301913317482, 0.9840642917140863, 0.04000000065486079, 0.0, 0.0, 0.0, 1.0], "right_foot_pose": [0.9999999999999998, 5.7958641266505706e-11, 2.415826982904431e-10, -3.0543147040376734e-11, -1.803505453571764e-11, 0.9867766796059649, -0.16208573220930667, -0.13999999995447315, -2.477824904613889e-10, 0.16208573220930653, 0.9867766796059646, 4.79402212372193e-10, 0.0, 0.0, 0.0, 1.0]}, {"left_foot_pose": [1.0000000000000004, 3.3874392893345316e-10, 1.4636553080649093e-09, -1.96689008945733e-09, -1.0607912094070219e-10, 0.9877375819853426, -0.15612324981805228, -8.527935982383106e-09, -1.4985933548436493e-09, 0.15612324981805203, 0.9877375819853428, 0.03757000667628756, 0.0, 0.0, 0.0, 1.0], "right_foot_pose": [0.9999999999999999, 1.1098882758800303e-10, 5.099085043092082e-10, -9.746700352700921e-11, -3.481662771746695e-11, 0.9891337046293743, -0.1470187551510679, -0.14000000026906967, -5.206853428596033e-10, 0.14701875515106771, 0.9891337046293743, 1.0365724528726972e-09, 0.0, 0.0, 0.0, 1.0]}, {"left_foot_pose": [1.0000000000000002, 4.06657245526285e-10, 2.256692055446756e-09, -4.64751033318995e-09, -1.3093810841310396e-10, 0.9926698775645016, -0.12085741258225868, -2.1890830023685304e-08, -2.2892978205161087e-09, 0.12085741258225845, 0.9926698775645016, 0.026715186653780892, 0.0, 0.0, 0.0, 1.0], "right_foot_pose": [0.9999999999999998, 1.6135526462204236e-10, 8.620327784925044e-10, -1.4873435196105142e-10, -5.125813162120354e-11, 0.9920021526511485, -0.1262209536308745, -0.14000000076902708, -8.755048377263671e-10, 0.12622095363087427, 0.9920021526511485, 1.9715251167728987e-09, 0.0, 0.0, 0.0, 1.0]}, {"left_foot_pose": [1.0000000000000004, 2.6279344590229453e-10, 2.1054452070678974e-09, -4.042510704483947e-09, -8.730216712083519e-11, 0.996556112253204, -0.08292113802150029, -2.1772456519977834e-08, -2.1199853580508666e-09, 0.08292113802149999, 0.9965561122532038, 0.012812779549830997, 0.0, 0.0, 0.0, 1.0], "right_foot_pose": [0.9999999999999999, 1.8528794546958988e-10, 1.244398084576658e-09, -2.0406017281475536e-10, -5.97182689873316e-11, 0.994971427543455, -0.10015916519290222, -0.14000000095255177, -1.2566991214929035e-09, 0.10015916519290206, 0.994971427543455, 2.8471934879203964e-09, 0.0, 0.0, 0.0, 1.0]}, {"left_foot_pose": [1.0000000000000007, 1.279652700007321e-10, 1.7825272369265103e-09, -1.6675334837716358e-09, -4.354760450561172e-11, 0.998881772590192, -0.047277948211369, -9.368180365135204e-09, -1.7865841300795564e-09, 0.047277948211368714, 0.9988817725901922, 0.0021809028989699317, 0.0, 0.0, 0.0, 1.0], "right_foot_pose": [1.0, 1.6399217414577507e-10, 1.5792785412749302e-09, -2.9098548009351357e-10, -5.358281861751168e-11, 0.9975708622931668, -0.06965898867818647, -0.14000000059010909, -1.5868657680619033e-09, 0.06965898867818632, 0.9975708622931669, 3.3502716711986125e-09, 0.0, 0.0, 0.0, 1.0]}, {"left_foot_pose": [1.0000000000000007, 3.450951264668888e-11, 1.697543716705496e-09, -2.162918113230352e-10, -1.1313726022054604e-11, 0.9999066673811834, -0.013662229929867997, 3.3176867503259544e-10, -1.6978568851299458e-09, 0.013662229929867724, 0.9999066673811834, 3.57300702913399e-09, 0.0, 0.0, 0.0, 1.0], "right_foot_pose": [0.9999999999999999, 9.333623624972787e-11, 1.7095659332611029e-09, -3.1739343597426555e-10, -3.0884417962295736e-11, 0.9993338572131024, -0.036494408168686286, -0.14000000011158517, -1.7118336392479838e-09, 0.036494408168686106, 0.9993338572131021, 3.491100616925813e-09, 0.0, 0.0, 0.0, 1.0]}, {"left_foot_pose": [1.0000000000000004, -4.540415985319401e-11, 1.559317674981743e-09, -2.1488184334965084e-10, 1.4981428516614824e-11, 0.9998097602566809, 0.019504955664634373, 2.0474293961625367e-10, -1.5599068431899635e-09, -0.019504955664634643, 0.9998097602566809, 3.2142543002211532e-09, 0.0, 0.0, 0.0, 1.0], "right_foot_pose": [0.9999999999999999, 7.89910833138523e-12, 1.556277162695352e-09, -3.144101318096162e-10, -2.755250356867562e-12, 0.9999945378912637, -0.00330517588608456, -0.1400000002011013, -1.5562948928720628e-09, 0.00330517588608438, 0.9999945378912637, 3.270027880419857e-09, 0.0, 0.0, 0.0, 1.0]}, {"left_foot_pose": [1.0000000000000007, -8.737074304895029e-11, 1.1770953101120104e-09, -1.1277029811191099e-10, 2.872101870879262e-11, 0.9987624880220438, 0.0497342188037308, 3.3657397702224756e-10, -1.1799842187886983e-09, -0.04973421880373106, 0.9987624880220443, 2.4455292652048044e-09, 0.0, 0.0, 0.0, 1.0], "right_foot_pose": [0.9999999999978045, -2.09467328492715e-06, -5.6396332048781194e-08, 4.190804190989012e-05, 2.0954323454532514e-06, 0.9996370924518889, 0.026938511279261643, -0.14000010120723197, -5.1514620543472884e-11, -0.026938511279320856, 0.9996370924540836, 0.0005096367371093743, 0.0, 0.0, 0.0, 1.0]}, {"left_foot_pose": [1.0000000000000004, -8.640053499419682e-11, 7.712774863222212e-10, 1.274687676797783e-10, 2.8321999895608837e-11, 0.997184530364026, 0.07498674818044669, 7.305760198195177e-10, -7.755851792809285e-10, -0.07498674818044695, 0.9971845303640261, 1.844333755163241e-09, 0.0, 0.0, 0.0, 1.0], "right_foot_pose": [0.9999999991818576, -4.03900652082571e-05, -2.219780055767491e-06, 0.0008090124029932142, 4.045101627100431e-05, 0.9985048110615483, 0.054663887994329495, -0.140002008250269, 8.583064428534626e-09, -0.05466388803939917, 0.9985048118784488, 0.008780415174920071, 0.0, 0.0, 0.0, 1.0]}, {"left_foot_pose": [1.0000000000000004, -6.011594611213052e-11, 4.2521408616380665e-10, 2.0090157124963774e-10, 1.9630619560560914e-11, 0.9955173967159173, 0.0945786066505712, 6.246718697866527e-10, -4.289940083251453e-10, -0.09457860665057151, 0.9955173967159174, 1.1796666490870855e-09, 0.0, 0.0, 0.0, 1.0], "right_foot_pose": [0.9999999928763526, -0.0001189614329627289, -9.770973286137562e-06, 0.0023872168584314016, 0.00011936202900233417, 0.9966589033564472, 0.08167628856057083, -0.14000595154476286, 2.1999193807089212e-08, -0.0816762891450211, 0.9966589104560788, 0.02232866640694508, 0.0, 0.0, 0.0, 1.0]}, {"left_foot_pose": [1.0000000000000004, -2.7502268906995864e-11, 1.692928019991774e-10, 1.2730604471264051e-10, 9.032671439409632e-12, 0.9941348457810791, 0.10814762320009996, 2.6520666652346536e-10, -1.712741874200328e-10, -0.1081476232001002, 0.9941348457810792, 4.77486189476295e-10, 0.0, 0.0, 0.0, 1.0], "right_foot_pose": [0.9999999738437253, -0.00022743556818203035, -2.419938680814178e-05, 0.00457434889418943, 0.0002287193621469239, 0.9944041371812814, 0.10564260335775703, -0.1400114272849378, 3.7084840185489184e-08, -0.10564260612940864, 0.9944041631902921, 0.03483626285715759, 0.0, 0.0, 0.0, 1.0]}, {"left_foot_pose": [1.0000000000000002, -4.5482101360976075e-12, 2.5076218879149886e-11, -1.8822288140113984e-11, 1.6250344804562283e-12, 0.9933221607556396, 0.11537367529790998, 2.263448109496302e-12, -2.5433642262348773e-11, -0.11537367529791026, 0.9933221607556398, 1.1986701908828223e-10, 0.0, 0.0, 0.0, 1.0], "right_foot_pose": [0.9999999357698518, -0.000355864338726122, -4.2671588062756306e-05, 0.007168233762139489, 0.00035841357357616993, 0.9929032328614097, 0.11892452107564422, -0.1400179204594838, 4.776168795692328e-08, -0.11892452873118114, 0.9929032966336974, 0.04000000115742305, 0.0, 0.0, 0.0, 1.0]}, {"left_foot_pose": [1.0000000000000007, -1.4827692080250731e-12, 6.829925514040299e-12, -5.734408534670326e-12, 6.783405937086732e-13, 0.9932081293535283, 0.11635124316510581, 1.331579378011094e-11, -6.956376764831171e-12, -0.11635124316510609, 0.9932081293535285, 9.30927834819073e-11, 0.0, 0.0, 0.0, 1.0], "right_foot_pose": [0.9999998758309382, -0.0004947145283229866, -5.996368306332015e-05, 0.009966666765936981, 0.0004983353341938785, 0.992746172079672, 0.12022807277442575, -0.14002491652535184, 5.014251103796389e-08, -0.120228087727841, 0.9927462953450413, 0.040000001070877596, 0.0, 0.0, 0.0, 1.0]}, {"left_foot_pose": [1.0000000000000004, -1.679269135399985e-11, 9.95875604203892e-11, -9.814057733405058e-12, 5.599924210656262e-12, 0.993781715302641, 0.11134586804251617, 1.5803398520364276e-11, -1.0083828451447331e-10, -0.11134586804251642, 0.9937817153026411, 2.964077178146951e-10, 0.0, 0.0, 0.0, 1.0], "right_foot_pose": [0.9999997962382499, -0.0006342149111907464, -7.276609721345595e-05, 0.01276747835035542, 0.0006383756389407129, 0.9934902710866587, 0.11391520413316683, -0.14003191863159867, 4.5688574049319006e-08, -0.11391522737370945, 0.9934904735186914, 0.04000000106233475, 0.0, 0.0, 0.0, 1.0]}, {"left_foot_pose": [1.0000000000000002, -4.795653861620722e-11, 3.2051189480242313e-10, -1.9961793390959186e-10, 1.5627254656073543e-11, 0.994975682764188, 0.10011688522890855, 3.6851538140481033e-10, -3.2370295449886913e-10, -0.10011688522890883, 0.9949756827641881, 9.527343358683993e-10, 0.0, 0.0, 0.0, 1.0], "right_foot_pose": [0.9999997047611072, -0.0007648624012740696, -7.391349894585918e-05, 0.015368485672251093, 0.0007684254661893261, 0.9953670565277697, 0.0961448506241826, -0.1400384114653799, 3.348056479237453e-08, -0.09614487903549841, 0.9953673503964496, 0.035066712412493706, 0.0, 0.0, 0.0, 1.0]}, {"left_foot_pose": [1.0000000000000002, -7.841464736952202e-11, 6.349484271694921e-10, -3.2514958478110844e-10, 2.566020568797785e-11, 0.9965776036156394, 0.08266244595770254, 7.380395131845185e-10, -6.392575290914567e-10, -0.0826624459577028, 0.9965776036156396, 1.8587734754160756e-09, 0.0, 0.0, 0.0, 1.0], "right_foot_pose": [0.9999996142276719, -0.0008763056627803878, -6.0273483223676056e-05, 0.017567501419351695, 0.0008783760624427319, 0.9976439542229324, 0.06859860827979163, -0.14004390119534613, 1.8127243623396856e-08, -0.06859863475913185, 0.9976443390854193, 0.022659681994450148, 0.0, 0.0, 0.0, 1.0]}, {"left_foot_pose": [1.0000000000000007, -9.83676960634807e-11, 9.544697809893444e-10, -3.889618748144075e-10, 3.2362297965158306e-11, 0.9976229256107148, 0.06890934839279013, 7.749115515931493e-10, -9.58979584835413e-10, -0.0689093483927904, 0.9976229256107151, 2.502955953609387e-09, 0.0, 0.0, 0.0, 1.0], "right_foot_pose": [0.9999995410041017, -0.0009569804202394322, -4.6691123176727814e-05, 0.01916236209733467, 0.0009581187742916243, 0.9988118054667048, 0.04872431906918437, -0.14004789063403592, 7.4257005616581656e-09, -0.048724341440563645, 0.9988122639170902, 0.009063335663322049, 0.0, 0.0, 0.0, 1.0]}, {"left_foot_pose": [1.0000000000000004, -8.197449390538057e-11, 1.3248750985184206e-09, -3.9725411907898055e-10, 2.714130757382779e-11, 0.9991453519254702, 0.041334800419609186, 3.466956773751084e-10, -1.3271314292109304e-09, -0.041334800419609456, 0.9991453519254705, 3.1177753712086087e-09, 0.0, 0.0, 0.0, 1.0], "right_foot_pose": [0.9999995024524904, -0.000997366403681454, -1.8842188729378717e-05, 0.019950887657531335, 0.0009975443705762931, 0.999821088527821, 0.018889040215730103, -0.14004987312514103, -4.764633930822636e-10, -0.018889049613454664, 0.99982158598657, 0.0005957976123236453, 0.0, 0.0, 0.0, 1.0]}, {"left_foot_pose": [1.0000000000000002, -2.3581516000581224e-11, 1.468576871221928e-09, -4.403029521715363e-10, 7.968898524722886e-12, 0.9999434953119218, 0.010630436650373325, 1.4156867865489087e-10, -1.4687446211180458e-09, -0.010630436650373592, 0.999943495311922, 3.4866330655969335e-09, 0.0, 0.0, 0.0, 1.0], "right_foot_pose": [0.9999995000000506, -0.0009999296229635504, 1.1848950005727275e-05, 0.019999999961858275, 0.0009999998242470824, 0.9999293161494026, -0.011847476749900852, -0.14005000025648057, -1.4695167773692021e-09, 0.011847482675110821, 0.9999298161142426, 3.5218367111511384e-09, 0.0, 0.0, 0.0, 1.0]}, {"left_foot_pose": [1.0000000000000002, 3.920386467894579e-11, 1.323690212995387e-09, -4.6397055088664655e-10, -1.2577629504131644e-11, 0.9997977953194848, -0.020108915293930323, 1.909505990826954e-10, -1.3242110397324176e-09, 0.020108915293930055, 0.999797795319485, 3.3079446334904894e-09, 0.0, 0.0, 0.0, 1.0], "right_foot_pose": [0.9999995000000695, -0.0009990901882507219, 4.2642774906737006e-05, 0.01999999990717619, 0.000999999805254433, 0.9990899403218796, -0.04264142525775609, -0.14005000016441532, -1.3378488450996784e-09, 0.042641446579812864, 0.9990904398669724, 3.167779441537455e-09, 0.0, 0.0, 0.0, 1.0]}, {"left_foot_pose": [0.9999999998531147, -1.7119317300128975e-05, 8.367994868144683e-07, 0.00034159661089541525, 1.7139754073124445e-05, 0.9988341391104008, -0.04827382576318028, 1.6338149867733964e-07, -9.408954799212187e-09, 0.04827382577043181, 0.9988341392571075, 0.0020214385759889167, 0.0, 0.0, 0.0, 1.0], "right_foot_pose": [0.9999995000000763, -0.0009975193791807546, 7.038952862071219e-05, 0.020000000190834092, 0.0009999997987898334, 0.9975191513781113, -0.07038851209036379, -0.1400500005493905, -9.979738254808965e-10, 0.07038854728562739, 0.9975196501377902, 2.6026654165178797e-09, 0.0, 0.0, 0.0, 1.0]}, {"left_foot_pose": [0.9999999928232661, -0.00011945805181439233, 9.123732922558047e-06, 0.002387719393841145, 0.00011980595786421245, 0.9971171432232809, -0.0758774560510336, 1.1767791788692972e-06, -3.325743105031853e-08, 0.07587745659955851, 0.9971171503790227, 0.012500283167787521, 0.0, 0.0, 0.0, 1.0], "right_foot_pose": [0.9999995000000712, -0.0009956280329098185, 9.340464441754388e-05, 0.02000000044319723, 0.000999999803757143, 0.995627790811978, -0.09340397295218666, -0.1400500008045089, -6.459168205414837e-10, 0.09340401965483272, 0.995628288625991, 2.066802631817133e-09, 0.0, 0.0, 0.0, 1.0]}, {"left_foot_pose": [0.9999999557062085, -0.00029603605216314165, 3.0825914232818306e-05, 0.005931841964925828, 0.00029763665263878546, 0.9946446929650313, -0.10335301722215229, 2.9495892996181383e-06, -6.461280007677185e-08, 0.10335302181917694, 0.9946447370196264, 0.026398319915397622, 0.0, 0.0, 0.0, 1.0], "right_foot_pose": [0.9999995000000601, -0.000993817397224306, 0.00011102526859308443, 0.020000000406911463, 0.000999999814645904, 0.9938171227535233, -0.11102489145358088, -0.14005000058221392, -3.4433466110785976e-10, 0.11102494696638968, 0.9938176196622347, 1.2802233856357148e-09, 0.0, 0.0, 0.0, 1.0]}, {"left_foot_pose": [0.9999998593307702, -0.000526151822611812, 6.710216314188417e-05, 0.010571034526380623, 0.0005304134535802703, 0.9919879072830788, -0.12633174765555485, 5.279506750451024e-06, -9.485510689468028e-08, 0.12633176547645505, 0.991988046818909, 0.03739743133131759, 0.0, 0.0, 0.0, 1.0], "right_foot_pose": [0.9999995000000492, -0.000992424899092804, 0.00012285141823698535, 0.02000000017162443, 0.0009999998256511446, 0.9924245912069679, -0.12285125464573622, -0.14005000017711117, -1.245282019840699e-10, 0.1228513160715116, 0.9924250874194471, 5.105888489786992e-10, 0.0, 0.0, 0.0, 1.0]}, {"left_foot_pose": [0.9999996816641089, -0.0007904863604287874, 0.00010864159567815255, 0.015902364635140342, 0.0007979170821046844, 0.9907060344723304, -0.13601807449173992, 7.950592901706521e-06, -1.1145177567044247e-07, 0.13601811787928958, 0.9907063498376119, 0.04000000478680087, 0.0, 0.0, 0.0, 1.0], "right_foot_pose": [0.9999995000000427, -0.0009916994924193399, 0.00012857597316007747, 0.01999999995941186, 0.000999999832069477, 0.9916991648102605, -0.1285759173211212, -0.1400500000111836, -1.3253155005223161e-11, 0.12857598160911948, 0.9916996606600464, 2.277427690877687e-10, 0.0, 0.0, 0.0, 1.0]}, {"left_foot_pose": [0.9999994168764237, -0.0010698948806515723, 0.00014687327104292086, 0.02152285603163978, 0.001079929072022345, 0.9907221275131218, -0.13589885874823784, 1.0760800779375385e-05, -1.1310630157680366e-07, 0.1358989381151243, 0.9907227052102773, 0.04000000490405589, 0.0, 0.0, 0.0, 1.0], "right_foot_pose": [0.999999500000043, -0.0009917098203862558, 0.00012849628819939192, 0.01999999997156924, 0.0009999998319658234, 0.9917094929714882, -0.1284962316590255, -0.14005000003003718, -1.4000224882413773e-11, 0.12849629590718162, 0.9917099888264381, 2.1724245319321156e-10, 0.0, 0.0, 0.0, 1.0]}, {"left_foot_pose": [0.9999990803182959, -0.0013460897181119002, 0.00016554466017206851, 0.027029579287903695, 0.0013562310107328474, 0.9925301806989809, -0.12199180726218817, 1.3512632745887182e-05, -9.615402502224674e-08, 0.12199191958535639, 0.9925310934957513, 0.03967750726007717, 0.0, 0.0, 0.0, 1.0], "right_foot_pose": [0.9999995000000514, -0.0009930370848937836, 0.00011780065755063142, 0.01999999989100903, 0.0009999998234468841, 0.993036783623999, -0.11780045148494254, -0.14005000011738578, -1.6914123292147417e-10, 0.11780051038535945, 0.9930372801425679, 5.549090770218257e-10, 0.0, 0.0, 0.0, 1.0]}, {"left_foot_pose": [0.9999987094082782, -0.001598698267714943, 0.00015920310197833914, 0.032019578736494914, 0.0016066056685430856, 0.9950811280425021, -0.09905032777274365, 1.599569795419052e-05, -6.841487771696676e-08, 0.09905045571581636, 0.9950824122767348, 0.03191398768438835, 0.0, 0.0, 0.0, 1.0], "right_foot_pose": [0.9999995000000634, -0.0009945528937059392, 0.00010423130298187697, 0.019999999657029574, 0.0009999998114500232, 0.9945526291368232, -0.10423083937784391, -0.14005000053425037, -4.335025139341195e-10, 0.10423089149371399, 0.994553126413278, 1.3344099228373985e-09, 0.0, 0.0, 0.0, 1.0]}, {"left_foot_pose": [0.9999983604355697, -0.001806526464139114, 0.00012485314546737392, 0.036089899669765495, 0.0018108357662183158, 0.9976200338571252, -0.06892741777215636, 1.8025845564172138e-05, -3.679489838332131e-08, 0.06892753084975489, 0.9976216695175361, 0.018501297442939532, 0.0, 0.0, 0.0, 1.0], "right_foot_pose": [0.9999995000000736, -0.000996413751056985, 8.461228707840531e-05, 0.019999999535474315, 0.0009999998012097844, 0.9964135165106242, -0.08461148926315862, -0.1400500008228171, -7.751086221681871e-10, 0.08461153156969031, 0.9964140147174925, 2.213184358001996e-09, 0.0, 0.0, 0.0, 1.0]}, {"left_foot_pose": [0.9999981012751273, -0.0019472847063275389, 7.435330257269774e-05, 0.03883761904929833, 0.0019487037078398863, 0.9992701676587173, -0.038148847704468886, 1.9405913963136193e-05, -1.2369429043989878e-08, 0.038148920162859014, 0.9992720650005227, 0.005757559829191128, 0.0, 0.0, 0.0, 1.0], "right_foot_pose": [0.9999995000000754, -0.0009982208611616097, 5.962139950255644e-05, 0.019999999492974003, 0.0009999997994678117, 0.9982206300569256, -0.059620245966912476, -0.14005000073211582, -1.1377046056730593e-09, 0.05962027577818136, 0.9982211291673474, 2.9263556924896683e-09, 0.0, 0.0, 0.0, 1.0]}, {"left_foot_pose": [0.9999980000154801, -0.00199992809394757, 1.589528596228032e-05, 0.03985979250330174, 0.0019999912602498807, 0.9999664224221915, -0.007946953071664839, 1.992995948978983e-05, -1.417527904476223e-09, 0.007946968968314441, 0.999968422343535, 9.276863624438358e-07, 0.0, 0.0, 0.0, 1.0], "right_foot_pose": [0.9999995000000633, -0.0009995332832373387, 3.0542414647065605e-05, 0.019999999637719337, 0.0009999998116949045, 0.9995330141529634, -0.030541015350980458, -0.1400500001061672, -1.3904246333443448e-09, 0.030541030622883426, 0.9995335139196146, 3.3804539445458914e-09, 0.0, 0.0, 0.0, 1.0]}, {"left_foot_pose": [0.9999980000006339, -0.0019994773783903385, -4.566121390499654e-05, 0.03985994007833791, 0.0019999986832868774, 0.9997373316130221, 0.022831289594366942, 1.9930184039548826e-05, -1.426916146887189e-09, -0.02283133525417017, 0.9997393310911165, 3.5874715142991676e-09, 0.0, 0.0, 0.0, 1.0], "right_foot_pose": [0.999999500000042, -0.0009999998010383237, -2.514726542515288e-07, 0.019999999580169837, 0.0009999998326566102, 0.9999994680219499, 0.0002528955355218117, -0.14005000017330227, -1.4229648596113016e-09, -0.0002528956605468474, 0.9999999680218918, 3.5386604133047506e-09, 0.0, 0.0, 0.0, 1.0]}, {"left_foot_pose": [0.9999980000006048, -0.001997238461685276, -0.00010503960379428295, 0.03985993998382598, 0.0019999986977995896, 0.9986178522546629, 0.05252033095377529, 1.9930107125545882e-05, -1.2014587909935637e-09, -0.0525204359922162, 0.9986198494938845, 3.008701163209615e-09, 0.0, 0.0, 0.0, 1.0], "right_foot_pose": [0.9999995000000248, -0.0009995532893758963, -2.988179073043097e-05, 0.019999999546650795, 0.000999999849859045, 0.9995529041982071, 0.029882966874632787, -0.14005000018339064, -1.187128531010322e-09, -0.029882981814936517, 0.9995534039749192, 3.1427823191099158e-09, 0.0, 0.0, 0.0, 1.0]}, {"left_foot_pose": [0.9999980000006008, -0.0019938407791760286, -0.00015682393418349814, 0.0398599403695424, 0.001999998699759227, 0.9969190104238684, 0.07841228641416248, 1.9930660973282652e-05, -8.529642056131929e-10, -0.0784124432373015, 0.9969210042654121, 2.5434647166200364e-09, 0.0, 0.0, 0.0, 1.0], "right_foot_pose": [0.9999994609252641, -0.0010366488575732622, -5.92311296774238e-05, 0.020769479610606368, 0.0010383396267384752, 0.9983718502096848, 0.057031312098793745, -0.14004883488543665, 1.3247992903644445e-08, -0.057031342856683515, 0.9983723884062313, 0.004375576777212897, 0.0, 0.0, 0.0, 1.0]}, {"left_foot_pose": [0.9999980000006159, -0.0019900978705399714, -0.0001987592373952247, 0.03985994052362257, 0.001999998692194216, 0.9950475698990509, 0.09937974463252361, 1.9930752950294596e-05, -5.220029901881092e-10, -0.09937994339131066, 0.995049559997662, 1.9262725650670554e-09, 0.0, 0.0, 0.0, 1.0], "right_foot_pose": [0.9999993211405624, -0.0011610696573994819, -9.816142244133854e-05, 0.02331578371330716, 0.0011652117458254387, 0.9964474016073668, 0.08420937068708194, -0.14004500849965687, 3.974915617026455e-08, -0.08420942789959851, 0.9964480780516467, 0.016515927238863443, 0.0, 0.0, 0.0, 1.0]}, {"left_foot_pose": [0.9999980000006383, -0.001986754964461011, -0.0002297812767464054, 0.03985994040681705, 0.001999998680988275, 0.9933761361071973, 0.11489060979040741, 1.9930444985359792e-05, -2.5252709258966744e-10, -0.11489083957151183, 0.9933781228628675, 1.0859153021236523e-09, 0.0, 0.0, 0.0, 1.0], "right_foot_pose": [0.9999990734283744, -0.001352952716497942, -0.00015053683808157367, 0.027251269984868563, 0.0013613017253767724, 0.9938718189555249, 0.11053033223350321, -0.14003910932270894, 7.200783318901429e-08, -0.11053043474529119, 0.9938727398389654, 0.030217199358666076, 0.0, 0.0, 0.0, 1.0]}, {"left_foot_pose": [0.9999980000006577, -0.001984420228266564, -0.0002491406087398903, 0.03985994010938831, 0.0019999986713190787, 0.9922087844633156, 0.12457017315210456, 1.9930065400515333e-05, -7.08836557603572e-11, -0.12457042229272686, 0.9922107688842191, 3.988283314715346e-10, 0.0, 0.0, 0.0, 1.0], "right_foot_pose": [0.9999987097533485, -0.001592751492553366, -0.00020888829746566913, 0.03217018238131729, 0.0016063908701710128, 0.9915161475594386, 0.12997364593355634, -0.14003174190477646, 1.0040142014043911e-07, -0.1299738137917491, 0.9915174268405056, 0.03916127309561469, 0.0, 0.0, 0.0, 1.0]}, {"left_foot_pose": [0.9999980000006659, -0.001984128335159914, -0.00025145460567534497, 0.03985993999398358, 0.001999998667274789, 0.9920628444477628, 0.12572713578041023, 1.99300057890945e-05, -1.2448725899950786e-12, -0.12572738723509883, 0.99206482857676, 2.386694314404636e-10, 0.0, 0.0, 0.0, 1.0], "right_foot_pose": [0.9999982323100733, -0.0018637324757530284, -0.0002487528639672348, 0.03766673802974716, 0.0018802597470790152, 0.9912160721743328, 0.13223903692394076, -0.1400234992117921, 1.0964908630589012e-07, -0.13223927088632453, 0.9912178243128206, 0.04000000457875441, 0.0, 0.0, 0.0, 1.0]}, {"left_foot_pose": [0.9999980000006593, -0.001984946629581204, -0.0002449113325126048, 0.03985994000259517, 0.0019999986707695764, 0.992471985677902, 0.12245553335754279, 1.993001876007209e-05, -6.171818845102587e-11, -0.12245577826889645, 0.9924739706252049, 3.471240309083079e-10, 0.0, 0.0, 0.0, 1.0], "right_foot_pose": [0.9999976613818438, -0.0021448595115028455, -0.0002771434989147603, 0.04333514394054684, 0.0021626906463805998, 0.9917590456856723, 0.12809886053284134, -0.14001499664322214, 1.0551257499211017e-07, -0.12809916033417332, 0.9917613650075651, 0.04000000458933152, 0.0, 0.0, 0.0, 1.0]}, {"left_foot_pose": [0.9999980000006404, -0.001987140030302281, -0.0002264270747676274, 0.039859939828514414, 0.001999998680054249, 0.9935686700115408, 0.11321350615884325, 1.993021341300215e-05, -2.425277966495646e-10, -0.11321373258575429, 0.9935706571522743, 7.807833199424685e-10, 0.0, 0.0, 0.0, 1.0], "right_foot_pose": [0.9999970391185746, -0.0024173160970246558, -0.00027988742460847326, 0.0487696393135359, 0.0024334654457939674, 0.9933647965404369, 0.1149802558707375, -0.14000683998512214, 8.669124407557999e-08, -0.11498059652421028, 0.9933677377602561, 0.03835347932521369, 0.0, 0.0, 0.0, 1.0]}, {"left_foot_pose": [0.9999980000006168, -0.001990434429531908, -0.00019536005065719578, 0.03985993962258172, 0.0019999986919144994, 0.995215849118779, 0.09768016005320981, 1.9930622139941595e-05, -5.34953669276915e-10, -0.09768035541279593, 0.9952178395539496, 1.6285215190259272e-09, 0.0, 0.0, 0.0, 1.0], "right_foot_pose": [0.9999964292225043, -0.002661774688902415, -0.00023769254460401853, 0.05356442288653875, 0.0026723664114786366, 0.9960348544007025, 0.08892371605333244, -0.1399996366371537, 5.5162423007621014e-08, -0.08892403372810101, 0.9960384110191333, 0.02827257696885254, 0.0, 0.0, 0.0, 1.0]}, {"left_foot_pose": [0.9999980000006011, -0.0019941703178889027, -0.00015257635057010566, 0.03985993952230493, 0.0019999986998753016, 0.9970837789941641, 0.07628851598974826, 1.993082051091749e-05, -8.899711374499489e-10, -0.0762886685652651, 0.9970857731652483, 2.479159669221964e-09, 0.0, 0.0, 0.0, 1.0], "right_foot_pose": [0.9999959125463432, -0.0028543125043439493, -0.00016670552997836305, 0.05731372965055527, 0.0028591765607529473, 0.9982952187158562, 0.058296495593258564, -0.1399940111421603, 2.4917179563354766e-08, -0.058296733949578496, 0.9982992992138237, 0.014400778305214246, 0.0, 0.0, 0.0, 1.0]}, {"left_foot_pose": [0.9999980000006059, -0.001997514514896659, -9.965215471037861e-05, 0.03985993951454901, 0.0019999986972898324, 0.9987558796319085, 0.04982662848221293, 1.9930583588640555e-05, -1.23818694013406e-09, -0.04982672813316599, 0.9987578771471816, 3.1250438070618003e-09, 0.0, 0.0, 0.0, 1.0], "right_foot_pose": [0.9999955786092953, -0.0029725306729645596, -8.260301410621241e-05, 0.059611799304826754, 0.002973678170151395, 0.999609737159259, 0.027776439918343145, -0.1399905728382341, 4.457576082910969e-09, -0.027776562742629917, 0.9996141568436315, 0.003056200786845105, 0.0, 0.0, 0.0, 1.0]}, {"left_foot_pose": [0.9999980000006389, -0.001999601302444629, -3.9866718445986284e-05, 0.03985993960782213, 0.001999998680993862, 0.9997992967779884, 0.01993404543781513, 1.9930084712918572e-05, -1.4261534502310803e-09, -0.01993408530312155, 0.9998012963800003, 3.5195023007084103e-09, 0.0, 0.0, 0.0, 1.0], "right_foot_pose": [0.9999955000033829, -0.0029999859658471125, 7.562357093166446e-06, 0.06013999991061013, 0.0029999954974170677, 0.9999923240184092, -0.002520303806406007, -0.13998979023005428, -1.422995751305056e-09, 0.002520315152084451, 0.9999968240007238, 3.7006825728824744e-09, 0.0, 0.0, 0.0, 1.0]}, {"left_foot_pose": [0.9999980000006807, -0.0019998818892340065, 2.1611773700563036e-05, 0.03985993951459299, 0.001999998659911582, 0.9999396221379777, -0.010805187824338787, 1.993013760411e-05, -1.3693883280131605e-09, 0.010805209437488656, 0.9999416220205122, 3.5087282315715562e-09, 0.0, 0.0, 0.0, 1.0], "right_foot_pose": [0.9999955000034437, -0.0029983323758499747, 9.987905836318948e-05, 0.06013999980623197, 0.002999995477057931, 0.999441149904145, -0.03329246018872436, -0.1399897901647044, -1.3796864174383352e-09, 0.033292610009491325, 0.9994456474059785, 3.4753746061544355e-09, 0.0, 0.0, 0.0, 1.0]}, {"left_foot_pose": [0.9999979971260373, -0.0019998752727093836, 7.901144468462253e-05, 0.03988857597737699, 0.00200143546355543, 0.9992185238912747, -0.039475761786546625, 1.9999619926719045e-05, -3.0992601759621074e-09, 0.039475840857878315, 0.9992205252038033, 0.00017678008985428512, 0.0, 0.0, 0.0, 1.0], "right_foot_pose": [0.9999955000034745, -0.0029942186020700313, 0.00018608536643767714, 0.060139999879927956, 0.0029999954667605084, 0.998069906808258, -0.06202790622739712, -0.13998979022087893, -1.0936654756666648e-09, 0.0