{"LoopMode": "Wrap", "FrameDuration": 0.0167, "EnableCycleOffsetPosition": true, "EnableCycleOffsetRotation": false, "Debug_info": [{"left_foot_pose": [1.0000000000000007, -1.0658006258607588e-13, 9.142298029729549e-12, -1.722971572819902e-12, 2.7245352964101267e-14, 0.9999620375649145, 0.008713405133775453, 1.0063824773531849e-13, -9.143051227951343e-12, -0.00871340513377572, 0.9999620375649145, 2.138260402073655e-11, 0.0, 0.0, 0.0, 1.0], "right_foot_pose": [0.9999999999999998, 2.0330993004855253e-13, 9.115097565626227e-12, -1.4263834224087668e-12, -7.482640223092434e-14, 0.9999007561195519, -0.014088218891978622, -0.14000000000225418, -9.11728671130482e-12, 0.014088218891978437, 0.9999007561195519, 1.646403846589095e-11, 0.0, 0.0, 0.0, 1.0]}, {"left_foot_pose": [1.0000000000000007, -1.499402566464662e-13, 2.0025481273222574e-11, -3.673529773327129e-12, 3.7084552872631565e-14, 0.9999840273199926, 0.005652000078677357, 1.1308575603719007e-12, -2.0026203881862947e-11, -0.005652000078677626, 0.9999840273199928, 4.535542080796873e-11, 0.0, 0.0, 0.0, 1.0], "right_foot_pose": [1.0, 5.283245331858379e-13, 2.0006163392594086e-11, -3.247816324708134e-12, -1.8508230377158995e-13, 0.9998529161651509, -0.017150686168299432, -0.1400000000040077, -2.0012318406275323e-11, 0.017150686168299248, 0.999852916165151, 3.7861956625473425e-11, 0.0, 0.0, 0.0, 1.0]}, {"left_foot_pose": [1.0000000000000007, -4.706668135872106e-14, 3.472994114517292e-11, -6.285663234849384e-12, -1.8863759756780958e-15, 0.9999989931392242, 0.0014190562140248466, 2.9221538383472634e-12, -3.473023288014902e-11, -0.0014190562140251166, 0.9999989931392244, 7.765300902295991e-11, 0.0, 0.0, 0.0, 1.0], "right_foot_pose": [0.9999999999999998, 1.1288810181796999e-12, 3.475775223193977e-11, -5.758099853849767e-12, -3.852344639053992e-13, 0.9997712852838804, -0.021386377014773306, -0.14000000000594884, -3.477391197974704e-11, 0.021386377014773125, 0.9997712852838803, 6.725757450976033e-11, 0.0, 0.0, 0.0, 1.0]}, {"left_foot_pose": [1.0000000000000007, 3.4820169940840056e-13, 5.300815342224042e-11, -9.516705140848949e-12, -1.3810599902016576e-13, 0.999992170461619, -0.003957147389334504, 5.611146963735436e-12, -5.3009446150024684e-11, 0.003957147389334231, 0.9999921704616193, 1.1803875932248076e-10, 0.0, 0.0, 0.0, 1.0], "right_foot_pose": [0.9999999999999998, 2.144215699482129e-12, 5.314687578916731e-11, -8.930020640928755e-12, -7.20754608237804e-13, 0.9996416673109121, -0.026768208305002084, -0.1400000000078534, -5.3185352172510854e-11, 0.026768208305001904, 0.9996416673109119, 1.0414911294498452e-10, 0.0, 0.0, 0.0, 1.0]}, {"left_foot_pose": [1.0000000000000004, 1.2165690375628237e-12, 7.502354293364987e-11, -1.3395220936837315e-11, -4.3140834726104225e-13, 0.9999452905958043, -0.010460201492967952, 9.423288538368269e-12, -7.50324312217405e-11, 0.010460201492967681, 0.9999452905958042, 1.6724661933142926e-10, 0.0, 0.0, 0.0, 1.0], "right_foot_pose": [1.0, 3.763911817550391e-12, 7.537120927381122e-11, -1.2809910367630228e-11, -1.253332448969464e-12, 0.9994460251932097, -0.03328126688534944, -0.1400000000095028, -7.545486146550575e-11, 0.03328126688534925, 0.9994460251932096, 1.488851611441966e-10, 0.0, 0.0, 0.0, 1.0]}, {"left_foot_pose": [1.0000000000000004, 2.7947918865072237e-12, 1.0135214889572805e-10, -1.802133690178346e-11, -9.598974805892509e-13, 0.9998362474692034, -0.018096360040147717, 1.469768577677666e-11, -1.0138621845707758e-10, 0.018096360040147447, 0.9998362474692035, 2.2704524371697232e-10, 0.0, 0.0, 0.0, 1.0], "right_foot_pose": [0.9999999999999998, 6.250488888810864e-12, 1.0205103428972958e-10, -1.752096298851223e-11, -2.0678831000654814e-12, 0.999161867426511, -0.0409336375218121, -0.14000000001064833, -1.0222137313021996e-10, 0.040933637521811915, 0.999161867426511, 2.0270304185165955e-10, 0.0, 0.0, 0.0, 1.0]}, {"left_foot_pose": [1.0000000000000004, 5.4082014944944365e-12, 1.329401033700605e-10, -2.355992129708229e-11, -1.830207698985773e-12, 0.9996382078885345, -0.026897087749413517, 2.1910187206208853e-11, -1.3303770077378626e-10, 0.02689708774941325, 0.9996382078885347, 3.002550499897616e-10, 0.0, 0.0, 0.0, 1.0], "right_foot_pose": [0.9999999999999998, 9.972302399534746e-12, 1.3419504396594556e-10, -2.325968669779085e-11, -3.2824965987160524e-12, 0.9987612527114377, -0.04975902010972026, -0.1400000000109611, -1.345249992699046e-10, 0.049759020109720074, 0.9987612527114378, 2.6768009336874954e-10, 0.0, 0.0, 0.0, 1.0]}, {"left_foot_pose": [1.0000000000000007, 9.51022470406776e-12, 1.7102480542874317e-10, -3.022870845684527e-11, -3.1896238286676163e-12, 0.9993183223462844, -0.036917348537078294, 3.1687050552897666e-11, -1.7125935974234084e-10, 0.03691734853707801, 0.9993183223462849, 3.9074653235271484e-10, 0.0, 0.0, 0.0, 1.0], "right_foot_pose": [1.0, 1.544323820452453e-11, 1.7312701272587098e-10, -3.0286660722404795e-11, -5.0599217997891375e-12, 0.9982094732408767, -0.059815111235972704, -0.14000000000997112, -1.7374102807725716e-10, 0.059815111235972517, 0.9982094732408765, 3.466308559629816e-10, 0.0, 0.0, 0.0, 1.0]}, {"left_foot_pose": [1.0000000000000007, 1.571562646625051e-11, 2.1691837215342934e-10, -3.8264538337641266e-11, -5.235145906506872e-12, 0.9988362843902548, -0.048229420331067384, 4.477155451931836e-11, -2.174242074550937e-10, 0.0482294203310671, 0.9988362843902552, 5.032066152654835e-10, 0.0, 0.0, 0.0, 1.0], "right_foot_pose": [0.9999999999999998, 2.335279092625362e-11, 2.20277629470189e-10, -3.889270231844507e-11, -7.614703059058583e-12, 0.9974636644415897, -0.07117751132735559, -0.14000000000700474, -2.2138119397472396e-10, 0.07117751132735542, 0.9974636644415896, 4.4275836469376273e-10, 0.0, 0.0, 0.0, 1.0]}, {"left_foot_pose": [1.0000000000000007, 2.477619107278054e-11, 2.7135477198569855e-10, -4.7818537615589096e-11, -8.202228277116916e-12, 0.9981433974375189, -0.06090778400079939, 6.182765063811324e-11, -2.7236030301074803e-10, 0.06090778400079911, 0.9981433974375193, 6.419701367721409e-10, 0.0, 0.0, 0.0, 1.0], "right_foot_pose": [0.9999999999999998, 3.4523805685740806e-11, 2.7652286016532897e-10, -4.928394020061434e-11, -1.1194858111337861e-11, 0.9964721042522005, -0.083924641477887, -0.14000000000116047, -2.784448634313731e-10, 0.08392464147788686, 0.9964721042522003, 5.584510909262264e-10, 0.0, 0.0, 0.0, 1.0]}, {"left_foot_pose": [1.0000000000000004, 3.732449741749845e-11, 3.326104391909717e-10, -5.864537414302252e-11, -1.2275675355275763e-11, 0.9971840789425104, -0.07499275100686713, 8.276873630919113e-11, -3.344731436985448e-10, 0.07499275100686682, 0.9971840789425109, 8.068447576725646e-10, 0.0, 0.0, 0.0, 1.0], "right_foot_pose": [1.0, 4.9589906712819045e-11, 3.4025393613745765e-10, -6.123259531591081e-11, -1.597133801760097e-11, 0.9951764478890003, -0.09810115986588526, -0.13999999999147691, -3.4347769935139153e-10, 0.09810115986588508, 0.9951764478890003, 6.91530915863936e-10, 0.0, 0.0, 0.0, 1.0]}, {"left_foot_pose": [1.0000000000000004, 5.286157075845026e-11, 3.9145658936590073e-10, -6.924584898235082e-11, -1.7256164434225082e-11, 0.9959053255143586, -0.09040233742631124, 1.0484770517071862e-10, -3.9463281129466315e-10, 0.0904023374263109, 0.9959053255143585, 9.802439346340286e-10, 0.0, 0.0, 0.0, 1.0], "right_foot_pose": [1.0, 6.777605084689197e-11, 4.0213044005810125e-10, -7.310645870013189e-11, -2.1643370517844172e-11, 0.9935232610539002, -0.11362891245111889, -0.1399999999777764, -4.0722749242113675e-10, 0.11362891245111867, 0.9935232610539001, 8.24582263581064e-10, 0.0, 0.0, 0.0, 1.0]}, {"left_foot_pose": [1.0000000000000002, 6.669926479093678e-11, 4.1916803361630054e-10, -7.475318626580848e-11, -2.1585154594069946e-11, 0.9942893050840792, -0.10671821679272894, 1.1813524984638502e-10, -4.238924650579722e-10, 0.10671821679272865, 0.9942893050840789, 1.0925186935684117e-09, 0.0, 0.0, 0.0, 1.0], "right_foot_pose": [0.9999999999999999, 8.328390989099312e-11, 4.324854363524362e-10, -7.949413063831315e-11, -2.631410548255194e-11, 0.9915021881240561, -0.13009001093554073, -0.1399999999633742, -4.396447839457381e-10, 0.13009001093554054, 0.9915021881240561, 8.980818172465987e-10, 0.0, 0.0, 0.0, 1.0]}, {"left_foot_pose": [1.0000000000000004, 6.352026600611513e-11, 3.4792163594587914e-10, -6.320405193005343e-11, -2.0362401092743033e-11, 0.9924481271661694, -0.12266505160135767, 9.88841057647516e-11, -3.5308600045362366e-10, 0.12266505160135738, 0.9924481271661696, 9.541493983800109e-10, 0.0, 0.0, 0.0, 1.0], "right_foot_pose": [0.9999999999999998, 7.779747459839094e-11, 3.6047553830798015e-10, -6.715262299276137e-11, -2.4260640331232123e-11, 0.9892553092322168, -0.14619826659667015, -0.1399999999608077, -3.679761724997766e-10, 0.14619826659667, 0.9892553092322168, 7.624326031629991e-10, 0.0, 0.0, 0.0, 1.0]}, {"left_foot_pose": [1.0000000000000007, 1.3189718674717467e-10, 6.510783578939059e-10, -2.4861528729737427e-09, -3.9101931489010685e-11, 0.9900785506211515, -0.14051499421741812, -1.3454888297265155e-08, -6.631523501055582e-10, 0.14051499421741784, 0.9900785506211516, 0.005517079685519621, 0.0, 0.0, 0.0, 1.0], "right_foot_pose": [0.9999999999999998, 5.612776261191157e-11, 2.3809931803953046e-10, 3.664063885285424e-11, -1.7319452768800785e-11, 0.9871240410114216, -0.1599566430545528, -0.14000000029318777, -2.440116949410865e-10, 0.15995664305455268, 0.9871240410114214, 4.954205934382117e-10, 0.0, 0.0, 0.0, 1.0]}, {"left_foot_pose": [1.0000000000000004, 1.9721383921780258e-10, 8.342564972174636e-10, -4.129855569848965e-09, -5.894862925058102e-11, 0.9866939248796507, -0.1625887407097786, -1.958459296125259e-08, -8.552208793381297e-10, 0.16258874070977838, 0.9866939248796507, 0.018168995782304978, 0.0, 0.0, 0.0, 1.0], "right_foot_pose": [0.9999999999999998, 2.6972191343586676e-11, 1.0731154853615962e-10, 9.993250124750896e-11, -8.315009742216906e-12, 0.9854107789200006, -0.1701928223759102, -0.1400000003312468, -1.1033640968021006e-10, 0.17019282237591002, 0.9854107789200004, 4.459970309733663e-10, 0.0, 0.0, 0.0, 1.0]}, {"left_foot_pose": [1.0000000000000002, 1.4867131340346972e-10, 5.559335769511593e-10, -3.003418645037661e-09, -4.3739665875195186e-11, 0.9828937944324341, -0.184173257739046, -1.1941093364109534e-08, -5.738051061417786e-10, 0.18417325773904575, 0.982893794432434, 0.03163852519389892, 0.0, 0.0, 0.0, 1.0], "right_foot_pose": [1.0, 4.883530180954653e-12, 1.838618146621227e-11, 7.741044076068335e-11, -1.5713127414962853e-12, 0.984390518310026, -0.1759980325495671, -0.14000000013893638, -1.8958723456532455e-11, 0.17599803254956697, 0.9843905183100259, 2.280423835876455e-10, 0.0, 0.0, 0.0, 1.0]}, {"left_foot_pose": [1.0000000000000004, 5.740844055817533e-13, 4.092448602222011e-12, -9.314734601872972e-11, 2.374995376862557e-13, 0.9807016560931582, -0.19551025992550403, -4.513704202069313e-10, -4.125911176778486e-12, 0.19551025992550375, 0.9807016560931581, 0.03960754747167621, 0.0, 0.0, 0.0, 1.0], "right_foot_pose": [0.9999999999999998, 1.835527403331354e-12, 6.7786887214538086e-12, 1.6077433128459384e-11, -6.08846580804258e-13, 0.9842656659289799, -0.1766949316573113, -0.13999999998200552, -6.9963408950216855e-12, 0.17669493165731112, 0.9842656659289797, 2.222960704401089e-11, 0.0, 0.0, 0.0, 1.0]}, {"left_foot_pose": [1.0000000000000007, 3.6372349384989404e-11, 1.309085617684496e-10, 1.5961719842960478e-11, -1.0808159785827044e-11, 0.9817438698571931, -0.19020771277165313, 6.077344183452738e-11, -1.354373148416522e-10, 0.19020771277165283, 0.9817438698571934, 0.04000000022417613, 0.0, 0.0, 0.0, 1.0], "right_foot_pose": [0.9999999999999998, 2.10729291915e-11, 8.277217800056736e-11, -6.858168064574289e-12, -6.5220549064822195e-12, 0.9850970273872747, -0.1719995541644087, -0.13999999998110188, -8.516313909007686e-11, 0.17199955416440849, 0.9850970273872746, 1.6213165532352747e-10, 0.0, 0.0, 0.0, 1.0]}, {"left_foot_pose": [1.0000000000000004, 9.906859992534812e-11, 3.786793656423965e-10, 1.6216602362843512e-11, -3.0043928990551517e-11, 0.9840134661580036, -0.17809407182641562, 1.61687017941059e-10, -3.9026920268065273e-10, 0.17809407182641543, 0.9840134661580037, 0.04000000064719768, 0.0, 0.0, 0.0, 1.0], "right_foot_pose": [1.0, 5.7243740935324546e-11, 2.3828278239434977e-10, -2.9230974599883496e-11, -1.7808917765627993e-11, 0.9867398173371743, -0.16230999008502378, -0.13999999995486417, -2.4441457114344586e-10, 0.16230999008502361, 0.986739817337174, 4.733725911254538e-10, 0.0, 0.0, 0.0, 1.0]}, {"left_foot_pose": [1.0000000000000004, 3.372206064354266e-10, 1.4535412873328768e-09, -1.98870677152897e-09, -1.0555903493371184e-10, 0.9876751473786904, -0.15651774100875407, -8.50481206640663e-09, -1.4884078873182231e-09, 0.15651774100875382, 0.9876751473786903, 0.03757000666749079, 0.0, 0.0, 0.0, 1.0], "right_foot_pose": [0.9999999999999998, 1.0998939856896722e-10, 5.042516404429869e-10, -9.74767310122296e-11, -3.449402710298473e-11, 0.9890863480278055, -0.14733701552908923, -0.14000000026753856, -5.149540353294445e-10, 0.14733701552908907, 0.9890863480278053, 1.0256818519516209e-09, 0.0, 0.0, 0.0, 1.0]}, {"left_foot_pose": [1.0000000000000002, 4.063246178780711e-10, 2.2458446213846558e-09, -4.661733721434956e-09, -1.3077734154539282e-10, 0.9926092019103676, -0.12135473737297676, -2.1861484501145556e-08, -2.2785555196051676e-09, 0.1213547373729765, 0.9926092019103677, 0.026715186645973, 0.0, 0.0, 0.0, 1.0], "right_foot_pose": [1.0, 1.6030572357852335e-10, 8.53572212911046e-10, -1.5033746425851806e-10, -5.091019776571834e-11, 0.9919475128433973, -0.12664964178314214, -0.14000000076502056, -8.67001579744629e-10, 0.1266496417831419, 0.9919475128433973, 1.9536868650638084e-09, 0.0, 0.0, 0.0, 1.0]}, {"left_foot_pose": [1.0000000000000002, 2.6325239965088267e-10, 2.094470485936024e-09, -4.044557723043005e-09, -8.74105757709011e-11, 0.9965064366964658, -0.08351599620739496, -2.1754047303118584e-08, -2.1091393058237202e-09, 0.08351599620739467, 0.9965064366964657, 0.01281277954235769, 0.0, 0.0, 0.0, 1.0], "right_foot_pose": [0.9999999999999998, 1.8456050504430747e-10, 1.2327214804486167e-09, -2.058660581515639e-10, -5.946734841896992e-11, 0.994915227928042, -0.10071588373683862, -0.1400000009470725, -1.2450417186048837e-09, 0.10071588373683846, 0.9949152279280418, 2.8207788674294854e-09, 0.0, 0.0, 0.0, 1.0]}, {"left_foot_pose": [1.0000000000000004, 1.2883469136143844e-10, 1.7687163400559293e-09, -1.6784839020280783e-09, -4.380741147859653e-11, 0.998847875930356, -0.047988756489586996, -9.348764798758347e-09, -1.7728613778147294e-09, 0.04798875648958671, 0.9988478759303563, 0.002180902872598721, 0.0, 0.0, 0.0, 1.0], "right_foot_pose": [0.9999999999999998, 1.6403225663538257e-10, 1.5638835781928143e-09, -2.909297279565886e-10, -5.3583423086431575e-11, 0.9975213326932022, -0.0703646986917293, -0.14000000058476036, -1.5715494571567719e-09, 0.07036469869172912, 0.9975213326932023, 3.316303870404269e-09, 0.0, 0.0, 0.0, 1.0]}, {"left_foot_pose": [1.0000000000000004, 3.630124772006939e-11, 1.6780362099844122e-09, -2.0846770685645434e-10, -1.18938453781055e-11, 0.9998942488789468, -0.014542732164472235, 3.3149327033354936e-10, -1.6783868951491098e-09, 0.014542732164471968, 0.9998942488789471, 3.5386249624957955e-09, 0.0, 0.0, 0.0, 1.0], "right_foot_pose": [0.9999999999999998, 9.451349170433745e-11, 1.6903221045083677e-09, -3.144898218577634e-10, -3.126812967671868e-11, 0.9993012335469588, -0.037377060231199535, -0.14000000010669475, -1.6926737344420722e-09, 0.03737706023119935, 0.9993012335469587, 3.452163617467807e-09, 0.0, 0.0, 0.0, 1.0]}, {"left_foot_pose": [1.0000000000000002, -4.226012401316154e-11, 1.5368695760464858e-09, -2.0757510904775077e-10, 1.3957097638128205e-11, 0.9998304925922609, 0.018411574694135947, 2.0600484512689476e-10, -1.537387457011455e-09, -0.01841157469413622, 0.9998304925922609, 3.17424304896452e-09, 0.0, 0.0, 0.0, 1.0], "right_foot_pose": [0.9999999999999999, 1.0297938789650413e-11, 1.5343253889632535e-09, -3.11800559245463e-10, -3.549478663409562e-12, 0.9999903277414125, -0.0043982296009011605, -0.14000000019431078, -1.5343559311732123e-09, 0.004398229600900981, 0.9999903277414126, 3.2233608213139142e-09, 0.0, 0.0, 0.0, 1.0]}, {"left_foot_pose": [1.0000000000000004, -8.385819875704184e-11, 1.1604486260807808e-09, -4.2069516588999333e-11, 2.7600995988437566e-11, 0.9988283023317672, 0.04839444659298054, 3.2699365611066344e-10, -1.1631473401663367e-09, -0.0483944465929808, 0.9988283023317676, 2.4145640278860903e-09, 0.0, 0.0, 0.0, 1.0], "right_foot_pose": [0.9999999947288793, 0.00010264025776196709, 2.686762114511629e-06, 4.190796219607093e-05, -0.00010267540183601233, 0.999671523478431, 0.025628784678062053, -0.14000513019392535, -5.5334511010201915e-08, -0.025628784818834193, 0.9996715287476716, 0.0005096367429494389, 0.0, 0.0, 0.0, 1.0]}, {"left_foot_pose": [1.0000000000000004, -8.396895223062146e-11, 7.592570461234533e-10, 3.614109959224948e-10, 2.800970275255133e-11, 0.9973022355209323, 0.07340470710350791, 6.707589362414668e-10, -7.633725436688323e-10, -0.0734047071035082, 0.9973022355209324, 1.8435505066971558e-09, 0.0, 0.0, 0.0, 1.0], "right_foot_pose": [0.999998035644097, 0.0019792204252208644, 0.0001067448142928357, 0.0008090113546612233, -0.001982096800881916, 0.99855951751022, 0.05361866542565639, -0.14009909008615057, -4.6789247364129003e-07, -0.05361877167806956, 0.9985614789904107, 0.00878041515845071, 0.0, 0.0, 0.0, 1.0]}, {"left_foot_pose": [1.0000000000000007, -5.732753335031013e-11, 3.997555064749759e-10, 4.838197226923533e-10, 2.0004565245451682e-11, 0.9956896932626085, 0.09274715483837609, 5.28768430083093e-10, -4.033494479798101e-10, -0.09274715483837635, 0.9956896932626086, 1.1927806520262152e-09, 0.0, 0.0, 0.0, 1.0], "right_foot_pose": [0.9999828961839713, 0.0058291419003757205, 0.00047795838957488684, 0.0023872142633232997, -0.005848703979746554, 0.9966540020492813, 0.08152663896487149, -0.14029241842836693, -1.1287945960083845e-06, -0.08152803998537261, 0.9966710483880171, 0.022328666447832594, 0.0, 0.0, 0.0, 1.0]}, {"left_foot_pose": [1.0000000000000004, -2.3307855825147507e-11, 1.2375372948625387e-10, 3.4882539760307476e-10, 1.0053684832244955e-11, 0.994361686862405, 0.10604166964053886, 1.5810803881410873e-10, -1.2552781522570865e-10, -0.10604166964053913, 0.9943616868624052, 5.028775312831968e-10, 0.0, 0.0, 0.0, 1.0], "right_foot_pose": [0.999937199442176, 0.011142536823816069, 0.0012004352824747315, 0.004574346140945203, -0.011207014242549867, 0.9942021170372319, 0.10694182208309948, -0.1405603502072409, -1.8721086356963184e-06, -0.10694855937232607, 0.9942645551585749, 0.03483626312691817, 0.0, 0.0, 0.0, 1.0]}, {"left_foot_pose": [1.0000000000000004, 4.031196003787475e-13, -3.8791692080764064e-11, 5.7342970410627295e-11, 3.981903872541419e-12, 0.9935988413042003, 0.11296611243621572, -9.167443974084089e-11, 3.8588447220919787e-11, -0.11296611243621597, 0.9935988413042002, 1.6921183204621215e-10, 0.0, 0.0, 0.0, 1.0], "right_foot_pose": [0.9998457872974337, 0.01743009510651221, 0.002143223775790701, 0.007168233800838141, -0.01756136719645714, 0.9923885598605185, 0.1218874260953819, -0.1408781090531801, -2.401327185330807e-06, -0.12190626744570589, 0.992541617239141, 0.04000000187084453, 0.0, 0.0, 0.0, 1.0]}, {"left_foot_pose": [1.0000000000000004, 2.144740290917307e-12, -6.707651101223183e-11, -5.3512579114570286e-11, 5.4894312645622795e-12, 0.9935264227916988, 0.11360126414231425, -9.08687803821695e-11, 6.688569430382288e-11, -0.11360126414231447, 0.9935264227916986, 1.6199775548786377e-10, 0.0, 0.0, 0.0, 1.0], "right_foot_pose": [0.9997018847099899, 0.024225096987476376, 0.0030473567630086166, 0.009966666890991288, -0.024416013204350086, 0.9918979327477359, 0.12466895888701826, -0.14122091712312063, -2.5492532074573657e-06, -0.12470619746714855, 0.9921937130957773, 0.04000000171933635, 0.0, 0.0, 0.0, 1.0]}, {"left_foot_pose": [1.0000000000000004, -1.7488429577341734e-11, 2.8521296435713223e-11, -1.8100694582185878e-10, 1.4300474772507169e-11, 0.9941305550256313, 0.1081870582113736, -9.335654038017394e-11, -3.024599868731038e-11, -0.10818705821137388, 0.9941305550256313, 3.880358742658352e-10, 0.0, 0.0, 0.0, 1.0], "right_foot_pose": [0.9995108076526416, 0.031050471012383427, 0.0037434790601045907, 0.01276747853244876, -0.031275315825693636, 0.9923341391424918, 0.11956090879686584, -0.14156401658537462, -2.359537695494635e-06, -0.119619499005131, 0.9928198101630498, 0.0400000015272141, 0.0, 0.0, 0.0, 1.0]}, {"left_foot_pose": [1.0000000000000002, -5.5225788826070515e-11, 2.652919550705246e-10, -5.001223490643525e-10, 2.9371288935635395e-11, 0.9953342768391852, 0.09648666928139421, 2.842584969492412e-10, -2.6938309181104135e-10, -0.0964866692813945, 0.9953342768391852, 1.0802431865686302e-09, 0.0, 0.0, 0.0, 1.0], "right_foot_pose": [0.9992912149357451, 0.037445530692460656, 0.003860049663156297, 0.015368485859670883, -0.037643960325770214, 0.9940286263662588, 0.1024208094842077, -0.14188263036508802, -1.7982992851863973e-06, -0.10249352270055194, 0.9947336717942132, 0.035066712628347596, 0.0, 0.0, 0.0, 1.0]}, {"left_foot_pose": [1.0000000000000004, -9.143777979726587e-11, 6.07742911551414e-10, -6.658055899810573e-10, 4.343695554186426e-11, 0.9969126854524445, 0.07851813538283046, 6.756549070230378e-10, -6.130462878042514e-10, -0.07851813538283074, 0.9969126854524446, 2.0160052655038285e-09, 0.0, 0.0, 0.0, 1.0], "right_foot_pose": [0.9990739034834983, 0.04290630396670455, 0.0032224925387194176, 0.0175674996801931, -0.04302714697908365, 0.9962697880152653, 0.07480089645758652, -0.14215200211392098, -1.0419580396621168e-06, -0.0748702782680486, 0.9971932818821935, 0.022659681895926, 0.0, 0.0, 0.0, 1.0]}, {"left_foot_pose": [1.0000000000000004, -1.125528653831862e-10, 9.639976039643752e-10, -6.565925829022963e-10, 5.0359089986049715e-11, 0.9979321971940451, 0.06427542145693411, 7.373143692812612e-10, -9.692388874591376e-10, -0.06427542145693438, 0.9979321971940454, 2.679872358746227e-09, 0.0, 0.0, 0.0, 1.0], "right_foot_pose": [0.9988981531716954, 0.04686045480610882, 0.002564637506578052, 0.019162360120749778, -0.046930582672090465, 0.9974060730605144, 0.05457697162780208, -0.14234737453583993, -4.833118407680502e-07, -0.05463719609724214, 0.9985062727907112, 0.0090633357271874, 0.0, 0.0, 0.0, 1.0]}, {"left_foot_pose": [1.0000000000000004, -9.02137059156374e-11, 1.3829435374646003e-09, -5.020471749040062e-10, 4.031352781952947e-11, 0.9993503321733267, 0.03604044374120229, 3.4624547846917597e-10, -1.3852965711924557e-09, -0.03604044374120254, 0.9993503321733266, 3.326809834558464e-09, 0.0, 0.0, 0.0, 1.0], "right_foot_pose": [0.9988056261881345, 0.04884566446280193, 0.001192542710143623, 0.019950887505423988, -0.04886021996394251, 0.9985081098230529, 0.024376905518725154, -0.1424439797525923, -5.74197797333086e-08, -0.02440605828029346, 0.9997021277956827, 0.0005957974911788497, 0.0, 0.0, 0.0, 1.0]}, {"left_foot_pose": [1.0000000000000004, 4.062328167495758e-11, 1.3354945482824115e-09, 1.1451728616225985e-09, -4.662217532669837e-11, 0.9999899088974163, 0.004492449592169296, 4.735155271357039e-10, -1.3352988608517597e-09, -0.004492449592169568, 0.9999899088974161, 3.5213515228726955e-09, 0.0, 0.0, 0.0, 1.0], "right_foot_pose": [0.998799740180856, 0.04897928853939616, -0.0003291030669166924, 0.020000001650613507, -0.04898039418638923, 0.9987771938405579, -0.0067110393626316905, -0.1424499996739653, -1.2956821047831593e-09, 0.0067191039696853855, 0.9999774265661423, 4.162652798844757e-09, 0.0, 0.0, 0.0, 1.0]}, {"left_foot_pose": [1.0000000000000002, 7.821168519998825e-11, 1.3076202343142983e-09, 6.31834915778471e-10, -4.265966775272738e-11, 0.9996309359492018, -0.027166006208562746, 4.696184881941567e-10, -1.3092625378363023e-09, 0.027166006208562472, 0.9996309359492019, 3.390668051883594e-09, 0.0, 0.0, 0.0, 1.0], "right_foot_pose": [0.9987997401801529, 0.04894507357983438, -0.0018597817944470086, 0.020000001058858546, -0.04898039420072434, 0.99807948719145, -0.037924375164183545, -0.14244999976781705, -1.2731905025215894e-09, 0.03796994890590035, 0.9992788814840845, 3.658817346319232e-09, 0.0, 0.0, 0.0, 1.0]}, {"left_foot_pose": [0.9999996473246185, 0.0008385055704884489, -4.7529441277298934e-05, 0.00040238583442161454, -0.0008398514269568013, 0.9984284606403423, -0.05603484302590918, -9.867995180254385e-06, 4.692188706515597e-07, 0.05603486318146832, 0.9984288127393035, 0.002021438642900844, 0.0, 0.0, 0.0, 1.0], "right_foot_pose": [0.99879974017881, 0.048873679513848814, -0.0032314810100995597, 0.020000000059653453, -0.04898039422810962, 0.9966236308243336, -0.065895822809806, -0.14245000066046312, -9.880826155553659e-10, 0.06597500991511832, 0.9978212756133734, 2.8113746053382016e-09, 0.0, 0.0, 0.0, 1.0]}, {"left_foot_pose": [0.9999827686448488, 0.005849593927868218, -0.000494635485328411, 0.0028126298258744245, -0.0058704693476946315, 0.996451688523948, -0.0839617176301877, -6.894112939445467e-05, 1.7384109363756884e-06, 0.08396317459846663, 0.9964688581728618, 0.012500283415715692, 0.0, 0.0, 0.0, 1.0], "right_foot_pose": [0.9987997401789424, 0.04878551904376429, -0.004364876871942915, 0.02000000011182581, -0.048980394225411325, 0.9948258780732053, -0.08900782716929644, -0.1424500010082031, -5.805999452915739e-10, 0.08911478804051849, 0.9960213624980607, 2.1771531591441295e-09, 0.0, 0.0, 0.0, 1.0]}, {"left_foot_pose": [0.9998936521950818, 0.014492506369362534, -0.0016283608677101211, 0.006987452522627097, -0.0145836994182632, 0.9936668742637732, -0.11141570222433368, -0.00017124467136101634, 3.3554794576260973e-06, 0.11142760093440753, 0.9937725543295829, 0.02639831983173832, 0.0, 0.0, 0.0, 1.0], "right_foot_pose": [0.998799740179481, 0.048700070618288654, -0.005232794585524605, 0.020000000039177065, -0.04898039421442615, 0.9930834293175327, -0.10670624816536692, -0.14245000080084486, -2.2915927864028378e-10, 0.10683447728473766, 0.994276819836054, 1.3033919638028024e-09, 0.0, 0.0, 0.0, 1.0]}, {"left_foot_pose": [0.9996622714821969, 0.025751615780544218, -0.003492457551099761, 0.012452216391939983, -0.025987361369103314, 0.9906191533490534, -0.1341579295721185, -0.00030514836475044674, 4.911886123235377e-06, 0.13420338036985893, 0.9909538095558122, 0.03739743105026946, 0.0, 0.0, 0.0, 1.0], "right_foot_pose": [0.9987997401800337, 0.04863377078960704, -0.0058168165761629444, 0.01999999992267705, -0.04898039420315801, 0.9917314554527407, -0.1186155185854362, -0.14245000036074873, 2.6205126946909975e-11, 0.11875805911336143, 0.9929232212994252, 4.693070029815338e-10, 0.0, 0.0, 0.0, 1.0]}, {"left_foot_pose": [0.9992357716895662, 0.038681399695755035, -0.0056233347344067175, 0.018732284271939126, -0.03908801021615291, 0.98886250277949, -0.14360737465056012, -0.0004590358895172411, 5.770601315561684e-06, 0.14371743079481203, 0.9896187650062219, 0.04000000430888556, 0.0, 0.0, 0.0, 1.0], "right_foot_pose": [0.9987997401802828, 0.048598954080067196, -0.0061008751931701955, 0.01999999990698173, -0.04898039419807802, 0.9910214795478328, -0.12440799033432454, -0.14245000015397327, 1.510207877579868e-10, 0.1245574916941891, 0.992212392213911, 1.518053252547169e-10, 0.0, 0.0, 0.0, 1.0]}, {"left_foot_pose": [0.9986002451290118, 0.05233866719377966, -0.007629832544511924, 0.02535297509711961, -0.05289187455285369, 0.988171694875261, -0.1439414848250502, -0.0006212754095783202, 5.879087487833716e-06, 0.14414355817633231, 0.9895567869514631, 0.04000000445526641, 0.0, 0.0, 0.0, 1.0], "right_foot_pose": [0.9987997401801205, 0.04859950098714216, -0.00609651703222945, 0.020000000095611613, -0.04898039420138928, 0.9910326318823257, -0.12431911972125355, -0.1424500001724121, 1.3815163667034256e-10, 0.12446851428450324, 0.992223557950429, 1.349843986586663e-10, 0.0, 0.0, 0.0, 1.0]}, {"left_foot_pose": [0.9977926542587449, 0.06582913666627592, -0.008737498100865635, 0.03183965108084206, -0.0664064686735181, 0.9891279524075721, -0.13121004033349754, -0.000780232032587095, 5.059928572507818e-06, 0.13150064080367718, 0.9913160855361023, 0.03967750697071714, 0.0, 0.0, 0.0, 1.0], "right_foot_pose": [0.998799740179798, 0.04866379388617111, -0.005560052281423127, 0.020000000108174522, -0.04898039420796753, 0.9923436807928966, -0.113379628565445, -0.14245000022580795, -1.290514558015544e-10, 0.11351587710540927, 0.9935361823532095, 5.034567623907193e-10, 0.0, 0.0, 0.0, 1.0]}, {"left_foot_pose": [0.9969028863591954, 0.07816520897310517, -0.008650738401849316, 0.037717652154339844, -0.07864245135643004, 0.9908582828011394, -0.1096139965927245, -0.0009242833838549909, 3.6548477704729735e-06, 0.10995482486261836, 0.9939365857418038, 0.03191398764504619, 0.0, 0.0, 0.0, 1.0], "right_foot_pose": [0.9987997401791577, 0.04873615144498129, -0.0048853413779288745, 0.01999999993764733, -0.04898039422102534, 0.9938191828031703, -0.09962104634258644, -0.14245000063194327, -4.2573221931988295e-10, 0.09974076114994622, 0.9950134574794604, 1.3046417696171986e-09, 0.0, 0.0, 0.0, 1.0]}, {"left_foot_pose": [0.9960659852953062, 0.08832621200841603, -0.007143753210741758, 0.04251231357750178, -0.08861463159996655, 0.9928258671106723, -0.08027605285727885, -0.001041780192245604, 2.02331200829835e-06, 0.08059328674391418, 0.9967470702880047, 0.01850129755785481, 0.0, 0.0, 0.0, 1.0], "right_foot_pose": [0.9987997401788334, 0.048824325041751375, -0.003906955709029071, 0.01999999979223883, -0.048980394227638675, 0.9956172029871642, -0.07966998241069968, -0.14245000091339496, -8.020724911467951e-10, 0.07976572196271707, 0.9968136383495998, 2.2265068469473626e-09, 0.0, 0.0, 0.0, 1.0]}, {"left_foot_pose": [0.9954446223007271, 0.09522292086940848, -0.004753869335874949, 0.04574900529188493, -0.09534151211341088, 0.9942067981014192, -0.04962699544454603, -0.0011210880134942518, 7.017508101266751e-07, 0.049854166827087605, 0.9987565078884271, 0.005757559768435901, 0.0, 0.0, 0.0, 1.0], "right_foot_pose": [0.9987997401792262, 0.0489081912786123, -0.002658541661282557, 0.01999999964129925, -0.048980394219627285, 0.9973273889579862, -0.05421254666897456, -0.14245000079993178, -1.1887039199858196e-09, 0.05427769394604471, 0.9985258794542581, 2.98961835148992e-09, 0.0, 0.0, 0.0, 1.0]}, {"left_foot_pose": [0.9952018774521296, 0.09782515856838288, -0.0018605017678915909, 0.04695307816027441, -0.09784284907829244, 0.9950219401785438, -0.01892393847933373, -0.0011505805337591254, 2.7963137040749417e-09, 0.01901517589710696, 0.9998191951976133, 9.27740776153485e-07, 0.0, 0.0, 0.0, 1.0], "right_foot_pose": [0.9987997401805256, 0.04896549800949728, -0.0012078990007802818, 0.01999999961488857, -0.04898039419312753, 0.9984959790548281, -0.024631297083716166, -0.1424500001076348, -1.432940627950357e-09, 0.024660896496728566, 0.9996958738456299, 3.4845127547256105e-09, 0.0, 0.0, 0.0, 1.0]}, {"left_foot_pose": [0.9952018419698004, 0.09783547030369649, 0.0012306463228968299, 0.04695325042201154, -0.09784320998371564, 0.9951231187501229, 0.012517379482627027, -0.001150584064723851, -8.982670309793558e-10, -0.012577729504332561, 0.9999208972316345, 3.37492229995906e-09, 0.0, 0.0, 0.0, 1.0], "right_foot_pose": [0.9987997401844498, 0.048979388216817445, 0.00031390664509135, 0.019999997944749312, -0.048980394113109615, 0.9987792282316489, 0.006401112834198487, -0.14244999942326556, -8.46195345263401e-10, -0.00640880510688027, 0.9999794633976751, 3.885834230776819e-09, 0.0, 0.0, 0.0, 1.0]}, {"left_foot_pose": [0.9952018419718495, 0.09775263655291877, 0.00420901209211456, 0.0469532515655756, -0.09784320996287138, 0.9942805846635574, 0.042811508093702065, -0.0011505845854693914, -1.2128378714240495e-09, -0.04301791496631032, 0.9990743010366909, 2.9626158054574248e-09, 0.0, 0.0, 0.0, 1.0], "right_foot_pose": [0.9987997401825112, 0.048948250371350255, 0.0017742031820717947, 0.019999999147769152, -0.0489803941526368, 0.9981442706016223, 0.036179221299083214, -0.1424500000272356, -1.158680295812095e-09, -0.03622269800469482, 0.9993437427378333, 3.2709700156785537e-09, 0.0, 0.0, 0.0, 1.0]}, {"left_foot_pose": [0.9952018419738914, 0.09760464208661977, 0.006828438688136942, 0.04695325256530423, -0.09784320994210441, 0.9927752749658336, 0.06945473119046564, -0.0011505843580518222, -9.171348992546404e-10, -0.06978959277469327, 0.9975617337991387, 2.5994597169232136e-09, 0.0, 0.0, 0.0, 1.0], "right_foot_pose": [0.9987059605291551, 0.05075210582337384, 0.0032600855863524235, 0.020631063760254496, -0.050856704601376014, 0.9966528835260072, 0.06400488541028414, -0.14249645535438915, -7.909826241585595e-07, -0.06408785777187682, 0.9979442602097505, 0.004375576507920927, 0.0, 0.0, 0.0, 1.0]}, {"left_foot_pose": [0.9952018419738123, 0.09743254883514946, 0.008955007505190033, 0.046953252871094225, -0.09784320994290678, 0.9910248465328532, 0.09108490447161727, -0.0011505843952201254, -5.354559836817236e-10, -0.09152405138553313, 0.9958028660422599, 2.0119326760159595e-09, 0.0, 0.0, 0.0, 1.0], "right_foot_pose": [0.9983705004837882, 0.056817750402981475, 0.005299717246698307, 0.022719330730833914, -0.057064382576765035, 0.9940591396214447, 0.0926827016017869, -0.14265021291189975, -2.209760205646141e-06, -0.09283410027688004, 0.9956815905804921, 0.016515926932853878, 0.0, 0.0, 0.0, 1.0]}, {"left_foot_pose": [0.9952018419729096, 0.09727508178312319, 0.010528637035026399, 0.046953252724652644, -0.09784320995208906, 0.989423186723746, 0.10709091389888994, -0.001150584743205679, -1.993098113940148e-10, -0.10760723041466523, 0.9941934841681904, 1.1858785620155743e-09, 0.0, 0.0, 0.0, 1.0], "right_foot_pose": [0.997776124329125, 0.06616287047959947, 0.00807962181355185, 0.025946890402021052, -0.06665437497563295, 0.9904257194951359, 0.12088874413753233, -0.14288787168724723, -3.918927122929271e-06, -0.12115844474258419, 0.9926331806121534, 0.030217199221494746, 0.0, 0.0, 0.0, 1.0]}, {"left_foot_pose": [0.99520184197192, 0.09716352621899296, 0.011512728103709369, 0.04695325225171542, -0.09784320996215737, 0.9882885107495091, 0.11710049438332645, -0.0011505850869766125, 4.399202226320642e-11, -0.11766506997919761, 0.9930533375941052, 5.137313352499007e-10, 0.0, 0.0, 0.0, 1.0], "right_foot_pose": [0.99690371303027, 0.07783288619160333, 0.011181626605541839, 0.029980979605179425, -0.07863197134344156, 0.9867825862192431, 0.1416938270254072, -0.1431849246811006, -5.394907033267547e-06, -0.1421343356179175, 0.9898473774321718, 0.03916127325978541, 0.0, 0.0, 0.0, 1.0]}, {"left_foot_pose": [0.9952018419709833, 0.09714694869512534, 0.011651785133191008, 0.04695325190827026, -0.09784320997168536, 0.9881198940921746, 0.11851489847992676, -0.0011505850179090006, 7.044373775784159e-11, -0.11908629332755911, 0.9928839079879904, 3.162094544539862e-10, 0.0, 0.0, 0.0, 1.0], "right_foot_pose": [0.9957587722889483, 0.09103242494736469, 0.013325352445939827, 0.034488804361036726, -0.09200254004641917, 0.9852683132979279, 0.14415922945154488, -0.14351685031151007, -5.8832929939672764e-06, -0.1447737836048316, 0.9894647803464903, 0.040000004774151665, 0.0, 0.0, 0.0, 1.0]}, {"left_foot_pose": [0.9952018419716115, 0.0971850953158526, 0.011329209361693873, 0.046953251792461737, -0.09784320996529287, 0.988507898531855, 0.1152338526815133, -0.0011505849917457303, 1.8310139954394007e-11, -0.11578942865644451, 0.9932737831088746, 4.3643615110777745e-10, 0.0, 0.0, 0.0, 1.0], "right_foot_pose": [0.9943902240386773, 0.10473707968772052, 0.014772490473745629, 0.03913756451253621, -0.10577373163734663, 0.9846519928722932, 0.13882496399470734, -0.14385915084407647, -5.640868102087436e-06, -0.13960872849184378, 0.9902067475517785, 0.04000000474925297, 0.0, 0.0, 0.0, 1.0]}, {"left_foot_pose": [0.9952018419729405, 0.09728798687313304, 0.010408714802556698, 0.046953251512633465, -0.0978432099517785, 0.9895544494473696, 0.10587113792363931, -0.0011505847485779371, -1.693401612647548e-10, -0.10638157354113204, 0.9943253797479544, 8.941803408824001e-10, 0.0, 0.0, 0.0, 1.0], "right_foot_pose": [0.9928993362365829, 0.1180315495503144, 0.014814230040881879, 0.04359449139928411, -0.11895758941512721, 0.9851748422857208, 0.12361076833288899, -0.14418732066666057, -4.636216674495858e-06, -0.1244953149241242, 0.9922201955919103, 0.03835347938899539, 0.0, 0.0, 0.0, 1.0]}, {"left_foot_pose": [0.995201841974513, 0.09744082001750519, 0.008864554408084946, 0.046953251278999845, -0.09784320993578285, 0.9911089760052053, 0.090164870938612, -0.0011505842840948462, -4.81108781032179e-10, -0.09059958209743854, 0.9958874011271407, 1.7683201847251695e-09, 0.0, 0.0, 0.0, 1.0], "right_foot_pose": [0.9914388005319853, 0.12997413865384425, 0.012483111827167034, 0.04752677577707267, -0.1305722205939169, 0.9868997267022815, 0.09476193668417317, -0.1444768520355895, -2.9785529297113213e-06, -0.09558060847344012, 0.9954216931908683, 0.02827257656774846, 0.0, 0.0, 0.0, 1.0]}, {"left_foot_pose": [0.9952018419754632, 0.09761060126130455, 0.006742718298485686, 0.046953251229048074, -0.09784320992611631, 0.9928358881986605, 0.06858283587117013, -0.0011505840434658052, -8.651601881808849e-10, -0.06891349378884103, 0.9976226392648758, 2.636582820125799e-09, 0.0, 0.0, 0.0, 1.0], "right_foot_pose": [0.990202058784316, 0.13936953846685135, 0.00871863101859935, 0.05060164696081201, -0.13964198071275766, 0.9882707886618287, 0.06181395878234109, -0.14470326023680558, -1.385446498823073e-06, -0.062425796152424086, 0.9980496079718765, 0.014400778004670031, 0.0, 0.0, 0.0, 1.0]}, {"left_foot_pose": [0.9952018419749055, 0.09775643787447483, 0.00411977958757717, 0.04695325132872275, -0.09784320993178941, 0.9943192497269554, 0.041903888753539946, -0.0011505842457820124, -1.2509261170837479e-09, -0.042105919732494744, 0.9991131525125081, 3.2809085448448627e-09, 0.0, 0.0, 0.0, 1.0], "right_foot_pose": [0.9894030023244816, 0.14512821592581981, 0.0044158729023504985, 0.052486335924694816, -0.1451953821276768, 0.9889453784499925, 0.030088859253860893, -0.1448420443592081, -3.1463584618450546e-07, -0.030411172035772965, 0.9995374733422012, 0.0030562006879812503, 0.0, 0.0, 0.0, 1.0]}, {"left_foot_pose": [0.9952018419692539, 0.09783646339248728, 0.0011489873171589312, 0.04695325234515322, -0.09784320998927024, 0.9951332198486695, 0.01168678795117969, -0.001150584572818674, -1.4469285277576314e-09, -0.011743133503066178, 0.9999310470305092, 3.534673151395218e-09, 0.0, 0.0, 0.0, 1.0], "right_foot_pose": [0.9892149421944499, 0.14647114896653063, -2.568375701446655e-05, 0.052919524469348285, -0.14647115121835758, 0.9892149269847246, -0.00017346865716124564, -0.14487395153550198, -1.3977042838722344e-09, 0.00017535971712366797, 0.9999999846244849, 4.104726135378822e-09, 0.0, 0.0, 0.0, 1.0]}, {"left_foot_pose": [0.9952018419645714, 0.09782437947190041, -0.0019195132879569385, 0.046953253188875256, -0.0978432100369001, 0.9950103086368032, -0.019524137783003784, -0.0011505844152008109, -1.1542638216739145e-09, 0.019618269226217372, 0.9998075432364814, 3.4248635941147576e-09, 0.0, 0.0, 0.0, 1.0], "right_foot_pose": [0.9892149421931845, 0.14640045723312461, -0.004550193805381633, 0.05291952527863969, -0.1464711512269036, 0.9887374994413636, -0.03073042558613435, -0.1448739511437023, -1.1116718294262899e-09, 0.03106546829473945, 0.9995173518652031, 4.050773431962806e-09, 0.0, 0.0, 0.0, 1.0]}, {"left_foot_pose": [0.9951949508649947, 0.09779632974105656, -0.004784105141090522, 0.046986740967394074, -0.09791327679537726, 0.9940063552908712, -0.048624642605896766, -0.0011547098732993862, 1.1933279613322563e-07, 0.048859426219900796, 0.9988056650166985, 0.00017678006678086, 0.0, 0.0, 0.0, 1.0], "right_foot_pose": [0.9892149421889335, 0.1462087225642665, -0.008763994310251474, 0.05291952352816653, -0.14647115125561333, 0.9874425901230396, -0.05918896063421135, -0.14487395179332702, -1.0826963833113217e-09, 0.05983427660821442, 0.9982083246210544, 2.995384343340568e-09, 0.0, 0.0, 0.0, 1.0]}, {"left_foot_pose": [0.994873889476261, 0.10082924717681697, -0.007707590553130847, 0.04852130696346112, -0.10112340993506393, 0.9919807707308274, -0.07581692728790845, -0.0013436529588818375, 1.21791567307502e-06, 0.07620769917817585, 0.99709