{"LoopMode": "Wrap", "FrameDuration": 0.0167, "EnableCycleOffsetPosition": true, "EnableCycleOffsetRotation": false, "Debug_info": [{"left_foot_pose": [1.0000000000000007, -1.0658006258607588e-13, 9.142298029729549e-12, -1.722971572819902e-12, 2.7245352964101267e-14, 0.9999620375649145, 0.008713405133775453, 1.0063824773531849e-13, -9.143051227951343e-12, -0.00871340513377572, 0.9999620375649145, 2.138260402073655e-11, 0.0, 0.0, 0.0, 1.0], "right_foot_pose": [0.9999999999999998, 2.0330993004855253e-13, 9.115097565626227e-12, -1.4263834224087668e-12, -7.482640223092434e-14, 0.9999007561195519, -0.014088218891978622, -0.14000000000225418, -9.11728671130482e-12, 0.014088218891978437, 0.9999007561195519, 1.646403846589095e-11, 0.0, 0.0, 0.0, 1.0]}, {"left_foot_pose": [1.0000000000000007, -1.499402566464662e-13, 2.0025481273222574e-11, -3.673529773327129e-12, 3.7084552872631565e-14, 0.9999840273199926, 0.005652000078677357, 1.1308575603719007e-12, -2.0026203881862947e-11, -0.005652000078677626, 0.9999840273199928, 4.535542080796873e-11, 0.0, 0.0, 0.0, 1.0], "right_foot_pose": [1.0, 5.283245331858379e-13, 2.0006163392594086e-11, -3.247816324708134e-12, -1.8508230377158995e-13, 0.9998529161651509, -0.017150686168299432, -0.1400000000040077, -2.0012318406275323e-11, 0.017150686168299248, 0.999852916165151, 3.7861956625473425e-11, 0.0, 0.0, 0.0, 1.0]}, {"left_foot_pose": [1.0000000000000007, -4.706668135872106e-14, 3.472994114517292e-11, -6.285663234849384e-12, -1.8863759756780958e-15, 0.9999989931392242, 0.0014190562140248466, 2.9221538383472634e-12, -3.473023288014902e-11, -0.0014190562140251166, 0.9999989931392244, 7.765300902295991e-11, 0.0, 0.0, 0.0, 1.0], "right_foot_pose": [0.9999999999999998, 1.1288810181796999e-12, 3.475775223193977e-11, -5.758099853849767e-12, -3.852344639053992e-13, 0.9997712852838804, -0.021386377014773306, -0.14000000000594884, -3.477391197974704e-11, 0.021386377014773125, 0.9997712852838803, 6.725757450976033e-11, 0.0, 0.0, 0.0, 1.0]}, {"left_foot_pose": [1.0000000000000007, 3.4820169940840056e-13, 5.300815342224042e-11, -9.516705140848949e-12, -1.3810599902016576e-13, 0.999992170461619, -0.003957147389334504, 5.611146963735436e-12, -5.3009446150024684e-11, 0.003957147389334231, 0.9999921704616193, 1.1803875932248076e-10, 0.0, 0.0, 0.0, 1.0], "right_foot_pose": [0.9999999999999998, 2.144215699482129e-12, 5.314687578916731e-11, -8.930020640928755e-12, -7.20754608237804e-13, 0.9996416673109121, -0.026768208305002084, -0.1400000000078534, -5.3185352172510854e-11, 0.026768208305001904, 0.9996416673109119, 1.0414911294498452e-10, 0.0, 0.0, 0.0, 1.0]}, {"left_foot_pose": [1.0000000000000004, 1.2165690375628237e-12, 7.502354293364987e-11, -1.3395220936837315e-11, -4.3140834726104225e-13, 0.9999452905958043, -0.010460201492967952, 9.423288538368269e-12, -7.50324312217405e-11, 0.010460201492967681, 0.9999452905958042, 1.6724661933142926e-10, 0.0, 0.0, 0.0, 1.0], "right_foot_pose": [1.0, 3.763911817550391e-12, 7.537120927381122e-11, -1.2809910367630228e-11, -1.253332448969464e-12, 0.9994460251932097, -0.03328126688534944, -0.1400000000095028, -7.545486146550575e-11, 0.03328126688534925, 0.9994460251932096, 1.488851611441966e-10, 0.0, 0.0, 0.0, 1.0]}, {"left_foot_pose": [1.0000000000000004, 2.7947918865072237e-12, 1.0135214889572805e-10, -1.802133690178346e-11, -9.598974805892509e-13, 0.9998362474692034, -0.018096360040147717, 1.469768577677666e-11, -1.0138621845707758e-10, 0.018096360040147447, 0.9998362474692035, 2.2704524371697232e-10, 0.0, 0.0, 0.0, 1.0], "right_foot_pose": [0.9999999999999998, 6.250488888810864e-12, 1.0205103428972958e-10, -1.752096298851223e-11, -2.0678831000654814e-12, 0.999161867426511, -0.0409336375218121, -0.14000000001064833, -1.0222137313021996e-10, 0.040933637521811915, 0.999161867426511, 2.0270304185165955e-10, 0.0, 0.0, 0.0, 1.0]}, {"left_foot_pose": [1.0000000000000004, 5.4082014944944365e-12, 1.329401033700605e-10, -2.355992129708229e-11, -1.830207698985773e-12, 0.9996382078885345, -0.026897087749413517, 2.1910187206208853e-11, -1.3303770077378626e-10, 0.02689708774941325, 0.9996382078885347, 3.002550499897616e-10, 0.0, 0.0, 0.0, 1.0], "right_foot_pose": [0.9999999999999998, 9.972302399534746e-12, 1.3419504396594556e-10, -2.325968669779085e-11, -3.2824965987160524e-12, 0.9987612527114377, -0.04975902010972026, -0.1400000000109611, -1.345249992699046e-10, 0.049759020109720074, 0.9987612527114378, 2.6768009336874954e-10, 0.0, 0.0, 0.0, 1.0]}, {"left_foot_pose": [1.0000000000000007, 9.51022470406776e-12, 1.7102480542874317e-10, -3.022870845684527e-11, -3.1896238286676163e-12, 0.9993183223462844, -0.036917348537078294, 3.1687050552897666e-11, -1.7125935974234084e-10, 0.03691734853707801, 0.9993183223462849, 3.9074653235271484e-10, 0.0, 0.0, 0.0, 1.0], "right_foot_pose": [1.0, 1.544323820452453e-11, 1.7312701272587098e-10, -3.0286660722404795e-11, -5.0599217997891375e-12, 0.9982094732408767, -0.059815111235972704, -0.14000000000997112, -1.7374102807725716e-10, 0.059815111235972517, 0.9982094732408765, 3.466308559629816e-10, 0.0, 0.0, 0.0, 1.0]}, {"left_foot_pose": [1.0000000000000007, 1.571562646625051e-11, 2.1691837215342934e-10, -3.8264538337641266e-11, -5.235145906506872e-12, 0.9988362843902548, -0.048229420331067384, 4.477155451931836e-11, -2.174242074550937e-10, 0.0482294203310671, 0.9988362843902552, 5.032066152654835e-10, 0.0, 0.0, 0.0, 1.0], "right_foot_pose": [0.9999999999999998, 2.335279092625362e-11, 2.20277629470189e-10, -3.889270231844507e-11, -7.614703059058583e-12, 0.9974636644415897, -0.07117751132735559, -0.14000000000700474, -2.2138119397472396e-10, 0.07117751132735542, 0.9974636644415896, 4.4275836469376273e-10, 0.0, 0.0, 0.0, 1.0]}, {"left_foot_pose": [1.0000000000000007, 2.477619107278054e-11, 2.7135477198569855e-10, -4.7818537615589096e-11, -8.202228277116916e-12, 0.9981433974375189, -0.06090778400079939, 6.182765063811324e-11, -2.7236030301074803e-10, 0.06090778400079911, 0.9981433974375193, 6.419701367721409e-10, 0.0, 0.0, 0.0, 1.0], "right_foot_pose": [0.9999999999999998, 3.4523805685740806e-11, 2.7652286016532897e-10, -4.928394020061434e-11, -1.1194858111337861e-11, 0.9964721042522005, -0.083924641477887, -0.14000000000116047, -2.784448634313731e-10, 0.08392464147788686, 0.9964721042522003, 5.584510909262264e-10, 0.0, 0.0, 0.0, 1.0]}, {"left_foot_pose": [1.0000000000000004, 3.732449741749845e-11, 3.326104391909717e-10, -5.864537414302252e-11, -1.2275675355275763e-11, 0.9971840789425104, -0.07499275100686713, 8.276873630919113e-11, -3.344731436985448e-10, 0.07499275100686682, 0.9971840789425109, 8.068447576725646e-10, 0.0, 0.0, 0.0, 1.0], "right_foot_pose": [1.0, 4.9589906712819045e-11, 3.4025393613745765e-10, -6.123259531591081e-11, -1.597133801760097e-11, 0.9951764478890003, -0.09810115986588526, -0.13999999999147691, -3.4347769935139153e-10, 0.09810115986588508, 0.9951764478890003, 6.91530915863936e-10, 0.0, 0.0, 0.0, 1.0]}, {"left_foot_pose": [1.0000000000000004, 5.286157075845026e-11, 3.9145658936590073e-10, -6.924584898235082e-11, -1.7256164434225082e-11, 0.9959053255143586, -0.09040233742631124, 1.0484770517071862e-10, -3.9463281129466315e-10, 0.0904023374263109, 0.9959053255143585, 9.802439346340286e-10, 0.0, 0.0, 0.0, 1.0], "right_foot_pose": [1.0, 6.777605084689197e-11, 4.0213044005810125e-10, -7.310645870013189e-11, -2.1643370517844172e-11, 0.9935232610539002, -0.11362891245111889, -0.1399999999777764, -4.0722749242113675e-10, 0.11362891245111867, 0.9935232610539001, 8.24582263581064e-10, 0.0, 0.0, 0.0, 1.0]}, {"left_foot_pose": [1.0000000000000002, 6.669926479093678e-11, 4.1916803361630054e-10, -7.475318626580848e-11, -2.1585154594069946e-11, 0.9942893050840792, -0.10671821679272894, 1.1813524984638502e-10, -4.238924650579722e-10, 0.10671821679272865, 0.9942893050840789, 1.0925186935684117e-09, 0.0, 0.0, 0.0, 1.0], "right_foot_pose": [0.9999999999999999, 8.328390989099312e-11, 4.324854363524362e-10, -7.949413063831315e-11, -2.631410548255194e-11, 0.9915021881240561, -0.13009001093554073, -0.1399999999633742, -4.396447839457381e-10, 0.13009001093554054, 0.9915021881240561, 8.980818172465987e-10, 0.0, 0.0, 0.0, 1.0]}, {"left_foot_pose": [1.0000000000000004, 6.352026600611513e-11, 3.4792163594587914e-10, -6.320405193005343e-11, -2.0362401092743033e-11, 0.9924481271661694, -0.12266505160135767, 9.88841057647516e-11, -3.5308600045362366e-10, 0.12266505160135738, 0.9924481271661696, 9.541493983800109e-10, 0.0, 0.0, 0.0, 1.0], "right_foot_pose": [0.9999999999999998, 7.779747459839094e-11, 3.6047553830798015e-10, -6.715262299276137e-11, -2.4260640331232123e-11, 0.9892553092322168, -0.14619826659667015, -0.1399999999608077, -3.679761724997766e-10, 0.14619826659667, 0.9892553092322168, 7.624326031629991e-10, 0.0, 0.0, 0.0, 1.0]}, {"left_foot_pose": [1.0000000000000004, 1.0477788235875109e-10, 5.214930154373557e-10, -1.4618856178784614e-09, -3.105197531166289e-11, 0.9902344776682107, -0.1394119049334274, -8.478978252152158e-09, -5.310080101104738e-10, 0.13941190493342714, 0.9902344776682107, 0.004137803191238416, 0.0, 0.0, 0.0, 1.0], "right_foot_pose": [0.9999999999999999, 5.657610347067502e-11, 2.4009949584069514e-10, 4.197177368583958e-12, -1.744592824412413e-11, 0.9871265543340227, -0.15994113207252156, -0.1400000002031465, -2.460575585761434e-10, 0.15994113207252136, 0.9871265543340227, 4.4507861979292684e-10, 0.0, 0.0, 0.0, 1.0]}, {"left_foot_pose": [1.0000000000000004, 1.3227206827019457e-10, 5.76701741916705e-10, -2.3743574923792045e-09, -3.9234593672207205e-11, 0.9873703017818672, -0.15842943905469528, -1.238721151694544e-08, -5.903741097491018e-10, 0.15842943905469503, 0.9873703017818674, 0.013626743118499457, 0.0, 0.0, 0.0, 1.0], "right_foot_pose": [0.9999999999999998, 3.013155491223196e-11, 1.2000261895295223e-10, 5.3036455111959646e-11, -9.239948447556086e-12, 0.9853716146916895, -0.17041942659184353, -0.14000000023667472, -1.2338219406832944e-10, 0.1704194265918433, 0.9853716146916893, 3.1079272488909737e-10, 0.0, 0.0, 0.0, 1.0]}, {"left_foot_pose": [1.0000000000000002, 8.998736500297061e-11, 3.538150883386477e-10, -1.5749804332605257e-09, -2.6310272403403444e-11, 0.9843898815872235, -0.1760015938242978, -7.477487375812109e-09, -3.6413007718578215e-10, 0.1760015938242975, 0.9843898815872237, 0.023728893393607467, 0.0, 0.0, 0.0, 1.0], "right_foot_pose": [1.0, 8.446622558005318e-12, 3.223565858689876e-11, 4.525567025385591e-11, -2.607781050247455e-12, 0.9842122840399886, -0.17699203356306434, -0.14000000011319225, -3.3221804142409466e-11, 0.17699203356306414, 0.9842122840399884, 1.3092757433774693e-10, 0.0, 0.0, 0.0, 1.0]}, {"left_foot_pose": [1.0000000000000007, 2.310244373779059e-12, 1.0338674361065572e-11, -5.159174136183715e-11, -3.521885209729118e-13, 0.9826475198108162, -0.18548275340217654, -3.878469073681501e-10, -1.0587897953073112e-11, 0.18548275340217624, 0.9826475198108163, 0.029705660554121348, 0.0, 0.0, 0.0, 1.0], "right_foot_pose": [0.9999999999999998, 5.796221166391937e-14, 1.1263212584822183e-13, 9.79576001184441e-12, -3.675470768508634e-14, 0.9838222334777941, -0.1791474613684635, -0.13999999999763685, -1.2131559743244667e-13, 0.17914746136846332, 0.983822233477794, -4.963633670751477e-12, 0.0, 0.0, 0.0, 1.0]}, {"left_foot_pose": [1.0000000000000007, 1.2954399180102165e-11, 4.8626158655195924e-11, 6.0112505997486835e-12, -3.840920434738943e-12, 0.9831283736511629, -0.18291692355279832, 2.482367783551709e-11, -5.017542353567887e-11, 0.182916923552798, 0.9831283736511631, 0.030000000087087503, 0.0, 0.0, 0.0, 1.0], "right_foot_pose": [0.9999999999999998, 9.266887614122374e-12, 3.539835091714844e-11, -2.280476671106004e-12, -2.868319859822585e-12, 0.9842752605791195, -0.17664147704292635, -0.1399999999906275, -3.6478757942140894e-11, 0.17664147704292613, 0.9842752605791192, 6.690172027479235e-11, 0.0, 0.0, 0.0, 1.0]}, {"left_foot_pose": [1.0000000000000004, 4.7559912761885685e-11, 1.8524926037599618e-10, 2.8375092684132126e-12, -1.4439811567873945e-11, 0.9845984987252435, -0.17483076476409393, 8.376182386582443e-11, -1.9071108750336703e-10, 0.17483076476409368, 0.9845984987252435, 0.030000000340224507, 0.0, 0.0, 0.0, 1.0], "right_foot_pose": [0.9999999999999998, 3.376559207457246e-11, 1.3444190205547084e-10, -1.6545910594747305e-11, -1.0456545981383402e-11, 0.9854902829232421, -0.16973185400468713, -0.1399999999715123, -1.3822227461612907e-10, 0.16973185400468696, 0.985490282923242, 2.651676794807045e-10, 0.0, 0.0, 0.0, 1.0]}, {"left_foot_pose": [1.0000000000000004, 1.8597234671774767e-10, 7.866715612259124e-10, -9.865004700465052e-10, -5.830571967095239e-11, 0.9872352212681975, -0.15926901107100003, -4.871090027863678e-09, -8.062496410264914e-10, 0.15926901107099975, 0.9872352212681975, 0.02817750485750057, 0.0, 0.0, 0.0, 1.0], "right_foot_pose": [0.9999999999999998, 7.48931287792044e-11, 3.202170750782325e-10, -6.005797759351189e-11, -2.3315282211340918e-11, 0.987418495164889, -0.1581287937293719, -0.14000000014995723, -3.2803100489934017e-10, 0.1581287937293717, 0.9874184951648889, 6.498053345405097e-10, 0.0, 0.0, 0.0, 1.0]}, {"left_foot_pose": [1.0000000000000004, 2.76111082052976e-10, 1.3962089262520245e-09, -2.604314391422565e-09, -8.857133247316964e-11, 0.9911730009013284, -0.13257481768516954, -1.3489997327531533e-08, -1.4204900664911882e-09, 0.1325748176851692, 0.9911730009013286, 0.02003638857690227, 0.0, 0.0, 0.0, 1.0], "right_foot_pose": [0.9999999999999998, 1.227623983857923e-10, 5.863440843967276e-10, -9.894924612474501e-11, -3.8644143826073505e-11, 0.9899582955517733, -0.14135972930162238, -0.1400000004506537, -5.978098734156598e-10, 0.14135972930162216, 0.9899582955517731, 1.2950191682903345e-09, 0.0, 0.0, 0.0, 1.0]}, {"left_foot_pose": [1.0000000000000004, 2.3210235534515784e-10, 1.5193178382055764e-09, -2.526277860353223e-09, -7.642497918222732e-11, 0.9948178308958545, -0.10167341506838411, -1.4349710301952978e-08, -1.5350431869390498e-09, 0.10167341506838382, 0.9948178308958547, 0.00960957960673188, 0.0, 0.0, 0.0, 1.0], "right_foot_pose": [1.0, 1.621511072804233e-10, 9.135105449864503e-10, -1.5168771403216402e-10, -5.177734942473472e-11, 0.9928281033295828, -0.11955064717090842, -0.14000000056696227, -9.263444043020601e-10, 0.11955064717090826, 0.9928281033295829, 1.985333460130523e-09, 0.0, 0.0, 0.0, 1.0]}, {"left_foot_pose": [1.0000000000000004, 1.56154365923608e-10, 1.4710663798211929e-09, -1.0610331929217193e-09, -5.212845744550355e-11, 0.9975152676927798, -0.07045062611363087, -6.379193775649106e-09, -1.478412576743488e-09, 0.0704506261136306, 0.9975152676927804, 0.00163567339927035, 0.0, 0.0, 0.0, 1.0], "right_foot_pose": [1.0, 1.7778809114197966e-10, 1.2854134423534439e-09, -2.3196267113733692e-10, -5.761510315224052e-11, 0.9956762183123198, -0.09289170192906405, -0.14000000033771348, -1.2963706831546802e-09, 0.09289170192906387, 0.9956762183123198, 2.6365053959476192e-09, 0.0, 0.0, 0.0, 1.0]}, {"left_foot_pose": [1.0000000000000004, 9.467650540725798e-11, 1.6344232078857587e-09, -2.150754465294738e-10, -3.104995996757371e-11, 0.9992436908800382, -0.03888503872236299, 3.948014658250454e-10, -1.6368687516917245e-09, 0.03888503872236271, 0.9992436908800383, 3.517128491226096e-09, 0.0, 0.0, 0.0, 1.0], "right_foot_pose": [0.9999999999999998, 1.5293191176284517e-10, 1.6573502015226887e-09, -2.9276011362825555e-10, -5.022500474528467e-11, 0.9980889137906438, -0.06179417584378816, -0.14000000002598548, -1.6636331066789507e-09, 0.061794175843787984, 0.9980889137906438, 3.337005574644003e-09, 0.0, 0.0, 0.0, 1.0]}, {"left_foot_pose": [1.0000000000000002, 1.2902371294824923e-11, 1.8280487124044955e-09, -2.5852172358636455e-10, -4.248039049131298e-12, 0.9999887948878267, -0.0047339305859833815, 3.2214719780654377e-10, -1.828089465799182e-09, 0.004733930585983111, 0.9999887948878268, 3.803956039050149e-09, 0.0, 0.0, 0.0, 1.0], "right_foot_pose": [0.9999999999999998, 7.575933310109939e-11, 1.8365418075205749e-09, -3.3958057584325775e-10, -2.5133533189289878e-11, 0.9996204226783156, -0.027550146359430077, -0.14000000015579353, -1.8379319725388154e-09, 0.027550146359429883, 0.9996204226783154, 3.765164055535841e-09, 0.0, 0.0, 0.0, 1.0]}, {"left_foot_pose": [1.0000000000000004, -7.745379561288159e-11, 1.7366298954435442e-09, -2.638902278653968e-10, 2.544492657070894e-11, 0.9995520460699916, 0.02992836776862652, 1.867049917447794e-10, -1.7381702403566183e-09, -0.029928367768626788, 0.9995520460699918, 3.5426904257396252e-09, 0.0, 0.0, 0.0, 1.0], "right_foot_pose": [0.9999999999999998, -1.8124178135583865e-11, 1.7283590114658411e-09, -3.4078691683292577e-10, 5.838986619896374e-12, 0.999974739485304, 0.007107769783711855, -0.14000000026179163, -1.728444403918096e-09, -0.007107769783712035, 0.999974739485304, 3.6593559085695837e-09, 0.0, 0.0, 0.0, 1.0]}, {"left_foot_pose": [1.0000000000000007, -1.294970826704307e-10, 1.3969968515326088e-09, -2.2977854302177734e-10, 4.223035645892824e-11, 0.9980582418759222, 0.062287605697634654, 6.193284773914343e-11, -1.402350525246345e-09, -0.0622876056976349, 0.9980582418759225, 2.8375350749620942e-09, 0.0, 0.0, 0.0, 1.0], "right_foot_pose": [0.9999999999999998, -8.076714090465665e-11, 1.3782510133175667e-09, -2.9843367249871564e-10, 2.6437993280859092e-11, 0.9992245632907558, 0.03937349510010933, -0.1400000002849807, -1.380362500276565e-09, -0.03937349510010952, 0.9992245632907557, 3.0523816182959074e-09, 0.0, 0.0, 0.0, 1.0]}, {"left_foot_pose": [1.0000000000000004, -1.3050596285374868e-10, 9.740320217055425e-10, -8.665851984189041e-11, 4.222121055630826e-11, 0.9959332761757614, 0.09009389216708964, 3.638006805528615e-10, -9.818289635144303e-10, -0.09009389216708988, 0.9959332761757614, 1.9819282742750133e-09, 0.0, 0.0, 0.0, 1.0], "right_foot_pose": [0.9999999998780429, -1.5581148045059148e-05, -1.068579391028033e-06, 0.0003123500495289269, 1.5617746390259297e-05, 0.9976820270226627, 0.06804831160313149, -0.14000077444409312, 5.831635597229398e-09, -0.06804831161152151, 0.9976820271443306, 0.0027003670935313653, 0.0, 0.0, 0.0, 1.0]}, {"left_foot_pose": [1.0000000000000007, -1.0033684483040434e-10, 6.00184513199766e-10, 2.5796708782775906e-11, 3.214960439553122e-11, 0.9936462015962984, 0.1125487718868981, 4.4033848355801153e-10, -6.076640445706294e-10, -0.11254877188689837, 0.9936462015962987, 1.2725330580942718e-09, 0.0, 0.0, 0.0, 1.0], "right_foot_pose": [0.9999999977012889, -6.749703182943672e-05, -6.447683032539548e-06, 0.001356068886789589, 6.780428893368109e-05, 0.9954936611288859, 0.0948280868455395, -0.1400033794366632, 1.8013191812175945e-08, -0.0948280870647379, 0.9954936634171222, 0.01045213850021623, 0.0, 0.0, 0.0, 1.0]}, {"left_foot_pose": [1.0000000000000007, -5.916062363428654e-11, 3.0797614458677577e-10, 6.434303301883227e-11, 1.8809371669389073e-11, 0.9915916313548951, 0.1294064783035937, 3.0985282655632274e-10, -3.1304266363363894e-10, -0.12940647830359386, 0.9915916313548954, 6.847973924029027e-10, 0.0, 0.0, 0.0, 1.0], "right_foot_pose": [0.9999999888165322, -0.0001484853249259742, -1.7861800578998864e-05, 0.002991082225392878, 0.0001495557909209151, 0.992868063713356, 0.1192182271767061, -0.14000746839487774, 3.2254155806655726e-08, -0.11921822851476874, 0.9928680748164883, 0.019870157120586707, 0.0, 0.0, 0.0, 1.0]}, {"left_foot_pose": [1.0000000000000004, -2.2620442299108705e-11, 1.0813694384381779e-10, 4.01057808393544e-11, 7.196306507519449e-12, 0.990071993795302, 0.14056118632893, 1.0797502041776097e-10, -1.1024305363113939e-10, -0.14056118632893025, 0.9900719937953023, 2.4883924781837763e-10, 0.0, 0.0, 0.0, 1.0], "right_foot_pose": [0.9999999678682232, -0.00025106131819295507, -3.5096531493637225e-05, 0.005070003616673661, 0.00025350256397737393, 0.9903947358497134, 0.1382685898446445, -0.14001267136186527, 4.5525606663149606e-08, -0.13826859429889, 0.9903947676712589, 0.0274999842590131, 0.0, 0.0, 0.0, 1.0]}, {"left_foot_pose": [1.0000000000000007, -2.2966769970064905e-12, 9.985789972688553e-12, -1.1046757771927745e-11, 8.155308408130489e-13, 0.9892997272033934, 0.14589739461447596, 5.338835276647025e-12, -1.0214177366742496e-11, -0.14589739461447615, 0.9892997272033935, 7.198350943093956e-11, 0.0, 0.0, 0.0, 1.0], "right_foot_pose": [0.9999999307057548, -0.00036822580760594384, -5.475618849592735e-05, 0.007445442378930847, 0.00037227474088027696, 0.9891448740992302, 0.1469431163911226, -0.14001861348472944, 5.355547051581149e-08, -0.14694312659315634, 0.9891449426383501, 0.030000000814675763, 0.0, 0.0, 0.0, 1.0]}, {"left_foot_pose": [1.0000000000000004, -3.3373837117885938e-12, 1.4584888852198287e-11, 2.179878757814402e-12, 1.1781704903186705e-12, 0.989339979782278, 0.14562418893989706, 1.0453674384458544e-11, -1.4915580568098342e-11, -0.1456241889398973, 0.9893399797822782, 8.496366110666287e-11, 0.0, 0.0, 0.0, 1.0], "right_foot_pose": [0.9999998757475248, -0.0004931034589662943, -7.317043959164824e-05, 0.009970000015386582, 0.000498502689502533, 0.9891851862296381, 0.14667112476184524, -0.14002492488376453, 5.5075963472329825e-08, -0.14667114301325604, 0.9891853091343311, 0.030000000774681415, 0.0, 0.0, 0.0, 1.0]}, {"left_foot_pose": [1.0000000000000004, -2.3687319221822777e-11, 1.1326173332548754e-10, 1.7322739573080253e-12, 7.609534541601481e-12, 0.9901658435926475, 0.1398985424601045, 4.00410000295226e-12, -1.1546198340415499e-10, -0.13989854246010475, 0.9901658435926476, 2.9549088176317184e-10, 0.0, 0.0, 0.0, 1.0], "right_foot_pose": [0.9999998048018655, -0.000618659194982412, -8.750446369748038e-05, 0.012496291647007085, 0.0006248169556840558, 0.9901559103920624, 0.13996743449616256, -0.1400312406897644, 5.0921566491570434e-08, -0.13996746184905334, 0.9901561036642309, 0.03000000084869754, 0.0, 0.0, 0.0, 1.0]}, {"left_foot_pose": [1.0000000000000004, -6.146766058016727e-11, 3.2135821781409515e-10, -1.107222730469575e-10, 1.965844152190732e-11, 0.991707387429222, 0.12851637140188654, 1.8618667111530707e-10, -3.265932598221418e-10, -0.1285163714018867, 0.9917073874292222, 7.66459708201328e-10, 0.0, 0.0, 0.0, 1.0], "right_foot_pose": [0.9999997233449769, -0.0007380499324298847, -9.269448134746028e-05, 0.014876928165458762, 0.0007438480812479621, 0.9922117370650424, 0.12456048940335374, -0.14003718758969377, 4.0691566522666404e-08, -0.12456052389368093, 0.9922120115617077, 0.027629920459902632, 0.0, 0.0, 0.0, 1.0]}, {"left_foot_pose": [1.0000000000000007, -1.0351617512279394e-10, 6.247752315502473e-10, -2.2278214512434197e-10, 3.335081041000476e-11, 0.9937894845913451, 0.11127650387961269, 4.331172755514534e-10, -6.324141227237845e-10, -0.11127650387961295, 0.9937894845913453, 1.4884847521212663e-09, 0.0, 0.0, 0.0, 1.0], "right_foot_pose": [0.9999996402556246, -0.0008440178727081477, -8.439462020620099e-05, 0.016964513633083062, 0.0008482267507402666, 0.9950407700405625, 0.09946429745624316, -0.1400424005277675, 2.6443127792295718e-08, -0.09946433326029623, 0.9950411279987799, 0.02008376548829431, 0.0, 0.0, 0.0, 1.0]}, {"left_foot_pose": [1.0000000000000007, -1.3156382259945544e-10, 9.976488524188225e-10, -3.209230902026221e-10, 4.2836990796172266e-11, 0.996083305523792, 0.08841972888895681, 5.661308939003407e-10, -1.005374556692429e-09, -0.08841972888895706, 0.9960833055237924, 2.3289589284880563e-09, 0.0, 0.0, 0.0, 1.0], "right_foot_pose": [0.999999567006792, -0.0009283122476944913, -6.498152550221049e-05, 0.01861166468627013, 0.0009305838101511298, 0.9975595117367213, 0.06981514561587876, -0.14004651734591764, 1.2684102062496699e-08, -0.06981517585715069, 0.9975599436725767, 0.01066813801929481, 0.0, 0.0, 0.0, 1.0]}, {"left_foot_pose": [1.0000000000000004, -1.2497168824622153e-10, 1.3836930490285251e-09, -3.9452961311519595e-10, 4.109471406702981e-11, 0.9981710307564757, 0.06045323282137585, 4.673121334342056e-10, -1.3887174122640905e-09, -0.06045323282137611, 0.9981710307564762, 3.155360181472666e-09, 0.0, 0.0, 0.0, 1.0], "right_foot_pose": [0.9999995163147017, -0.000982821276120992, -3.7851038265695714e-05, 0.019670994741412637, 0.0009835498776816873, 0.9992588274023211, 0.0384815343791823, -0.14004917035754352, 2.5133876643754757e-09, -0.038481552994614136, 0.9992593107292633, 0.002837476577022373, 0.0, 0.0, 0.0, 1.0]}, {"left_foot_pose": [1.0000000000000004, -6.975256190537202e-11, 1.6230199961775345e-09, -3.9338144322306846e-10, 2.3103813939893093e-11, 0.9995873690224305, 0.028724409320576613, 1.1622878354211608e-10, -1.624354049622672e-09, -0.028724409320576877, 0.9995873690224308, 3.6783777829230146e-09, 0.0, 0.0, 0.0, 1.0], "right_foot_pose": [0.9999995000000372, -0.000999980357919846, -6.241724533778657e-06, 0.019999999988414174, 0.0009999998376740557, 0.9999800101640064, 0.00624333826717559, -0.14005000031493994, -1.6158724434238222e-09, -0.00624334138723039, 0.9999805101542343, 3.832719037977217e-09, 0.0, 0.0, 0.0, 1.0]}, {"left_foot_pose": [1.0000000000000004, 1.0193928286347105e-11, 1.6213214104610076e-09, -4.99038405638997e-10, -3.135208621965719e-12, 0.9999905238263244, -0.00435341906486106, 2.0325206448457145e-10, -1.621350621338312e-09, 0.004353419064860788, 0.9999905238263245, 3.818290517099143e-09, 0.0, 0.0, 0.0, 1.0], "right_foot_pose": [0.9999995000000632, -0.0009996394025160262, 2.684563395355943e-05, 0.019999999885447185, 0.0009999998115611834, 0.9996391348181531, -0.026843996356562833, -0.14005000023342656, -1.629820063082152e-09, 0.026844009780195067, 0.9996396346378633, 3.7539145264497975e-09, 0.0, 0.0, 0.0, 1.0]}, {"left_foot_pose": [1.0000000000000007, 7.297100366309763e-11, 1.3671900833678295e-09, -4.725457129099334e-10, -2.361854934126151e-11, 0.9993495271921589, -0.036062757809259834, 2.381320071687121e-10, -1.3689326066437022e-09, 0.03606275780925955, 0.9993495271921591, 3.4115740094042835e-09, 0.0, 0.0, 0.0, 1.0], "right_foot_pose": [0.9999995000000809, -0.0009982783509379545, 5.865084416062919e-05, 0.01999999985323685, 0.0009999997937351387, 0.9982781392253715, -0.058649439427350014, -0.14005000011958701, -1.389897770722704e-09, 0.05864946875346695, 0.998278638364528, 3.178814177162703e-09, 0.0, 0.0, 0.0, 1.0]}, {"left_foot_pose": [0.9999999997232256, -2.347767287558477e-05, 1.5325461783515246e-06, 0.00046890272791341936, 2.3527636066296164e-05, 0.9979114131242119, -0.06459729872749642, 2.2882955525056758e-07, -1.2751074550259383e-08, 0.06459729874567442, 0.9979114134003895, 0.0020582522942515155, 0.0, 0.0, 0.0, 1.0], "right_foot_pose": [0.9999995000000836, -0.0009962425738066364, 8.660436775287923e-05, 0.020000000055989228, 0.0009999997911888951, 0.9962423711290327, -0.08660333693120884, -0.14005000040164228, -1.0093959693479626e-09, 0.08660338023389712, 0.9962428692502964, 2.4207949672616635e-09, 0.0, 0.0, 0.0, 1.0]}, {"left_foot_pose": [0.9999999928029732, -0.00011946935059028157, 1.1005843385705277e-05, 0.002391083617543804, 0.00011997521841326781, 0.9958108860804057, -0.09143667081486241, 1.1849030399167099e-06, -3.5858971766466976e-08, 0.09143667147721835, 0.995810893246889, 0.009386886400071189, 0.0, 0.0, 0.0, 1.0], "right_foot_pose": [0.9999995000000755, -0.0009939770172239398, 0.00010958689698865022, 0.02000000019879324, 0.0009999997993803127, 0.9939767908354542, -0.1095862184804881, -0.14005000051378372, -6.496124786616701e-10, 0.10958627327426196, 0.9939772878239516, 1.699258449228136e-09, 0.0, 0.0, 0.0, 1.0]}, {"left_foot_pose": [0.9999999615560222, -0.0002753973355606216, 3.231505477386239e-05, 0.005526265583091408, 0.0002772867670284412, 0.9932125927390795, -0.11631280555710635, 2.7530860666133417e-06, -6.348259479558829e-08, 0.11631281004611613, 0.993212630920073, 0.018788172754780674, 0.0, 0.0, 0.0, 1.0], "right_foot_pose": [0.999999500000063, -0.0009918733926005303, 0.00012722734398357667, 0.02000000020697313, 0.0009999998120029502, 0.991873128274697, -0.12722695236050766, -0.14005000038196735, -3.5481106169442914e-10, 0.1272270159743594, 0.9918736242114012, 1.022849180354335e-09, 0.0, 0.0, 0.0, 1.0]}, {"left_foot_pose": [0.9999998844526936, -0.0004762068609821097, 6.573907515956339e-05, 0.009580707563454782, 0.0004807229892805741, 0.9906308868297439, -0.1365657898755164, 4.78559877964066e-06, -8.959221095107025e-08, 0.1365658056979916, 0.9906310012885985, 0.026807672056748826, 0.0, 0.0, 0.0, 1.0], "right_foot_pose": [0.999999500000051, -0.0009902400432261068, 0.00013937110408629964, 0.020000000115176376, 0.0009999998239313545, 0.9902397422483266, -0.13937091831626774, -0.14005000015339367, -1.4200944054019774e-10, 0.139370988001895, 0.9902402373683749, 4.751973120553643e-10, 0.0, 0.0, 0.0, 1.0]}, {"left_foot_pose": [0.9999997439982649, -0.000707733140699521, 0.00010543816744480673, 0.01426066993036054, 0.0007155441245973066, 0.9891055217839396, -0.14720650384112602, 7.129914593079906e-06, -1.0655233187455553e-07, 0.1472065416016664, 0.9891057749854999, 0.030000003255384378, 0.0, 0.0, 0.0, 1.0], "right_foot_pose": [0.9999995000000432, -0.0009893015221623894, 0.00014588406818961085, 0.01999999996905307, 0.0009999998315522363, 0.9893011974995508, -0.145883997156275, -0.14005000000915022, -2.2910366409326523e-11, 0.14588407009832616, 0.9893016921503504, 2.0540334710883457e-10, 0.0, 0.0, 0.0, 1.0]}, {"left_foot_pose": [0.9999995324450334, -0.0009562863501444143, 0.00014361800597386217, 0.019272387157099308, 0.0009670107045390273, 0.9889264280444386, -0.14840345280877354, 9.635708210973398e-06, -1.1144541535653509e-07, 0.148403522302151, 0.9889268904061125, 0.030000003483507988, 0.0, 0.0, 0.0, 1.0], "right_foot_pose": [0.9999995000000423, -0.0009891505924665281, 0.0001469039508265653, 0.01999999998707801, 0.0009999998326727102, 0.9891502641229316, -0.14690389710919707, -0.14005000002213008, -4.899707593866179e-12, 0.14690397056118076, 0.9891507586982681, 1.5515671386578944e-10, 0.0, 0.0, 0.0, 1.0]}, {"left_foot_pose": [0.9999992553313568, -0.001207766289002205, 0.00017503520748542967, 0.024322118775111583, 0.0012203838419111437, 0.9896726412101612, -0.14334076148598845, 1.2160654551174321e-05, -1.0541653429056131e-07, 0.14334086835475668, 0.9896733781704418, 0.03000000337845187, 0.0, 0.0, 0.0, 1.0], "right_foot_pose": [0.9999995000000469, -0.0009897761727287095, 0.0001426281308227246, 0.019999999990829374, 0.0009999998279017796, 0.9897758592305536, -0.14262800736448678, -0.14005000002481066, -7.748235731558207e-11, 0.1426280786785959, 0.9897763541186727, 2.958822145626705e-10, 0.0, 0.0, 0.0, 1.0]}, {"left_foot_pose": [0.9999989328496128, -0.001449480749328975, 0.00018249710606302145, 0.02911612241162504, 0.0014609242380063375, 0.9921731477216219, -0.12486116546204697, 1.45538608385537e-05, -8.48724968374718e-08, 0.12486129883085118, 0.9921742065052219, 0.028234487389514895, 0.0, 0.0, 0.0, 1.0], "right_foot_pose": [0.9999995000000597, -0.0009917370670028786, 0.0001282856981889063, 0.019999999861483323, 0.0009999998152136363, 0.99173679258628, -0.1282853624972369, -0.1400500001854857, -2.9771427926138374e-10, 0.12828542664023762, 0.9917372884548268, 7.735580301315714e-10, 0.0, 0.0, 0.0, 1.0]}, {"left_foot_pose": [0.9999985990385358, -0.0016653934602297979, 0.00016848023311669396, 0.03336063695556691, 0.0016738939521032368, 0.9949238581284443, -0.10061667160987288, 1.6669897499219447e-05, -5.865666179932638e-08, 0.10061681266783627, 0.9949252519705001, 0.021135378672973222, 0.0, 0.0, 0.0, 1.0], "right_foot_pose": [0.9999995000000729, -0.0009937391985020572, 0.00011172291274586452, 0.0199999997294358, 0.000999999801935826, 0.9937389641370797, -0.11172229480349687, -0.1400500004331901, -5.878898300977907e-10, 0.11172235066524808, 0.9937394610066722, 1.4595611733114744e-09, 0.0, 0.0, 0.0, 1.0]}, {"left_foot_pose": [0.9999982988079623, -0.001839840192418476, 0.00013179244493120157, 0.036761919368326165, 0.0018445544668486897, 0.9974437539462366, -0.07143217295070316, 1.836890833030458e-05, -3.17681875329316e-08, 0.07143229452920198, 0.9974454507883092, 0.01176039236022454, 0.0, 0.0, 0.0, 1.0], "right_foot_pose": [0.999999500000083, -0.0009959789459512156, 8.958528364295033e-05, 0.0199999996300618, 0.0009999997919113088, 0.9959787403852401, -0.08958431057415608, -0.140050000574193, -9.507404698899016e-10, 0.08958435536727308, 0.9959792383746914, 2.2812430139351747e-09, 0.0, 0.0, 0.0, 1.0]}, {"left_foot_pose": [0.9999980827890325, -0.0019565692243586497, 7.908938633225811e-05, 0.039026229696958535, 0.0019581670665747126, 0.9991823228195906, -0.04038380054660587, 1.9505208216800962e-05, -1.101543388342685e-08, 0.04038387799257188, 0.9991842384657006, 0.003563966916765922, 0.0, 0.0, 0.0, 1.0], "right_foot_pose": [0.9999995000000828, -0.0009980584173244036, 6.228145568948807e-05, 0.019999999565513557, 0.0009999997920565756, 0.9980582090578036, -0.062280103827350414, -0.14005000049810545, -1.336266245926977e-09, 0.0622801349687462, 0.9980587080869916, 3.1261383759417782e-09, 0.0, 0.0, 0.0, 1.0]}, {"left_foot_pose": [0.9999980000126705, -0.0019999222269759943, 1.6785291470905045e-05, 0.03985982051972155, 0.0019999926649768244, 0.9999627877358708, -0.008391851574403284, 1.9930086976750055e-05, -1.6163632371148763e-09, 0.008391868361266014, 0.9999647876527493, 5.654283565734164e-07, 0.0, 0.0, 0.0, 1.0], "right_foot_pose": [0.9999995000000665, -0.0009995195572152242, 3.098824311892786e-05, 0.01999999960633458, 0.0009999998082324123, 0.9995192985918789, -0.03098663813294279, -0.140050000115967, -1.596200636188563e-09, 0.030986653627862782, 0.9995197983516619, 3.7237974023773823e-09, 0.0, 0.0, 0.0, 1.0]}, {"left_foot_pose": [0.9999980000006266, -0.0019993966474235046, -4.906927546556904e-05, 0.039859940021440644, 0.001999998686879992, 0.9996969606192956, 0.024535422021967814, 1.993020236859891e-05, -1.6349913321214607e-09, -0.024535471089625904, 0.9996989600166698, 3.922490644792109e-09, 0.0, 0.0, 0.0, 1.0], "right_foot_pose": [0.999999500000041, -0.0009999979264773487, -1.9532222594278484e-06, 0.01999999954129056, 0.0009999998340167995, 0.999997589275989, 0.0019548510282414045, -0.14005000020703917, -1.6294241709117688e-09, -0.0019548520040380863, 0.9999980892749958, 3.901297805641857e-09, 0.0, 0.0, 0.0, 1.0]}, {"left_foot_pose": [0.9999980000005886, -0.0019968034478852897, -0.00011300802867216291, 0.03985993993302742, 0.0019999987060071315, 0.998400332950403, 0.05650464732835132, 1.99301022334019e-05, -1.4211547034102471e-09, -0.05650476033500127, 0.9984023297546362, 3.3658151474269538e-09, 0.0, 0.0, 0.0, 1.0], "right_foot_pose": [0.9999995000000191, -0.000999426752847106, -3.3850806653908264e-05, 0.01999999951287567, 0.000999999855707871, 0.9994263498730057, 0.03385219608546964, -0.14005000023928843, -1.4022761375547848e-09, -0.03385221301017418, 0.9994268495864586, 3.548322989599395e-09, 0.0, 0.0, 0.0, 1.0]}, {"left_foot_pose": [0.9999980000005813, -0.0019927836849347774, -0.0001697292647984855, 0.039859940076254104, 0.001999998709567429, 0.996390448285889, 0.08486503738176222, 1.9930349009659315e-05, -1.0436762163244674e-09, -0.08486520711004758, 0.9963924410703696, 2.591291750619895e-09, 0.0, 0.0, 0.0, 1.0], "right_foot_pose": [0.9999994829914303, -0.0010148718922546485, -6.365464905599563e-05, 0.02033850516449758, 0.001016866201603817, 0.9980387714604047, 0.06259054756857729, -0.14004948748316282, 8.42029332951372e-09, -0.06259057993698919, 0.9980392874547329, 0.0014926371939358724, 0.0, 0.0, 0.0, 1.0]}, {"left_foot_pose": [0.9999980000005966, -0.0019882276511240366, -0.0002166693684170946, 0.03985994023358392, 0.0019999987019758926, 0.9941124456399075, 0.10833487632814719, 1.9930500599472066e-05, -6.809645902892537e-10, -0.10833509299691499, 0.9941144338683304, 1.8587288097560162e-09, 0.0, 0.0, 0.0, 1.0], "right_foot_pose": [0.9999993892836399, -0.0011007451049291363, -9.895736729853022e-05, 0.02211103494592593, 0.0011051843039059312, 0.9959852071582012, 0.08951114841006795, -0.14004682312724254, 3.1115519533216486e-08, -0.08951120311027451, 0.9959858154199538, 0.008350320171173223, 0.0, 0.0, 0.0, 1.0]}, {"left_foot_pose": [0.9999980000006217, -0.001983931138290763, -0.0002530059212400745, 0.03985994025024476, 0.001999998689415391, 0.991964211219849, 0.1265029788749119, 1.9930391654577294e-05, -3.797799169914373e-10, -0.12650323188054385, 0.9919661951517192, 1.1567303295767495e-09, 0.0, 0.0, 0.0, 1.0], "right_foot_pose": [0.9999992111056877, -0.0012478144728028883, -0.00014403834110664863, 0.025139889691892764, 0.0012561003139736487, 0.9934081194838263, 0.11462430089474493, -0.14004227973767783, 5.899598088527794e-08, -0.11462439139489156, 0.9934089031699623, 0.01768706131999411, 0.0, 0.0, 0.0, 1.0]}, {"left_foot_pose": [0.9999980000006462, -0.0019805260738135293, -0.0002784082966043774, 0.03985994016098238, 0.00199999867716821, 0.9902617002959869, 0.13920404064607075, 1.9930165107477638e-05, -1.589080565343698e-10, -0.13920431905430447, 0.9902636808227537, 5.702364067050603e-10, 0.0, 0.0, 0.0, 1.0], "right_foot_pose": [0.9999989416688787, -0.0014414335023472647, -0.0001973083390157574, 0.02912926371188025, 0.0014548749481825768, 0.9907681116445808, 0.13555970008493187, -0.1400363005844899, 8.651718776451472e-08, -0.1355598436768422, 0.9907691601893464, 0.026048419964932665, 0.0, 0.0, 0.0, 1.0]}, {"left_foot_pose": [0.9999980000006627, -0.0019784781289163152, -0.00029260719261327647, 0.03985994000172058, 0.0019999986689421567, 0.9892377421505658, 0.1463034159210767, 1.9929996408474954e-05, -3.002810970251431e-11, -0.14630370852833774, 0.9892397206293609, 2.4454403085849563e-10, 0.0, 0.0, 0.0, 1.0], "right_foot_pose": [0.9999985774049975, -0.001668295329523647, -0.00024895516630473087, 0.03378335401395818, 0.0016867684992736165, 0.9890560376677163, 0.14753070583802744, -0.14002932438510343, 1.0582283133816973e-07, -0.14753091589131506, 0.9890574446695493, 0.029979955515096586, 0.0, 0.0, 0.0, 1.0]}, {"left_foot_pose": [0.9999980000006655, -0.0019785449432131804, -0.000292155057020089, 0.0398599400149278, 0.001999998667414062, 0.9892711517687762, 0.14607733665223283, 1.9930003504704807e-05, -5.998329276234746e-12, -0.14607762880738162, 0.9892731303143808, 1.8564452752833915e-10, 0.0, 0.0, 0.0, 1.0], "right_foot_pose": [0.9999981239337676, -0.0019158993516790997, -0.0002854095634737675, 0.03880633342252146, 0.0019370412831136053, 0.9890919943777585, 0.1472863691211619, -0.1400217899491695, 1.1045524035258149e-07, -0.14728664565228558, 0.989093849951806, 0.030000003285086237, 0.0, 0.0, 0.0, 1.0]}, {"left_foot_pose": [0.9999980000006552, -0.001979851729148097, -0.00028316394673229636, 0.03985994002375555, 0.0019999986725347963, 0.989924535781408, 0.14158182603453878, 1.993000498552288e-05, -8.457159887840548e-11, -0.14158210919849726, 0.9899265156338148, 3.3450132941315047e-10, 0.0, 0.0, 0.0, 1.0], "right_foot_pose": [0.9999975998559347, -0.0021687379094575215, -0.00031122058045006103, 0.04390239477439602, 0.0021909546683195717, 0.9898641980184666, 0.14200024365788638, -0.14001414592511743, 1.0479870083599667e-07, -0.14200058470702812, 0.9898665738082334, 0.030000003274860555, 0.0, 0.0, 0.0, 1.0]}, {"left_foot_pose": [0.9999980000006337, -0.001982624309086858, -0.0002630505323724283, 0.03985993991120581, 0.001999998683390714, 0.9913108068033843, 0.13152522313263942, 1.9930130836835758e-05, -2.6916511656136034e-10, -0.1315254861829951, 0.9913127894284064, 7.205145161059967e-10, 0.0, 0.0, 0.0, 1.0], "right_foot_pose": [0.9999970383782586, -0.0024134038693480386, -0.00031419177947187606, 0.048775732165519836, 0.002433769648750088, 0.9916337169873933, 0.12906063729527584, -0.14000683291525903, 8.772069562369242e-08, -0.12906101973690348, 0.9916366538125053, 0.028759739379435115, 0.0, 0.0, 0.0, 1.0]}, {"left_foot_pose": [0.9999980000006063, -0.0019865881402043543, -0.0002312192676389332, 0.03985993976913017, 0.001999998697131823, 0.993292698464077, 0.11560975384094709, 1.9930381311316324e-05, -5.555826248947078e-10, -0.11560998505974371, 0.9932946850529741, 1.3886389052530923e-09, 0.0, 0.0, 0.0, 1.0], "right_foot_pose": [0.9999964867626019, -0.002635893502157222, -0.0002802282972020696, 0.053130522542456635, 0.0026507475265618663, 0.9943952183043112, 0.10569353504860812, -0.1400002942177733, 6.077651636141082e-08, -0.10569390653659391,