{"LoopMode": "Wrap", "FrameDuration": 0.0167, "EnableCycleOffsetPosition": true, "EnableCycleOffsetRotation": false, "Debug_info": [{"left_foot_pose": [1.0000000000000007, -1.0658006258607588e-13, 9.142298029729549e-12, -1.722971572819902e-12, 2.7245352964101267e-14, 0.9999620375649145, 0.008713405133775453, 1.0063824773531849e-13, -9.143051227951343e-12, -0.00871340513377572, 0.9999620375649145, 2.138260402073655e-11, 0.0, 0.0, 0.0, 1.0], "right_foot_pose": [0.9999999999999998, 2.0330993004855253e-13, 9.115097565626227e-12, -1.4263834224087668e-12, -7.482640223092434e-14, 0.9999007561195519, -0.014088218891978622, -0.14000000000225418, -9.11728671130482e-12, 0.014088218891978437, 0.9999007561195519, 1.646403846589095e-11, 0.0, 0.0, 0.0, 1.0]}, {"left_foot_pose": [1.0000000000000007, -1.499402566464662e-13, 2.0025481273222574e-11, -3.673529773327129e-12, 3.7084552872631565e-14, 0.9999840273199926, 0.005652000078677357, 1.1308575603719007e-12, -2.0026203881862947e-11, -0.005652000078677626, 0.9999840273199928, 4.535542080796873e-11, 0.0, 0.0, 0.0, 1.0], "right_foot_pose": [1.0, 5.283245331858379e-13, 2.0006163392594086e-11, -3.247816324708134e-12, -1.8508230377158995e-13, 0.9998529161651509, -0.017150686168299432, -0.1400000000040077, -2.0012318406275323e-11, 0.017150686168299248, 0.999852916165151, 3.7861956625473425e-11, 0.0, 0.0, 0.0, 1.0]}, {"left_foot_pose": [1.0000000000000007, -4.706668135872106e-14, 3.472994114517292e-11, -6.285663234849384e-12, -1.8863759756780958e-15, 0.9999989931392242, 0.0014190562140248466, 2.9221538383472634e-12, -3.473023288014902e-11, -0.0014190562140251166, 0.9999989931392244, 7.765300902295991e-11, 0.0, 0.0, 0.0, 1.0], "right_foot_pose": [0.9999999999999998, 1.1288810181796999e-12, 3.475775223193977e-11, -5.758099853849767e-12, -3.852344639053992e-13, 0.9997712852838804, -0.021386377014773306, -0.14000000000594884, -3.477391197974704e-11, 0.021386377014773125, 0.9997712852838803, 6.725757450976033e-11, 0.0, 0.0, 0.0, 1.0]}, {"left_foot_pose": [1.0000000000000007, 3.4820169940840056e-13, 5.300815342224042e-11, -9.516705140848949e-12, -1.3810599902016576e-13, 0.999992170461619, -0.003957147389334504, 5.611146963735436e-12, -5.3009446150024684e-11, 0.003957147389334231, 0.9999921704616193, 1.1803875932248076e-10, 0.0, 0.0, 0.0, 1.0], "right_foot_pose": [0.9999999999999998, 2.144215699482129e-12, 5.314687578916731e-11, -8.930020640928755e-12, -7.20754608237804e-13, 0.9996416673109121, -0.026768208305002084, -0.1400000000078534, -5.3185352172510854e-11, 0.026768208305001904, 0.9996416673109119, 1.0414911294498452e-10, 0.0, 0.0, 0.0, 1.0]}, {"left_foot_pose": [1.0000000000000004, 1.2165690375628237e-12, 7.502354293364987e-11, -1.3395220936837315e-11, -4.3140834726104225e-13, 0.9999452905958043, -0.010460201492967952, 9.423288538368269e-12, -7.50324312217405e-11, 0.010460201492967681, 0.9999452905958042, 1.6724661933142926e-10, 0.0, 0.0, 0.0, 1.0], "right_foot_pose": [1.0, 3.763911817550391e-12, 7.537120927381122e-11, -1.2809910367630228e-11, -1.253332448969464e-12, 0.9994460251932097, -0.03328126688534944, -0.1400000000095028, -7.545486146550575e-11, 0.03328126688534925, 0.9994460251932096, 1.488851611441966e-10, 0.0, 0.0, 0.0, 1.0]}, {"left_foot_pose": [1.0000000000000004, 2.7947918865072237e-12, 1.0135214889572805e-10, -1.802133690178346e-11, -9.598974805892509e-13, 0.9998362474692034, -0.018096360040147717, 1.469768577677666e-11, -1.0138621845707758e-10, 0.018096360040147447, 0.9998362474692035, 2.2704524371697232e-10, 0.0, 0.0, 0.0, 1.0], "right_foot_pose": [0.9999999999999998, 6.250488888810864e-12, 1.0205103428972958e-10, -1.752096298851223e-11, -2.0678831000654814e-12, 0.999161867426511, -0.0409336375218121, -0.14000000001064833, -1.0222137313021996e-10, 0.040933637521811915, 0.999161867426511, 2.0270304185165955e-10, 0.0, 0.0, 0.0, 1.0]}, {"left_foot_pose": [1.0000000000000004, 5.4082014944944365e-12, 1.329401033700605e-10, -2.355992129708229e-11, -1.830207698985773e-12, 0.9996382078885345, -0.026897087749413517, 2.1910187206208853e-11, -1.3303770077378626e-10, 0.02689708774941325, 0.9996382078885347, 3.002550499897616e-10, 0.0, 0.0, 0.0, 1.0], "right_foot_pose": [0.9999999999999998, 9.972302399534746e-12, 1.3419504396594556e-10, -2.325968669779085e-11, -3.2824965987160524e-12, 0.9987612527114377, -0.04975902010972026, -0.1400000000109611, -1.345249992699046e-10, 0.049759020109720074, 0.9987612527114378, 2.6768009336874954e-10, 0.0, 0.0, 0.0, 1.0]}, {"left_foot_pose": [1.0000000000000007, 9.51022470406776e-12, 1.7102480542874317e-10, -3.022870845684527e-11, -3.1896238286676163e-12, 0.9993183223462844, -0.036917348537078294, 3.1687050552897666e-11, -1.7125935974234084e-10, 0.03691734853707801, 0.9993183223462849, 3.9074653235271484e-10, 0.0, 0.0, 0.0, 1.0], "right_foot_pose": [1.0, 1.544323820452453e-11, 1.7312701272587098e-10, -3.0286660722404795e-11, -5.0599217997891375e-12, 0.9982094732408767, -0.059815111235972704, -0.14000000000997112, -1.7374102807725716e-10, 0.059815111235972517, 0.9982094732408765, 3.466308559629816e-10, 0.0, 0.0, 0.0, 1.0]}, {"left_foot_pose": [1.0000000000000007, 1.571562646625051e-11, 2.1691837215342934e-10, -3.8264538337641266e-11, -5.235145906506872e-12, 0.9988362843902548, -0.048229420331067384, 4.477155451931836e-11, -2.174242074550937e-10, 0.0482294203310671, 0.9988362843902552, 5.032066152654835e-10, 0.0, 0.0, 0.0, 1.0], "right_foot_pose": [0.9999999999999998, 2.335279092625362e-11, 2.20277629470189e-10, -3.889270231844507e-11, -7.614703059058583e-12, 0.9974636644415897, -0.07117751132735559, -0.14000000000700474, -2.2138119397472396e-10, 0.07117751132735542, 0.9974636644415896, 4.4275836469376273e-10, 0.0, 0.0, 0.0, 1.0]}, {"left_foot_pose": [1.0000000000000007, 2.477619107278054e-11, 2.7135477198569855e-10, -4.7818537615589096e-11, -8.202228277116916e-12, 0.9981433974375189, -0.06090778400079939, 6.182765063811324e-11, -2.7236030301074803e-10, 0.06090778400079911, 0.9981433974375193, 6.419701367721409e-10, 0.0, 0.0, 0.0, 1.0], "right_foot_pose": [0.9999999999999998, 3.4523805685740806e-11, 2.7652286016532897e-10, -4.928394020061434e-11, -1.1194858111337861e-11, 0.9964721042522005, -0.083924641477887, -0.14000000000116047, -2.784448634313731e-10, 0.08392464147788686, 0.9964721042522003, 5.584510909262264e-10, 0.0, 0.0, 0.0, 1.0]}, {"left_foot_pose": [1.0000000000000004, 3.732449741749845e-11, 3.326104391909717e-10, -5.864537414302252e-11, -1.2275675355275763e-11, 0.9971840789425104, -0.07499275100686713, 8.276873630919113e-11, -3.344731436985448e-10, 0.07499275100686682, 0.9971840789425109, 8.068447576725646e-10, 0.0, 0.0, 0.0, 1.0], "right_foot_pose": [1.0, 4.9589906712819045e-11, 3.4025393613745765e-10, -6.123259531591081e-11, -1.597133801760097e-11, 0.9951764478890003, -0.09810115986588526, -0.13999999999147691, -3.4347769935139153e-10, 0.09810115986588508, 0.9951764478890003, 6.91530915863936e-10, 0.0, 0.0, 0.0, 1.0]}, {"left_foot_pose": [1.0000000000000004, 5.286157075845026e-11, 3.9145658936590073e-10, -6.924584898235082e-11, -1.7256164434225082e-11, 0.9959053255143586, -0.09040233742631124, 1.0484770517071862e-10, -3.9463281129466315e-10, 0.0904023374263109, 0.9959053255143585, 9.802439346340286e-10, 0.0, 0.0, 0.0, 1.0], "right_foot_pose": [1.0, 6.777605084689197e-11, 4.0213044005810125e-10, -7.310645870013189e-11, -2.1643370517844172e-11, 0.9935232610539002, -0.11362891245111889, -0.1399999999777764, -4.0722749242113675e-10, 0.11362891245111867, 0.9935232610539001, 8.24582263581064e-10, 0.0, 0.0, 0.0, 1.0]}, {"left_foot_pose": [1.0000000000000002, 6.669926479093678e-11, 4.1916803361630054e-10, -7.475318626580848e-11, -2.1585154594069946e-11, 0.9942893050840792, -0.10671821679272894, 1.1813524984638502e-10, -4.238924650579722e-10, 0.10671821679272865, 0.9942893050840789, 1.0925186935684117e-09, 0.0, 0.0, 0.0, 1.0], "right_foot_pose": [0.9999999999999999, 8.328390989099312e-11, 4.324854363524362e-10, -7.949413063831315e-11, -2.631410548255194e-11, 0.9915021881240561, -0.13009001093554073, -0.1399999999633742, -4.396447839457381e-10, 0.13009001093554054, 0.9915021881240561, 8.980818172465987e-10, 0.0, 0.0, 0.0, 1.0]}, {"left_foot_pose": [1.0000000000000004, 6.352026600611513e-11, 3.4792163594587914e-10, -6.320405193005343e-11, -2.0362401092743033e-11, 0.9924481271661694, -0.12266505160135767, 9.88841057647516e-11, -3.5308600045362366e-10, 0.12266505160135738, 0.9924481271661696, 9.541493983800109e-10, 0.0, 0.0, 0.0, 1.0], "right_foot_pose": [0.9999999999999998, 7.779747459839094e-11, 3.6047553830798015e-10, -6.715262299276137e-11, -2.4260640331232123e-11, 0.9892553092322168, -0.14619826659667015, -0.1399999999608077, -3.679761724997766e-10, 0.14619826659667, 0.9892553092322168, 7.624326031629991e-10, 0.0, 0.0, 0.0, 1.0]}, {"left_foot_pose": [1.0000000000000002, 1.3197992079106883e-10, 6.514232486765057e-10, -2.5326637568876606e-09, -3.9134196639429455e-11, 0.9900782957027154, -0.14051679037897027, -1.345524763829431e-08, -6.635056230540467e-10, 0.14051679037897002, 0.9900782957027153, 0.005517079675808272, 0.0, 0.0, 0.0, 1.0], "right_foot_pose": [0.9999999999999998, 5.617474736971416e-11, 2.382934960465374e-10, 3.396442175074625e-11, -1.7334343422174906e-11, 0.9871237569471158, -0.15995839606163717, -0.14000000029282678, -2.4421086893402514e-10, 0.15995839606163703, 0.9871237569471157, 4.93841620374802e-10, 0.0, 0.0, 0.0, 1.0]}, {"left_foot_pose": [1.0000000000000004, 1.9763217634003343e-10, 8.357642355960558e-10, -4.410392122028944e-09, -5.910366578871454e-11, 0.9866915347373485, -0.1626032449788655, -1.9589287390125998e-08, -8.567773563625762e-10, 0.16260324497886525, 0.9866915347373485, 0.018168995750921527, 0.0, 0.0, 0.0, 1.0], "right_foot_pose": [0.9999999999999999, 2.708707166061951e-11, 1.077498090751304e-10, 8.548936632323084e-11, -8.352103438189827e-12, 0.9854084903839818, -0.17020607239215182, -0.14000000033000554, -1.1078810378416758e-10, 0.1702060723921516, 0.9854084903839817, 4.3888871009700736e-10, 0.0, 0.0, 0.0, 1.0]}, {"left_foot_pose": [1.0000000000000002, 1.494888076307444e-10, 5.584198659036561e-10, -3.5233602268174715e-09, -4.4058265721880005e-11, 0.9828851741817886, -0.18421925625090357, -1.1950038854291467e-08, -5.764016397810033e-10, 0.18421925625090327, 0.9828851741817886, 0.031638525153672936, 0.0, 0.0, 0.0, 1.0], "right_foot_pose": [0.9999999999999997, 4.9688456081086674e-12, 1.8679613411620695e-11, 5.3548657345958196e-11, -1.6028798413077806e-12, 0.9843835260823341, -0.1760371369277255, -0.14000000013751454, -1.9262646615227196e-11, 0.1760371369277253, 0.9843835260823339, 2.176932384356789e-10, 0.0, 0.0, 0.0, 1.0]}, {"left_foot_pose": [1.0000000000000002, 8.375515520311917e-13, 4.29917212940721e-12, -3.024843003827687e-10, 2.000992256343904e-14, 0.9806819135032273, -0.19560926493305364, -4.551941046315733e-10, -4.380428815915053e-12, 0.19560926493305342, 0.9806819135032272, 0.03960754745413382, 0.0, 0.0, 0.0, 1.0], "right_foot_pose": [1.0, 1.7387207825620075e-12, 6.346867476025854e-12, 3.659972041303234e-12, -5.893104605389513e-13, 0.9842511998748541, -0.17677549475227128, -0.13999999998188856, -6.55441580774437e-12, 0.17677549475227106, 0.9842511998748542, 1.6418061354883662e-11, 0.0, 0.0, 0.0, 1.0]}, {"left_foot_pose": [1.0000000000000002, 3.596383939414875e-11, 1.2836948171113187e-10, -1.5562334591132656e-11, -1.0867119326065794e-11, 0.9817110690373557, -0.19037693381692294, 5.933493626986142e-11, -1.32868812183324e-10, 0.19037693381692267, 0.981711069037356, 0.040000000211463986, 0.0, 0.0, 0.0, 1.0], "right_foot_pose": [0.9999999999999998, 2.069923750691681e-11, 8.11620215479535e-11, -1.504835637299808e-11, -6.419244957137484e-12, 0.9850730884773622, -0.1721366037705848, -0.13999999998240636, -8.351379038273526e-11, 0.17213660377058457, 0.985073088477362, 1.56224665148752e-10, 0.0, 0.0, 0.0, 1.0]}, {"left_foot_pose": [1.0000000000000007, 9.818107208853862e-11, 3.7351577386601615e-10, -4.476525068894655e-11, -2.998878614227078e-11, 0.9839665243941973, -0.17835324183093645, 1.5811738376947382e-10, -3.8503816226589784e-10, 0.17835324183093618, 0.9839665243941974, 0.04000000062314445, 0.0, 0.0, 0.0, 1.0], "right_foot_pose": [1.0, 5.655966631976852e-11, 2.35049257835129e-10, -4.317163387775313e-11, -1.760776070955239e-11, 0.9867054477372528, -0.16251879708399286, -0.1399999999578963, -2.411166515430294e-10, 0.16251879708399267, 0.9867054477372527, 4.623328039854435e-10, 0.0, 0.0, 0.0, 1.0]}, {"left_foot_pose": [1.0000000000000002, 3.360964143258394e-10, 1.4438078510536856e-09, -1.5300528480167625e-09, -1.0542682359582746e-10, 0.987617355116402, -0.1568819934628703, -8.492261831249959e-09, -1.4786573499648394e-09, 0.15688199346287002, 0.9876173551164019, 0.037570006668388126, 0.0, 0.0, 0.0, 1.0], "right_foot_pose": [0.9999999999999998, 1.0904771795286911e-10, 4.988797153160356e-10, -7.687247708774082e-11, -3.420189006775683e-11, 0.9890422849712142, -0.14763251179506487, -0.14000000027161164, -5.095123852160313e-10, 0.14763251179506465, 0.9890422849712138, 1.0243089293426877e-09, 0.0, 0.0, 0.0, 1.0]}, {"left_foot_pose": [1.0000000000000004, 4.063433811411769e-10, 2.2352933393143744e-09, -4.352743266012729e-09, -1.310241713859516e-10, 0.9925527960924597, -0.12181521649219827, -2.1845645941515057e-08, -2.2681458418805665e-09, 0.121815216492198, 0.9925527960924599, 0.026715186696716846, 0.0, 0.0, 0.0, 1.0], "right_foot_pose": [0.9999999999999999, 1.5930621315578933e-10, 8.456246258781155e-10, -8.877503003364143e-11, -5.058244468413753e-11, 0.9918968822382255, -0.1270455627170351, -0.14000000076767477, -8.590116337089293e-10, 0.1270455627170349, 0.9918968822382254, 1.966231996664014e-09, 0.0, 0.0, 0.0, 1.0]}, {"left_foot_pose": [1.0000000000000004, 2.641217524854092e-10, 2.0837029324205457e-09, -3.986507046972069e-09, -8.80136813027805e-11, 0.996460020588032, -0.0840679925399678, -2.1754855972222487e-08, -2.098531285841329e-09, 0.08406799253996751, 0.9964600205880321, 0.012812779719800264, 0.0, 0.0, 0.0, 1.0], "right_foot_pose": [1.0, 1.838213445886482e-10, 1.2216907485651508e-09, -1.2956538007619574e-10, -5.920657630555518e-11, 0.9948631585636797, -0.10122892735131962, -0.14000000094813828, -1.2340232495083262e-09, 0.10122892735131946, 0.9948631585636797, 2.8400642115844477e-09, 0.0, 0.0, 0.0, 1.0]}, {"left_foot_pose": [1.0000000000000004, 1.3006835252577867e-10, 1.7553389297653134e-09, -1.413994226193147e-09, -4.451851711128865e-11, 0.9988159361295007, -0.048649005475445775, -9.344655327314655e-09, -1.759588377402367e-09, 0.0486490054754455, 0.9988159361295009, 0.002180903025347493, 0.0, 0.0, 0.0, 1.0], "right_foot_pose": [1.0, 1.6395872656287337e-10, 1.5493275551392563e-09, -2.3521954470670505e-10, -5.3518741825054846e-11, 0.9974752257149488, -0.07101530880670855, -0.1400000005865729, -1.5570596523386186e-09, 0.07101530880670837, 0.9974752257149486, 3.315394112024528e-09, 0.0, 0.0, 0.0, 1.0]}, {"left_foot_pose": [1.0000000000000007, 3.809392830981408e-11, 1.6596648499955786e-09, -2.8725492143004593e-10, -1.2595320096892252e-11, 0.9998820159516282, -0.015360799995727936, 3.1981223398702685e-10, -1.6600543847919985e-09, 0.015360799995727667, 0.9998820159516282, 3.4542567556306025e-09, 0.0, 0.0, 0.0, 1.0], "right_foot_pose": [0.9999999999999999, 9.542256091675865e-11, 1.6722823681369897e-09, -2.8835281872077717e-10, -3.148657721339743e-11, 0.9992704532817431, -0.03819111412488553, -0.14000000011386748, -1.674706764968965e-09, 0.038191114124885336, 0.9992704532817429, 3.4062700160486514e-09, 0.0, 0.0, 0.0, 1.0]}, {"left_foot_pose": [1.0000000000000007, -3.923752693045309e-11, 1.5162155420078717e-09, -2.644051467742256e-10, 1.2852612681122094e-11, 0.9998486412291893, 0.017398121511966912, 1.9327092183607508e-10, -1.5166689088886787e-09, -0.017398121511967186, 0.9998486412291894, 3.080131594224156e-09, 0.0, 0.0, 0.0, 1.0], "right_foot_pose": [1.0000000000000002, 1.2255609950085165e-11, 1.5142310738625042e-09, -2.5657908881649545e-10, -4.072514123519041e-12, 0.9999853984054697, -0.005403977780661523, -0.14000000020074457, -1.514275372677412e-09, 0.005403977780661342, 0.9999853984054698, 3.1706612960147318e-09, 0.0, 0.0, 0.0, 1.0]}, {"left_foot_pose": [1.0000000000000007, -7.896720801528122e-11, 1.121725656805241e-09, -3.035569090252667e-10, 2.59811799190291e-11, 0.9988874358997202, 0.04715814247490948, 3.252126849068171e-10, -1.1242017033100487e-09, -0.04715814247490975, 0.9988874358997202, 2.2893581891336723e-09, 0.0, 0.0, 0.0, 1.0], "right_foot_pose": [0.9999999776048825, -0.00021157126652755558, -5.2757624487964936e-06, -3.277648057720059e-10, 0.00021163700863806285, 0.9997014842471028, 0.024431487959522238, -0.14001057827868635, 1.051866998254476e-07, -0.024431488528922952, 0.9997015066349805, 0.0005096367426701345, 0.0, 0.0, 0.0, 1.0]}, {"left_foot_pose": [1.0000000000000007, -7.159682616289267e-11, 6.470389224411136e-10, -4.674047407468787e-10, 2.4869729918651145e-11, 0.9974096347026136, 0.07193066524369071, 7.346173409167323e-10, -6.505130849276811e-10, -0.07193066524369096, 0.9974096347026136, 1.6792456661307575e-09, 0.0, 0.0, 0.0, 1.0], "right_foot_pose": [0.999991654157319, -0.004079813360522061, -0.00021619123977154354, -9.689344732371347e-10, 0.004085537274024158, 0.9986028226060962, 0.05268501749378375, -0.14020426198624608, 9.441439880135942e-07, -0.05268546105028468, 0.9986111566535935, 0.00878041561285104, 0.0, 0.0, 0.0, 1.0]}, {"left_foot_pose": [1.0000000000000004, -3.6614247974738285e-11, 2.18218831893325e-10, -5.050183523500135e-10, 1.6593560531667196e-11, 0.9958462870624616, 0.09105038464449212, 6.299921695429589e-10, -2.2064624511204594e-10, -0.09105038464449242, 0.9958462870624619, 1.069347950466426e-09, 0.0, 0.0, 0.0, 1.0], "right_foot_pose": [0.9999273326049894, -0.012014958752007312, -0.000985025714525492, 1.0236292541138288e-09, 0.01205526872676706, 0.9965995192314665, 0.08151115729478607, -0.14060275724197305, 2.322960801390674e-06, -0.08151710884101271, 0.9966719424970315, 0.022328666849129132, 0.0, 0.0, 0.0, 1.0]}, {"left_foot_pose": [1.0000000000000004, 9.360946938347327e-13, -1.0541384432016802e-10, -3.899267042700517e-10, 1.0045507240806498e-11, 0.9945642120828099, 0.10412505963551738, 2.3649075839987654e-10, 1.0493790600303677e-10, -0.10412505963551769, 0.9945642120828103, 4.155982641362854e-10, 0.0, 0.0, 0.0, 1.0], "right_foot_pose": [0.9997331916057577, -0.022961574543468675, -0.002512308947981476, 3.3685775512851297e-09, 0.02309860572476199, 0.9938207427028637, 0.10856696452927259, -0.1411550161103083, 3.916295584895018e-06, -0.10859602878564714, 0.9940859633435379, 0.034836263000113124, 0.0, 0.0, 0.0, 1.0]}, {"left_foot_pose": [1.0000000000000007, 1.8438816688018953e-11, -2.799977472101038e-10, -9.809126725358048e-11, 1.269300764252406e-11, 0.9938449966325132, 0.11077961305457189, -9.726021984318711e-11, 2.803168286197117e-10, -0.11077961305457218, 0.9938449966325135, 6.414121317410704e-11, 0.0, 0.0, 0.0, 1.0], "right_foot_pose": [0.9993448589875844, -0.03590385093223882, -0.0045570059600944955, 3.512475670020519e-10, 0.03619188844203, 0.9914092010137946, 0.12568986974370183, -0.14180997922436153, 5.1072909418910815e-06, -0.12577245180652516, 0.9920591163537035, 0.04000000051044791, 0.0, 0.0, 0.0, 1.0]}, {"left_foot_pose": [1.0000000000000002, 5.2543623571515055e-12, -2.8396235363104e-10, 1.5536157533956142e-10, 2.63161409765513e-11, 0.9938133711058273, 0.11106297047743574, -1.2147800560607935e-10, 2.827889038861839e-10, -0.11106297047743602, 0.9938133711058276, 5.819958404096326e-11, 0.0, 0.0, 0.0, 1.0], "right_foot_pose": [0.9987336168370798, -0.04987639558872743, -0.0065960414341799025, 2.551394763863901e-10, 0.050310660590401596, 0.9901272537785215, 0.13083141349064698, -0.1425165835911252, 5.521056341947285e-06, -0.1309975819932568, 0.9913826877051252, 0.040000000323780316, 0.0, 0.0, 0.0, 1.0]}, {"left_foot_pose": [1.0000000000000004, -3.4217080990469646e-11, -1.2916862024425704e-10, 3.760581211243104e-10, 4.7617040771777034e-11, 0.9944502823516478, 0.10520758494865808, -1.360265372563063e-10, 1.2485163251223007e-10, -0.10520758494865835, 0.9944502823516477, 2.7795941937025503e-10, 0.0, 0.0, 0.0, 1.0], "right_foot_pose": [0.9979221432691979, -0.0638972378918831, -0.008278826172728734, 9.404053582942953e-11, 0.06443132736284042, 0.9896604927594503, 0.12814333039758294, -0.14322378858099988, 5.222322899934447e-06, -0.12841048267532432, 0.9917211038955546, 0.04000000037700168, 0.0, 0.0, 0.0, 1.0]}, {"left_foot_pose": [1.0000000000000007, -8.906119315149448e-11, 1.9549184493428305e-10, 6.300836064953103e-10, 7.05063201456013e-11, 0.9956713856112615, 0.09294348753383337, 2.6214124100587544e-10, -2.0292355184124738e-10, -0.09294348753383364, 0.9956713856112618, 1.0252738102956016e-09, 0.0, 0.0, 0.0, 1.0], "right_foot_pose": [0.9969897763440364, -0.07703398016287631, -0.008783607785737694, -2.914338780826871e-09, 0.07753312742762113, 0.9905772768855098, 0.11289496299383737, -0.14388053410015977, 4.093941870418791e-06, -0.11323614448732026, 0.9935681031337945, 0.035066711981964004, 0.0, 0.0, 0.0, 1.0]}, {"left_foot_pose": [1.0000000000000002, -1.2672676661415334e-10, 6.32868701888614e-10, 6.88388582732349e-10, 7.940622884940593e-11, 0.9972419142071486, 0.07421970458350495, 7.25801956730221e-10, -6.405289831616272e-10, -0.07421970458350526, 0.9972419142071486, 2.0909412187797294e-09, 0.0, 0.0, 0.0, 1.0], "right_foot_pose": [0.9960673146846344, -0.08826813892302696, -0.00765769338680046, -5.158194716628137e-10, 0.08859968741939568, 0.9923423493933328, 0.08606251791404908, -0.14443577882427638, 2.4751590884812416e-06, -0.08640253035406938, 0.9962603087257303, 0.022659682134840327, 0.0, 0.0, 0.0, 1.0]}, {"left_foot_pose": [1.0000000000000004, -1.264210627963776e-10, 1.0551929330304713e-09, 4.5288876551905734e-10, 6.378494977719005e-11, 0.9982490823993051, 0.059150397200240776, 8.421734264824066e-10, -1.060823409508388e-09, -0.05915039720024103, 0.9982490823993052, 2.7880911954158982e-09, 0.0, 0.0, 0.0, 1.0], "right_foot_pose": [0.9953214343860901, -0.09640732953390899, -0.0063928916584303965, 1.016038331160679e-09, 0.09661905738606189, 0.9931411425054171, 0.06584397324633307, -0.14483848288548495, 1.202098985850534e-06, -0.06615359306322849, 0.9978094518110059, 0.009063335716538515, 0.0, 0.0, 0.0, 1.0]}, {"left_foot_pose": [1.0000000000000004, -5.5395156707867874e-11, 1.470109645129726e-09, -6.859979871595333e-11, 1.1346465473735421e-11, 0.9995515122469366, 0.029946191157857613, 4.388595719467814e-10, -1.4711093671190509e-09, -0.029946191157857873, 0.999551512246937, 3.1842257511294214e-09, 0.0, 0.0, 0.0, 1.0], "right_foot_pose": [0.9949288094041919, -0.10051885656162894, -0.0035529836897808345, -7.115078600079816e-11, 0.1005816296225589, 0.9943079319933082, 0.03514359340848706, -0.1450375954095965, 1.660401040309852e-07, -0.03532273843763173, 0.9993759573600114, 0.0005957978486289678, 0.0, 0.0, 0.0, 1.0]}, {"left_foot_pose": [1.0000000000000002, 2.812236529781694e-10, -2.0937768185902973e-10, -3.112734806289237e-09, -2.816390216578354e-10, 0.9999980238275489, -0.0019880495460898, -1.5036617784236483e-12, 2.0881814931921866e-10, 0.0019880495460895303, 0.9999980238275488, 3.3231423862689624e-09, 0.0, 0.0, 0.0, 1.0], "right_foot_pose": [0.9949038343716171, -0.10082773228481208, -0.00035882440805737456, -3.2969067135634605e-09, 0.10082837077258341, 0.9948975342282779, 0.0035406261931026617, -0.14504999987570727, 2.0887843412101838e-10, -0.0035587622560524505, 0.9999936675855527, 3.517759160354128e-09, 0.0, 0.0, 0.0, 1.0]}, {"left_foot_pose": [1.0000000000000002, 1.762890995099338e-10, 4.28299784527294e-10, -2.303754822061733e-09, -1.6186956786708003e-10, 0.9994408612311635, -0.0334359821376772, 2.0366619675471487e-10, -4.3395487101101175e-10, 0.03343598213767693, 0.9994408612311637, 3.1395027827452182e-09, 0.0, 0.0, 0.0, 1.0], "right_foot_pose": [0.994903834368584, -0.10078907221440318, 0.0028148322950731653, -2.344826664649538e-09, 0.1008283708025156, 0.9945160635054796, -0.027774792004181936, -0.1450499999497136, -4.1647479464414087e-10, 0.02791706201814484, 0.9996102428688267, 3.0617034671442944e-09, 0.0, 0.0, 0.0, 1.0]}, {"left_foot_pose": [0.9999985015993462, -0.0017276336621957435, 0.00010991356827436676, -0.00012533792518860487, 0.0017311261876501098, 0.9980205593812332, -0.06286466618453743, -6.3427564077674775e-06, -1.088887429927762e-06, 0.06286476226233662, 0.99802205469845, 0.0020214381599460776, 0.0, 0.0, 0.0, 1.0], "right_foot_pose": [0.9949038343799342, -0.10066601463004357, 0.005719600913362206, 1.9339426913199398e-10, 0.10082837069051692, 0.9933018189511665, -0.05643701030529117, -0.14505000048212466, -1.0858491150162448e-09, 0.05672609599476817, 0.998389778610134, 2.1995048074541224e-09, 0.0, 0.0, 0.0, 1.0]}, {"left_foot_pose": [0.9999267904994346, -0.012048273608566541, 0.0011192607176480703, -0.0008760938188441753, 0.012100149833507106, 0.995669864566744, -0.09216890564420027, -4.429882675434371e-05, -3.937973752222067e-06, 0.09217570122703633, 0.9957427579891294, 0.012500281547665339, 0.0, 0.0, 0.0, 1.0], "right_foot_pose": [0.9949038343821117, -0.10049795112488767, 0.008156111295906768, 7.435041057216735e-10, 0.10082837066903112, 0.9916434859200598, -0.08047879534722764, -0.14505000060026219, -5.956295059609667e-10, 0.08089102949037141, 0.9967229511494092, 1.590934460560245e-09, 0.0, 0.0, 0.0, 1.0]}, {"left_foot_pose": [0.9995481903281299, -0.029833167760648337, 0.003660234026134513, -0.00217648621300535, 0.030056865351938758, 0.992139593516, -0.12147267932799698, -0.00011002380335723566, -7.548278135212362e-06, 0.1215278119578884, 0.9925880267582078, 0.026398317040631468, 0.0, 0.0, 0.0, 1.0], "right_foot_pose": [0.9949038343818742, -0.10032863077636257, 0.010026274421946656, 8.764925016249009e-10, 0.10082837067137337, 0.9899727507265854, -0.0989322621119846, -0.1450500003239006, -7.173072758054757e-11, 0.0994390198331549, 0.9950436580043217, 9.245440593663723e-10, 0.0, 0.0, 0.0, 1.0]}, {"left_foot_pose": [0.9985653688311472, -0.05297080997494759, 0.007829269551726943, -0.0038786657919051126, 0.053546279512941435, 0.9878636930785595, -0.1458016455583152, -0.00019604591144762804, -1.1019872572555096e-05, 0.1460117022289259, 0.9892828628308361, 0.03739742735261648, 0.0, 0.0, 0.0, 1.0], "right_foot_pose": [0.9949038343805877, -0.1001954710741455, 0.011279535053977179, 6.535148121440681e-10, 0.10082837068406808, 0.9886588233224156, -0.11129856572271311, -0.1450499999407565, 3.683747389095706e-10, 0.11186866694015332, 0.9937230003159999, 2.991974723531854e-10, 0.0, 0.0, 0.0, 1.0]}, {"left_foot_pose": [0.9967543993711201, -0.07951476499859016, 0.012572568613370552, -0.0058347944112158556, 0.08050259106071027, 0.9845485214763492, -0.15551058385604408, -0.0002949085659631097, -1.2916309347405886e-05, 0.1560179829569479, 0.9877542147858523, 0.04000000009034787, 0.0, 0.0, 0.0, 1.0], "right_foot_pose": [0.9949038343798124, -0.10012571088010548, 0.011882859803096514, 2.6790117173269845e-10, 0.10082837069171818, 0.987970478113639, -0.11725175495301118, -0.1450499997989106, 6.355872736557552e-10, 0.1178523499836172, 0.9930311292217072, 6.818599851410312e-11, 0.0, 0.0, 0.0, 1.0]}, {"left_foot_pose": [0.9940574327166544, -0.10752398320210542, 0.01698274115471942, -0.00789702880555048, 0.10885687984194084, 0.9819044829545492, -0.15496375726226364, -0.00039914005648115924, -1.3109239873184662e-05, 0.15589156292151832, 0.9877741748183311, 0.04000000006549376, 0.0, 0.0, 0.0, 1.0], "right_foot_pose": [0.9949038343804412, -0.10012742173066905, 0.011868435139660911, -1.0059715929190693e-10, 0.1008283706855149, 0.9879873595913323, -0.11710942298829688, -0.14504999981095995, 6.88069846054672e-10, 0.11770928895085608, 0.9930480971708694, 7.497702458891808e-11, 0.0, 0.0, 0.0, 1.0]}, {"left_foot_pose": [0.9906329656300938, -0.13515968679173934, 0.019447017079356983, -0.009917518073431456, 0.13655155538996222, 0.9805472241388922, -0.14099934026120858, -0.0005012632194222252, -1.1291947398538442e-05, 0.1423341150247288, 0.9898186700464991, 0.03967750288923013, 0.0, 0.0, 0.0, 1.0], "right_foot_pose": [0.9949038343812119, -0.10025404879462327, 0.010746442846243211, -4.277560033613681e-10, 0.10082837067791126, 0.9892368276364567, -0.10603838226886077, -0.1450500000461653, 1.2049108302481555e-10, 0.1065815394336401, 0.9943039653204424, 3.9744532664975907e-10, 0.0, 0.0, 0.0, 1.0]}, {"left_foot_pose": [0.9868635168094698, -0.16042247195821505, 0.019105749952886497, -0.011748422807856283, 0.1615561794694821, 0.9799442109330323, -0.1166573801097126, -0.0005938162587107096, -8.103772496199755e-06, 0.1182115643651373, 0.9929884319490719, 0.03191398356489036, 0.0, 0.0, 0.0, 1.0], "right_foot_pose": [0.9949038343841176, -0.1003971942934373, 0.009314703741186143, -5.904716340442845e-10, 0.10082837064923872, 0.990649287899428, -0.09191097897736035, -0.14505000056524706, -2.141102958858171e-10, 0.09238177180787785, 0.9957236605793984, 1.230696732024139e-09, 0.0, 0.0, 0.0, 1.0]}, {"left_foot_pose": [0.9833213592592328, -0.1811978053533551, 0.01569903690369728, -0.013241885712313058, 0.1818766186308486, 0.9796534560892903, -0.08485282298025684, -0.000669306482554222, -4.470457921039023e-06, 0.0862928809777342, 0.9962698121857246, 0.018501294578794403, 0.0, 0.0, 0.0, 1.0], "right_foot_pose": [0.9949038343858398, -0.10056622950835273, 0.00726593468359253, -5.754364482742774e-10, 0.10082837063224268, 0.9923172096040942, -0.07169515464235852, -0.14505000094664108, -6.539879687707842e-10, 0.072062396615835, 0.9974001258241257, 2.1854957774070094e-09, 0.0, 0.0, 0.0, 1.0]}, {"left_foot_pose": [0.9806935430763812, -0.1952671667719363, 0.010531293802541171, -0.014250058733373842, 0.19555095132941308, 0.9792707870660524, -0.05280673283963939, -0.000720255263446443, -1.5672627595890506e-06, 0.05384662644860999, 0.9985492180246542, 0.005757558551128396, 0.0, 0.0, 0.0, 1.0], "right_foot_pose": [0.9949038343848181, -0.10072016098014631, 0.0046700640808695374, -4.5473277053564853e-10, 0.10082837064232478, 0.9938360976450055, -0.046080914610728684, -0.14505000088406664, -1.1241787263561098e-09, 0.04631695359024251, 0.9989267940195212, 2.8866044693431903e-09, 0.0, 0.0, 0.0, 1.0]}, {"left_foot_pose": [0.9796674292791825, -0.2005778486383835, 0.00450051609446259, -0.014625101232521535, 0.2006283330178437, 0.9794209155613319, -0.02197594483713063, -0.000739196047260797, -1.1856509882903284e-08, 0.022432048426324614, 0.9997483699428569, 9.272600763818306e-07, 0.0, 0.0, 0.0, 1.0], "right_foot_pose": [0.9949038343798577, -0.10081490620788974, 0.0016477325483519561, -2.305743636386165e-10, 0.10082837069127179, 0.9947709765147326, -0.016258657621986923, -0.14505000020003947, -1.4729324441261726e-09, 0.016341938998169214, 0.9998664615986377, 3.081904571822225e-09, 0.0, 0.0, 0.0, 1.0]}, {"left_foot_pose": [0.9796672793237237, -0.20061997405065704, -0.0019099304615585427, -0.014625151465932467, 0.20062906524841906, 0.9796228872096444, 0.009326147789259413, -0.0007391988496258332, 6.56475588585342e-11, -0.00951970939446695, 0.9999546865398679, 3.4922038941176403e-09, 0.0, 0.0, 0.0, 1.0], "right_foot_pose": [0.9949038343474136, -0.10081632558351764, -0.0015584917875140244, 3.5122778190618126e-09, 0.10082837101140522, 0.9947849785038659, 0.015378105938310134, -0.14504999917321695, 8.420604139577914e-11, -0.015456876751195366, 0.9998805353446469, 3.3458789142071232e-09, 0.0, 0.0, 0.0, 1.0]}, {"left_foot_pose": [0.9796672793115345, -0.20046612564735683, -0.008084201523646835, -0.014625154609191525, 0.2006290653079381, 0.9788716483134627, 0.039474982986049255, -0.0007391987237171486, -1.2284585156324412e-09, -0.040294274978262504, 0.9991878559129799, 2.653894097537357e-09, 0.0, 0.0, 0.0, 1.0], "right_foot_pose": [0.9949038343700857, -0.10072105612992059, -0.004650721210096885, 6.014751314196987e-10, 0.10082837078769376, 0.9938449278312672, 0.04589007592456603, -0.14505000015971153, -1.2275925496631823e-09, -0.046125137139487106, 0.9989356694621847, 2.8349967789997876e-09, 0.0, 0.0, 0.0, 1.0]}, {"left_foot_pose": [0.9796672793001401, -0.20017967809307335, -0.013420817680590703, -0.01462515577663305, 0.20062906536357653, 0.9774729309566876, 0.06553355917605792, -0.0007391982400786132, -7.86074596573991e-10, -0.06689368972853552, 0.997760108580466, 1.945104417810928e-09, 0.0, 0.0, 0.0, 1.0], "right_foot_pose": [0.9945059346084234, -0.10439025976312037, -0.007785865090948323, 0.0002775029835701856, 0.1046802083732385, 0.991752641649659, 0.0739510091605135, -0.14500762174615692, 1.8872154647054377e-06, -0.07435974346049912, 0.9972314819283069, 0.004375576636188837, 0.0, 0.0, 0.0, 1.0]}, {"left_foot_pose": [0.9796672792997965, -0.1998446433430598, -0.017724006218142227, -0.014625155970139313, 0.20062906536525468, 0.9758369638417524, 0.08654593075804268, -0.0007391981772874364, -2.501101493462898e-10, -0.08834216732227426, 0.9960901874191938, 1.3786242564206574e-09, 0.0, 0.0, 0.0, 1.0], "right_foot_pose": [0.9930829368754771, -0.1167894853086501, -0.012103578318735406, 0.001195803954174076, 0.11741499248929886, 0.9877968996463683, 0.10232792672462486, -0.14486741716184076, 5.051243003663988e-06, -0.1030412595534572, 0.9946770826776508, 0.016515926368043596, 0.0, 0.0, 0.0, 1.0]}, {"left_foot_pose": [0.9796672793021028, -0.1995358542588021, -0.020915657532743097, -0.014625155879298149, 0.2006290653539936, 0.9743291538710673, 0.10213069103885353, -0.0007391985187951882, 2.240548987969933e-10, -0.10425038504533596, 0.9945510832621421, 7.131767121304478e-10, 0.0, 0.0, 0.0, 1.0], "right_foot_pose": [0.9905629075474615, -0.1358786319236665, -0.017947801471833228, 0.0026151028149058874, 0.13705884179802375, 0.9820415288280395, 0.12965072133262764, -0.14465073761241026, 8.723753907100637e-06, -0.13088710037142381, 0.9913972800448149, 0.03021719712615288, 0.0, 0.0, 0.0, 1.0]}, {"left_foot_pose": [0.9796672793041499, -0.19931583922477877, -0.022917637202120696, -0.01462515550641389, 0.20062906534399746, 0.9732548255874411, 0.11190631175208318, -0.0007391989387050962, 5.566096161090774e-10, -0.11422889610287981, 0.9934544575848049, 1.657879805661011e-10, 0.0, 0.0, 0.0, 1.0], "right_foot_pose": [0.9868670129885369, -0.15967762004399663, -0.0244245027005269, 0.004389058804124975, 0.16153482143256176, 0.9755318493043883, 0.14914460250880882, -0.144379920065945, 1.1825116770529172e-05, -0.15113129606353976, 0.9885136980387885, 0.039161269361142934, 0.0, 0.0, 0.0, 1.0]}, {"left_foot_pose": [0.9796672793079594, -0.19929744184575396, -0.02307707795799957, -0.014625155096693907, 0.2006290653253944, 0.9731649915429817, 0.11268485870696116, -0.0007391988983560267, 3.007856350518548e-10, -0.11502360152980537, 0.9933627590619217, 2.257084796841724e-11, 0.0, 0.0, 0.0, 1.0], "right_foot_pose": [0.9820218872654842, -0.18655347325153832, -0.02882385382497326, 0.006371332726874865, 0.18876708602933598, 0.970516362445251, 0.149883212729215, -0.1440772888727714, 1.2787849132234073e-05, -0.1526295903284338, 0.988283465404863, 0.04000000000651657, 0.0, 0.0, 0.0, 1.0]}, {"left_foot_pose": [0.9796672793041449, -0.19937575594255869, -0.02239039533255349, -0.014625154857712147, 0.20062906534401956, 0.9735473973900155, 0.10933180312385495, -0.0007391988707026991, 2.0615919592727158e-10, -0.11160095419601698, 0.9937531016417204, 1.552427700279857e-10, 0.0, 0.0, 0.0, 1.0], "right_foot_pose": [0.9762384164487604, -0.21431003829318795, -0.0320899008472888, 0.008415586163530107, 0.21669922495833277, 0.9654834618640376, 0.14450996771673305, -0.1437651931097241, 1.2331845793580404e-05, -0.14803003868744244, 0.9889828651165399, 0.04000000017478234, 0.0, 0.0, 0.0, 1.0]}, {"left_foot_pose": [0.9796672792993633, -0.19958384751401226, -0.020452620411260163, -0.014625154664895074, 0.2006290653673682, 0.9745635036602187, 0.09986969241635141, -0.0007391986304533162, -5.546626211898581e-11, -0.10194245997141621, 0.9947902969244208, 6.497127141846804e-10, 0.0, 0.0, 0.0, 1.0], "right_foot_pose": [0.9699477451269168, -0.24110554333679385, -0.032703038016042935, 0.010375478567113038, 0.24331331985076526, 0.9611523293913439, 0.13032585349343606, -0.14346597134911993, 1.0315449927052311e-05, -0.13436635247658868, 0.9909317248003158, 0.03835347512445736, 0.0, 0.0, 0.0, 1.0]}, {"left_foot_pose": [0.9796672792959703, -0.19989044809164835, -0.017199727862754408, -0.014625154633608129, 0.2006290653839391, 0.9760606272330329, 0.08398589219998147, -0.0007391981185373778, -4.5927397613994296e-10, -0.0857289958367632, 0.996318492889107, 1.6689146870030314e-09, 0.0, 0.0, 0.0, 1.0], "right_foot_pose": [0.9637950589093065, -0.2651195386474601, -0.02847305128300258, 0.012104671777088679, 0.26664411558294016, 0.9582871637512882, 0.10289133789830464, -0.1432019628897936, 6.855522914992393e-06, -0.10675833464825801, 0.9942849983461145, 0.02827257399169894, 0.0, 0.0, 0.0, 1.0]}, {"left_foot_pose": [0.9796672792971749, -0.2002262048440253, -0.01270782311137384, -0.014625154809519937, 0.2006290653780545, 0.9777001199456273, 0.06205202320501545, -0.000739197841839543, -9.289956804481958e-10, -0.06333989542196745, 0.9979920128177054, 2.6440294953467003e-09, 0.0, 0.0, 0.0, 1.0], "right_foot_pose": [0.9585928060815534, -0.28399282416953264, -0.02116383587410134, 0.01345682562122617, 0.2847803225596205, 0.9559429110328704, 0.07122723305618459, -0.14299552788382625, 3.3958007029361564e-06, -0.07430495721157843, 0.9972355656123852, 0.014400776441864674, 0.0, 0.0, 0.0, 1.0]}, {"left_foot_pose": [0.9796672793053611, -0.20050166426323673, -0.007148740176052187, -0.014625155178629399, 0.20062906533808245, 0.9790451824412698, 0.03490714654779631, -0.0007391980935057812, -1.3476259227259804e-09, -0.035631634346659564, 0.9993649916991225, 3.1534008806954894e-09, 0.0, 0.0, 0.0, 1.0], "right_foot_pose": [0.9552353823045943, -0.29558279997079717, -0.012496909810771352, 0.014285601086216487, 0.2958468596970244, 0.954382909770771, 0.040347207398846785, -0.14286900914953396, 8.966143932482213e-07, -0.042238251607994014, 0.9991075668316678, 0.003056200493613638, 0.0, 0.0, 0.0, 1.0]}, {"left_foot_pose": [0.9796672793462593, -0.20062696735397914, -0.0009174686070199904, -0.014625156952457818, 0.2006290651383782, 0.9796570358898836, 0.004479983610362538, -0.0007391990480459625, -9.494675503115316e-10, -0.004572964224000173, 0.9999895439444393, 3.1443452425117258e-09, 0.0, 0.0, 0.0, 1.0], "right_foot_pose": [0.9544456308205951, -0.2983671709599551, -0.0032510153535602933, 0.014476088969468143, 0.29838488200221547, 0.9543889783616591, 0.010399046798258232, -0.14283993830143116, -9.519541256984633e-10, -0.010895378613956086, 0.9999406436008382, 3.2236544059149885e-09, 0.0, 0.0, 0.0, 1.0]}, {"left_foot_pose": [0.9796672793638083, -0.200558281939226, 0.00532891072366257, -0.014625158315449234, 0.2006290650526861, 0.979321646907086, -0.0260209560792651, -0.0007391995747138853, 6.195552837974491e-10, 0.026561013624856144, 0.9996471940415885, 3.1705107428336987e-09, 0.0, 0.0, 0.0, 1.0], "right_foot_pose": [0.9544456308020992, -0.29832287270570385, 0.006082882819813853, 0.014476087489761194, 0.2983848820613791, 0.9542472810367444, -0.019457358279008914, -0.1428399381265442, 6.25385449528725e-10, 0.020386030869134285, 0.9997921832788067, 3.1550764570398293e-09, 0.0, 0.0, 0.0, 1.0]}, {"left_foot_pose": [0.979638153435995, -0.2004574787066555, 0.011219962704290239, -0.014635341839730863, 0.20077123382704437, 0.9781073038971433, -0.05474498817817945, -0.0007418290063159663, -2.8516849653554135e-07, 0.05588292488438054, 0.99843732838185, 0.00017677983361954336, 0.0, 0.0, 0.0, 1.0], "right_foot_pose": [0.954445630831463, -0.29801555562707177, 0.01484137429680181, 0.014476090694048524, 0.29838488196745167, 0.9532642644983523, -0.047473195001867884, -0.1428399379324177, -1.167311799997345e-09, 0.04973902526892868, 0.9987622486684689, 2.3384395045344952e-09, 0.0, 0.0, 0.0, 1.0]}, {"left_foot_pose": [0.9782814083744499, -0.20654473192162756, 0.017457369341527276, -0.015102128499322048, 0.20728117623457198, 0.9748068243135037, -0.08237820859083703, -0.0008622766971296391, -2.77775910394698