{"LoopMode": "Wrap", "FrameDuration": 0.0167, "EnableCycleOffsetPosition": true, "EnableCycleOffsetRotation": false, "Debug_info": [{"left_foot_pose": [0.9999999999806364, -6.222603160347853e-06, -8.617056512771046e-08, 4.561793056241834e-05, 6.223199776734159e-06, 0.999904168516219, 0.013843906427068528, -6.198100893629009e-05, 1.717112608195199e-11, -0.013843906427336834, 0.9999041685355813, 1.7247592243307963e-11, 0.0, 0.0, 0.0, 1.0], "right_foot_pose": [0.9999999993970514, -3.472445812948232e-05, 3.296678895427859e-07, -0.00031292602002705336, 3.4726022998729094e-05, 0.9999549313866634, -0.009493892225888204, -0.14037692853188258, 1.7231312365764704e-11, 0.0094938922316118, 0.9999549319895844, 1.4615940402418204e-11, 0.0, 0.0, 0.0, 1.0]}, {"left_foot_pose": [0.9999999999806364, -6.222833821134257e-06, -6.748127961963266e-08, 4.561793397563312e-05, 6.2231996987954405e-06, 0.9999412740820051, 0.010837358927754472, -6.198100789640316e-05, 3.823280854550155e-11, -0.010837358927964691, 0.9999412741013682, 3.755140642880406e-11, 0.0, 0.0, 0.0, 1.0], "right_foot_pose": [0.9999999993970519, -3.47233104974287e-05, 4.3404182897852846e-07, -0.0003129260171426162, 3.47260231557522e-05, 0.9999218695841572, -0.01250014085627701, -0.14037692853385844, 3.835477906773841e-11, 0.012500140863812488, 0.9999218701870585, 3.365038803160303e-11, 0.0, 0.0, 0.0, 1.0]}, {"left_foot_pose": [0.9999999999806367, -6.2230614648349786e-06, -4.1477547507598305e-08, 4.5617938605510027e-05, 6.223199689998719e-06, 0.9999778603439173, 0.00665423047943823, -6.198100608701719e-05, 6.694360633821639e-11, -0.006654230479567625, 0.9999778603632812, 6.514833117421404e-11, 0.0, 0.0, 0.0, 1.0], "right_foot_pose": [0.9999999993970514, -3.472119087801356e-05, 5.793182503157435e-07, -0.00031292601305988113, 3.4726023464012606e-05, 0.9998608038645914, -0.016684474500449093, -0.1403769285361431, 6.72122933029745e-11, 0.01668447451050651, 0.999860804467456, 5.989488766067197e-11, 0.0, 0.0, 0.0, 1.0]}, {"left_foot_pose": [0.9999999999806364, -6.223194266599998e-06, -8.330915956969272e-09, 4.561794436060337e-05, 6.2231998423222995e-06, 0.9999991259098426, 0.0013221727660029062, -6.198100338512987e-05, 1.0277050110967815e-10, -0.0013221727660292738, 0.9999991259292069, 9.96764476512979e-11, 0.0, 0.0, 0.0, 1.0], "right_foot_pose": [0.9999999993970516, -3.4717605667196856e-05, 7.645915843792287e-07, -0.0003129260078131932, 3.472602401007273e-05, 0.9997575121361161, -0.022020802017801863, -0.1403769285385292, 1.0334072527157207e-10, 0.022020802031075547, 0.9997575127389184, 9.286037216948984e-11, 0.0, 0.0, 0.0, 1.0]}, {"left_foot_pose": [0.9999999999806366, -6.223118755157522e-06, 3.185187075217274e-08, 4.561795128251833e-05, 6.22320026716236e-06, 0.9999867813094081, -0.005141708638426651, -6.198099957466403e-05, 1.4601358597252397e-10, 0.00514170863852518, 0.9999867813287723, 1.415956032979615e-10, 0.0, 0.0, 0.0, 1.0], "right_foot_pose": [0.9999999993970519, -3.471192910320258e-05, 9.893351221592434e-07, -0.00031292600131360135, 3.472602490975714e-05, 0.999593963899544, -0.028493966549079788, -0.14037692854082887, 1.471301516781012e-10, 0.028493966566254938, 0.999593964502248, 1.3283073252434718e-10, 0.0, 0.0, 0.0, 1.0]}, {"left_foot_pose": [0.9999999999806364, -6.222698213911807e-06, 7.91139405654869e-08, 4.561795956039933e-05, 6.223201108911665e-06, 0.999918785059227, -0.012744537926186588, -6.198099431042187e-05, 1.978977145498566e-10, 0.012744537926432015, 0.9999187850785898, 1.9229687980848453e-10, 0.0, 0.0, 0.0, 1.0], "right_foot_pose": [0.9999999993970514, -3.470338161090421e-05, 1.2538775816530544e-06, -0.00031292599332550234, 3.472602632302259e-05, 0.9993476952191566, -0.03611347192202224, -0.14037692854284492, 1.9992610741077974e-10, 0.03611347194378972, 0.9993476958217118, 1.8096504850184658e-10, 0.0, 0.0, 0.0, 1.0]}, {"left_foot_pose": [0.9999999999806362, -6.221766719577107e-06, 1.3367554557731384e-07, 4.561796953496033e-05, 6.223202567851553e-06, 0.9997683738382321, -0.021522049951834033, -6.198098707579404e-05, 2.605911527658318e-10, 0.02152204995224905, 0.9997683738575918, 2.5416112270360003e-10, 0.0, 0.0, 0.0, 1.0], "right_foot_pose": [0.9999999993970512, -3.4690990620021093e-05, 1.5595588109264905e-06, -0.00031292598345136963, 3.4726028477474874e-05, 0.9989906781389652, -0.044917967290976066, -0.14037692854432166, 2.640677217475523e-10, 0.044917967318050006, 0.9989906787413054, 2.393275438938858e-10, 0.0, 0.0, 0.0, 1.0]}, {"left_foot_pose": [0.9999999999806364, -6.220119663216235e-06, 1.9593646560801278e-07, 4.561798169691669e-05, 6.223204931041331e-06, 0.9995025229247939, -0.03153896999339875, -6.198097713327327e-05, 3.371753807831834e-10, 0.031538969994007265, 0.9995025229441487, 3.3059765341958425e-10, 0.0, 0.0, 0.0, 1.0], "right_foot_pose": [0.9999999993970512, -3.467353396331138e-05, 1.9087483444925984e-06, -0.0003129259711201101, 3.4726031700082906e-05, 0.9984876876099332, -0.05497578089914881, -0.1403769285448759, 3.42885220359496e-10, 0.05497578093228436, 0.9984876882119704, 3.1088063373596597e-10, 0.0, 0.0, 0.0, 1.0]}, {"left_foot_pose": [0.9999999999806362, -6.217501377173459e-06, 2.6646240403061813e-07, 4.5617996686537576e-05, 6.223208610179707e-06, 0.9990799371847984, -0.04288681704314113, -6.198096346935085e-05, 4.3160196081676706e-10, 0.04288681704396879, 0.9990799372041451, 4.261011196660114e-10, 0.0, 0.0, 0.0, 1.0], "right_foot_pose": [0.9999999993970511, -3.464946777013486e-05, 2.3047757749530094e-06, -0.0003129259555728203, 3.472603645591515e-05, 0.9977942210308615, -0.06638291400291994, -0.14037692854390915, 4.406900443054029e-10, 0.06638291404293002, 0.9977942216324814, 3.9947730540168536e-10, 0.0, 0.0, 0.0, 1.0]}, {"left_foot_pose": [0.9999999999806363, -6.213591026916035e-06, 3.4595022324624705e-07, 4.561801526460251e-05, 6.223214178385174e-06, 0.9984487619691412, -0.05567826940163948, -6.198094476777237e-05, 5.484228083934281e-10, 0.055678269402714115, 0.9984487619884757, 5.46132680745437e-10, 0.0, 0.0, 0.0, 1.0], "right_foot_pose": [0.999999999397051, -3.461684566883351e-05, 2.751742242568449e-06, -0.00031292593587786184, 3.47260433841368e-05, 0.9968541673210553, -0.07925760461146603, -0.14037692854050024, 5.625449782993499e-10, 0.0792576046592347, 0.9968541679221093, 5.096665797732491e-10, 0.0, 0.0, 0.0, 1.0]}, {"left_foot_pose": [0.9999999999806362, -6.20799002282584e-06, 4.3515174569253864e-07, 4.56180381676314e-05, 6.223222371971428e-06, 0.99754455282587, -0.07003474201214303, -6.198091952384216e-05, 6.917257103918642e-10, 0.07003474201349477, 0.9975445528451871, 6.962567744572823e-10, 0.0, 0.0, 0.0, 1.0], "right_foot_pose": [0.9999999993970506, -3.45732504270012e-05, 3.2540947289551968e-06, -0.0003129259110704566, 3.47260532898565e-05, 0.9955978374389388, -0.09372803679267822, -0.14037692853330794, 7.132127693819869e-10, 0.09372803684916672, 0.9955978380392364, 6.457820875271914e-10, 0.0, 0.0, 0.0, 1.0]}, {"left_foot_pose": [0.9999999999806359, -6.200220173148237e-06, 5.347069109152919e-07, 4.561806568708684e-05, 6.223233961290333e-06, 0.9962900331393177, -0.08605910659848427, -6.198088655588047e-05, 8.622425823689545e-10, 0.08605910660014526, 0.9962900331586108, 8.794368913656037e-10, 0.0, 0.0, 0.0, 1.0], "right_foot_pose": [0.9999999993970499, -3.451579832410744e-05, 3.815677513674602e-06, -0.0003129258806065192, 3.472606698209278e-05, 0.9939421025362154, -0.10990493892445183, -0.14037692852061467, 8.941760104898612e-10, 0.10990493899068801, 0.9939421031355162, 8.093437031675421e-10, 0.0, 0.0, 0.0, 1.0]}, {"left_foot_pose": [0.9999999999806357, -6.1897579730789176e-06, 6.447699470447735e-07, 4.5618096522199104e-05, 6.2232492278763275e-06, 0.9946008580378429, -0.10377443399825709, -6.198084658143137e-05, 1.0498876034880158e-09, 0.10377443400026001, 0.9946008580571036, 1.0883823703400353e-09, 0.0, 0.0, 0.0, 1.0], "right_foot_pose": [0.9999999993970494, -3.44413822725519e-05, 4.4375831145806276e-06, -0.00031292584565840846, 3.4726084656188166e-05, 0.9917974495279146, -0.1278194738841573, -0.14037692850089956, 1.0957466182592392e-09, 0.12781947396118826, 0.9917974501259241, 9.920837554244777e-10, 0.0, 0.0, 0.0, 1.0]}, {"left_foot_pose": [0.9999999999806358, -6.176170012014556e-06, 7.641793770553152e-07, 4.56181248415917e-05, 6.223266398318798e-06, 0.992408184529436, -0.12298778492297732, -6.198080635600248e-05, 1.2156005723019275e-09, 0.1229877849253513, 0.9924081845486546, 1.2855427902747074e-09, 0.0, 0.0, 0.0, 1.0], "right_foot_pose": [0.9999999993970488, -3.434757619336734e-05, 5.11334684333307e-06, -0.0003129258125050106, 3.47261040814466e-05, 0.9890941965576386, -0.14728431393090358, -0.14037692847498048, 1.2775069215783278e-09, 0.14728431401966482, 0.9890941971540207, 1.158405857348832e-09, 0.0, 0.0, 0.0, 1.0]}, {"left_foot_pose": [0.9999999999806357, -6.159509967180333e-06, 8.88609686777849e-07, 4.5618133984204674e-05, 6.223277965965683e-06, 0.9897244817069586, -0.14298758782203355, -6.19807873346312e-05, 1.254710154539363e-09, 0.1429875878247946, 0.9897244817261256, 1.359445292448136e-09, 0.0, 0.0, 0.0, 1.0], "right_foot_pose": [0.9999999993970485, -3.423523623406684e-05, 5.8182267257957755e-06, -0.00031292579987376757, 3.4726116403616725e-05, 0.98585782650822, -0.16758384381134564, -0.14037692845169905, 1.32812763409125e-09, 0.16758384391234496, 0.9858578271026521, 1.2085850098486617e-09, 0.0, 0.0, 0.0, 1.0]}, {"left_foot_pose": [0.9999999999804456, -6.1712315817068714e-06, 1.0126683459011987e-06, 4.5229649229262856e-05, 6.253766486119479e-06, 0.986774509210773, -0.16209894488468987, -6.231887111151843e-05, 1.0748177446845466e-09, 0.162098944887853, 0.98677450923007, 0.00020667289605558886, 0.0, 0.0, 0.0, 1.0], "right_foot_pose": [0.9999999993970489, -3.411495780060699e-05, 6.486287261797876e-06, -0.00031292585277329965, 3.4726103539929464e-05, 0.9823952738159706, -0.1868141450162228, -0.14037692853883846, 1.0587229407035805e-09, 0.18681414512882627, 0.9823952744083138, 9.233141751163743e-10, 0.0, 0.0, 0.0, 1.0]}, {"left_foot_pose": [0.9999999999749081, -6.964036395415943e-06, 1.298772541180738e-06, 3.464792765372275e-05, 7.084109824258159e-06, 0.9830239872629032, -0.1834770841700949, -7.15001752111602e-05, 1.0165296396788623e-09, 0.18347708417469158, 0.9830239872875711, 0.005262233336470072, 0.0, 0.0, 0.0, 1.0], "right_foot_pose": [0.9999999993970496, -3.4003383988170145e-05, 7.047720807951332e-06, -0.0003129258981508348, 3.472607796408214e-05, 0.979184712622371, -0.20297117371869486, -0.14037692877535102, 6.862845791168507e-10, 0.20297117384105287, 0.9791847132127756, 5.189180474207689e-10, 0.0, 0.0, 0.0, 1.0]}, {"left_foot_pose": [0.9999999999604574, -8.70044054361034e-06, 1.8407507294539437e-06, 1.1588884471074626e-05, 8.893032589857309e-06, 0.9783315478312637, -0.207044397265415, -9.149041358317775e-05, 5.129576912117079e-10, 0.20704439727359758, 0.978331547869951, 0.014307924390957197, 0.0, 0.0, 0.0, 1.0], "right_foot_pose": [0.9999999993970506, -3.391413989809323e-05, 7.465228721248642e-06, -0.00031292592253725685, 3.472604965710695e-05, 0.9766175733145579, -0.21498398611823535, -0.14037692877723745, 3.2342290403168074e-10, 0.2149839862478487, 0.9766175739034113, 2.392233425241308e-10, 0.0, 0.0, 0.0, 1.0]}, {"left_foot_pose": [0.999999999934215, -1.1167025001458904e-05, 2.620737922010219e-06, -2.127368934156149e-05, 1.147042780357628e-05, 0.9735651934755469, -0.2284093122474454, -0.00011996571893312796, -8.067217386511392e-10, 0.22840931226248026, 0.9735651935395911, 0.023616692342408478, 0.0, 0.0, 0.0, 1.0], "right_foot_pose": [0.9999999993970515, -3.385832330593802e-05, 7.714339169573518e-06, -0.0003129259626201517, 3.4726028939611686e-05, 0.9750123502203307, -0.22215065994034375, -0.14037692863829032, 7.290264955299914e-11, 0.22215066007428647, 0.9750123508082137, 5.990082041495981e-11, 0.0, 0.0, 0.0, 1.0]}, {"left_foot_pose": [0.9999999998933289, -1.417866413720102e-05, 3.5083191636256385e-06, -6.126095595504895e-05, 1.4606259434896033e-05, 0.970763394624421, -0.24003839577019478, -0.00015460971186350217, -2.3240271814267e-09, 0.2400383957958328, 0.9707633947279658, 0.029461494667395338, 0.0, 0.0, 0.0, 1.0], "right_foot_pose": [0.9999999993970516, -3.384388640004677e-05, 7.777405877152014e-06, -0.0003129260052571061, 3.472602322240167e-05, 0.9745972177048603, -0.2239648678611195, -0.1403769285189197, 3.41636223757446e-12, 0.2239648679961585, 0.9745972182924921, 1.253497305953033e-12, 0.0, 0.0, 0.0, 1.0]}, {"left_foot_pose": [0.9999999998363656, -1.757789192648693e-05, 4.276410401460646e-06, -0.00010568638553599621, 1.8090604337049887e-05, 0.9716885171794144, -0.23626558203513623, -0.00019310977696058648, -2.2880151924306723e-09, 0.23626558207383766, 0.9716885173384073, 0.030000000166973684, 0.0, 0.0, 0.0, 1.0], "right_foot_pose": [0.9999999993970512, -3.387405512086794e-05, 7.644993254174651e-06, -0.00031292599153802934, 3.472603536501226e-05, 0.9754647508408528, -0.2201556691550214, -0.14037692851039274, 1.438320584446658e-10, 0.22015566928775893, 0.9754647514290093, 1.2367740859220433e-10, 0.0, 0.0, 0.0, 1.0]}, {"left_foot_pose": [0.9999999997642661, -2.1154733935167467e-05, 4.893491622138098e-06, -0.00015187514579805892, 2.1713337495957288e-05, 0.9742914682476722, -0.22529122137430674, -0.000233139505818495, -1.7112914667316654e-09, 0.22529122142745178, 0.974291468477338, 0.030000000547371494, 0.0, 0.0, 0.0, 1.0], "right_foot_pose": [0.9999999993970501, -3.3944105735768095e-05, 7.32783239876265e-06, -0.0003129259296075368, 3.472606285840297e-05, 0.9774792283931786, -0.21103164893915022, -0.1403769284758167, 4.766459095594582e-10, 0.21103164906637542, 0.9774792289825528, 4.163574623960997e-10, 0.0, 0.0, 0.0, 1.0]}, {"left_foot_pose": [0.9999999996808551, -2.4712886388101508e-05, 5.2501420719779535e-06, -0.00019715020525593318, 2.526441658012313e-05, 0.9781741346244881, -0.20778681794893544, -0.00027237758827816996, -5.41153211040688e-10, 0.20778681801526286, 0.9781741349366653, 0.029990598406681834, 0.0, 0.0, 0.0, 1.0], "right_foot_pose": [0.9999999993970486, -3.4049863571793555e-05, 6.819760334786578e-06, -0.00031292583737100823, 3.472610457911199e-05, 0.9805206465657799, -0.19641603919314518, -0.14037692844934185, 1.023524915309018e-09, 0.1964160393115395, 0.9805206471569928, 8.932746001222291e-10, 0.0, 0.0, 0.0, 1.0]}, {"left_foot_pose": [0.999999999592909, -2.8080452409971833e-05, 5.0666747432598075e-06, -0.0002388295954928343, 2.8533891995253505e-05, 0.9840909850626434, -0.17766522536572685, -0.00030851219174791306, 2.8509664062726146e-09, 0.1776652254379726, 0.9840909854632728, 0.02602608558817724, 0.0, 0.0, 0.0, 1.0], "right_foot_pose": [0.9999999993970469, -3.418616898495063e-05, 6.100167152467623e-06, -0.0003129257547568886, 3.472615996176374e-05, 0.9844405964486806, -0.1757177021755643, -0.14037692887064548, 1.862870022101449e-09, 0.17571770228145003, 0.9844405970422635, 1.5844716441670847e-09, 0.0, 0.0, 0.0, 1.0]}, {"left_foot_pose": [0.9999999995097981, -3.101537051438605e-05, 4.295516074782101e-06, -0.00027423944571611204, 3.1311413968810605e-05, 0.9905247166661315, -0.13733457209703717, -0.0003392099069154039, 4.667794857317221e-09, 0.137334572164214, 0.9905247171517094, 0.017413722861547756, 0.0, 0.0, 0.0, 1.0], "right_foot_pose": [0.9999999993970451, -3.4340423113377925e-05, 5.161865413383575e-06, -0.00031292560576447567, 3.472620776791034e-05, 0.9888783980721014, -0.14872630103799794, -0.1403769292186855, 2.866904438622231e-09, 0.1487263011275746, 0.9888783986683651, 2.5085916538492015e-09, 0.0, 0.0, 0.0, 1.0]}, {"left_foot_pose": [0.999999999442654, -3.323786977192018e-05, 3.1523311185283884e-06, -0.00030070653133636215, 3.3387020725639484e-05, 0.9955183502637928, -0.09456856334619919, -0.00036214446955544835, 5.054118236277407e-09, 0.09456856339873851, 0.9955183508186579, 0.00788055342049318, 0.0, 0.0, 0.0, 1.0], "right_foot_pose": [0.9999999993970445, -3.4493120959277984e-05, 4.016899312009529e-06, -0.00031292544111634704, 3.4726227237393133e-05, 0.993274203456456, -0.11578581753406722, -0.14037692931390613, 3.931744877426047e-09, 0.11578581760374515, 0.9932742040553719, 3.531849923632535e-09, 0.0, 0.0, 0.0, 1.0]}, {"left_foot_pose": [0.9999999994031228, -3.450321832472047e-05, 1.8119802738254504e-06, -0.0003155498577357631, 3.455076442335308e-05, 0.9986162568432656, -0.05258869055785841, -0.0003749964511555008, 5.006112994474749e-09, 0.05258869058907457, 0.9986162574393267, 0.0011536246079341395, 0.0, 0.0, 0.0, 1.0], "right_foot_pose": [0.9999999993970454, -3.462142748954148e-05, 2.695454289325585e-06, -0.0003129253043364188, 3.4726196048706883e-05, 0.9969722175401969, -0.07775857667854838, -0.14037692901705484, 4.819883944518233e-09, 0.07775857672526627, 0.9969722181413386, 4.40812668311974e-09, 0.0, 0.0, 0.0, 1.0]}, {"left_foot_pose": [0.9999999993970511, -3.472384534900446e-05, 3.914142630019337e-07, -0.0003177868279650463, 3.4726050958797416e-05, 0.9999348155436959, -0.011417681800482107, -0.00037692810698346756, 5.077068046820551e-09, 0.011417681807189968, 0.999934816146608, 4.721425382603339e-09, 0.0, 0.0, 0.0, 1.0], "right_foot_pose": [0.9999999993970485, -3.470279856041793e-05, 1.2722540108647043e-06, -0.00031292526217993984, 3.472611167372964e-05, 0.9993232326719834, -0.03678417371797509, -0.14037692874580562, 5.120779672150083e-09, 0.03678417373997632, 0.9993232332745334, 4.754633048387191e-09, 0.0, 0.0, 0.0, 1.0]}, {"left_foot_pose": [0.9999999993970542, -3.471065587561451e-05, -1.030808424617335e-06, -0.00031778689320738053, 3.47259582284106e-05, 0.9995633719311631, 0.0295476612900607, -0.00037692831620748067, 4.739641439400809e-09, -0.029547661308040988, 0.9995633725338413, 4.32846074260862e-09, 0.0, 0.0, 0.0, 1.0], "right_foot_pose": [0.9999999993970518, -3.472568887670047e-05, -1.5036204398224646e-07, -0.0003129253655886056, 3.4726014089402936e-05, 0.9999912030507272, 0.004194355166512881, -0.14037692889825026, 4.70884860196473e-09, -0.004194355169205514, 0.9999912036536693, 4.485240123752732e-09, 0.0, 0.0, 0.0, 1.0]}, {"left_foot_pose": [0.9999999993970561, -3.4646634045918016e-05, -2.345078927045608e-06, -0.00031778705696920186, 3.472590721454808e-05, 0.9977244479813346, 0.06742347287446081, -0.0003769284225496154, 3.746186853158245e-09, -0.06742347291524332, 0.9977244485828983, 3.378239563089913e-09, 0.0, 0.0, 0.0, 1.0], "right_foot_pose": [0.999999999388637, -3.49365488509438e-05, -1.4709212423633925e-06, -0.00030809455708473486, 3.496749972064448e-05, 0.9991199851070693, 0.041943463578053314, -0.1403769397179687, 4.266945206306527e-09, -0.04194346360384522, 0.9991199857178883, 4.719504318694001e-05, 0.0, 0.0, 0.0, 1.0]}, {"left_foot_pose": [0.9999999993970562, -3.455246456912536e-05, -3.466374988269519e-06, -0.00031778717084762537, 3.47259061300298e-05, 0.9950129190075413, 0.09974612675289331, -0.0003769280336732815, 2.6133847888907925e-09, -0.09974612681312509, 0.9950129196074696, 2.299310901399121e-09, 0.0, 0.0, 0.0, 1.0], "right_foot_pose": [0.9999999982255294, -5.9399397489160596e-05, -4.54451517600783e-06, 0.00018401402387764463, 5.9572987753244626e-05, 0.9971027579323114, 0.0760663300997073, -0.140378144535203, 1.3054438205436136e-08, -0.07606633023546033, 0.9971027597015811, 0.004388293958385858, 0.0, 0.0, 0.0, 1.0]}, {"left_foot_pose": [0.999999999397055, -3.445036228834714e-05, -4.36613139437259e-06, -0.0003177872917486065, 3.4725935014289244e-05, 0.9920701399471649, 0.12568546542589212, -0.0003769280327668, 1.5987648636426442e-09, -0.1256854655017288, 0.9920701405453219, 1.3805265611233075e-09, 0.0, 0.0, 0.0, 1.0], "right_foot_pose": [0.9999999928743185, -0.00011867166401933397, -1.2976855795265093e-05, 0.0013801246983072826, 0.00011937906809269226, 0.9940988277478182, 0.10847813797743441, -0.14038108993838927, 2.6995990234655955e-08, -0.10847813875361886, 0.9940988348310994, 0.013158003603568558, 0.0, 0.0, 0.0, 1.0]}, {"left_foot_pose": [0.999999999397054, -3.435921479202196e-05, -5.0336463006111014e-06, -0.0003177874383774668, 3.472597350092911e-05, 0.989441819822648, 0.1449306178147119, -0.00037692826508445125, 7.97928440681649e-10, -0.14493061790212483, 0.9894418204192249, 6.789408063534452e-10, 0.0, 0.0, 0.0, 1.0], "right_foot_pose": [0.9999999785721324, -0.0002050316265279197, -2.8596620117281247e-05, 0.00313284530427977, 0.0002070162620421956, 0.9904414590286204, 0.13793358322585783, -0.1403854139612534, 4.2531230530605274e-08, -0.1379335861902008, 0.9904414802504532, 0.022629266695758744, 0.0, 0.0, 0.0, 1.0]}, {"left_foot_pose": [0.9999999993970528, -3.429358130359242e-05, -5.463130053117612e-06, -0.00031778759960891594, 3.472600622813779e-05, 0.9875486766428336, 0.15731373129861578, -0.00037692853900513166, 2.5561945246767857e-10, -0.15731373139347657, 0.9875486772382728, 2.365008328064633e-10, 0.0, 0.0, 0.0, 1.0], "right_foot_pose": [0.9999999503513333, -0.00031107256318525084, -5.031094295726334e-05, 0.005294790451467153, 0.00031511478463961784, 0.9872001252716953, 0.15948609145070042, -0.14039075082415223, 5.522193002582445e-08, -0.15948609938615074, 0.9872001742820894, 0.02907503973025355, 0.0, 0.0, 0.0, 1.0]}, {"left_foot_pose": [0.9999999993970521, -3.4263011897292376e-05, -5.651781703252432e-06, -0.00031778767975190893, 3.472602224146091e-05, 0.9866668276926351, 0.1627530949784238, -0.0003769286073117793, 1.4294160546484485e-11, -0.162753095076556, 0.9866668282875445, 7.571539922812676e-11, 0.0, 0.0, 0.0, 1.0], "right_foot_pose": [0.9999999048192019, -0.00043015468254185835, -7.299682352507e-05, 0.007718574514932983, 0.00043630446174980385, 0.9859284149227241, 0.16716749171528894, -0.14039672821607205, 6.17631820991266e-08, -0.1671675076529936, 0.9859285087596781, 0.03000000096977066, 0.0, 0.0, 0.0, 1.0]}, {"left_foot_pose": [0.9999999993970521, -3.4269393507493436e-05, -5.61293728246138e-06, -0.000317787658826285, 3.472601901057843e-05, 0.9868508982478219, 0.1616332373664866, -0.00037692859738352666, 5.918337520156895e-11, -0.16163323746394515, 0.986850898842842, 1.373492014566935e-10, 0.0, 0.0, 0.0, 1.0], "right_foot_pose": [0.9999998413940041, -0.0005554025707096142, -9.348770173794437e-05, 0.010256800286170823, 0.0005632157331263414, 0.9861457887200038, 0.16587997521653663, -0.1404029856439303, 6.233870124450934e-08, -0.16588000156072266, 0.9861459451228355, 0.030000001009178837, 0.0, 0.0, 0.0, 1.0]}, {"left_foot_pose": [0.9999999993970531, -3.4311640829963066e-05, -5.348480293764675e-06, -0.000317787591814336, 3.4725998009760625e-05, 0.9880694795492763, 0.1540087737024358, -0.0003769286018750319, 3.7641191710350954e-10, -0.15400877379530795, 0.9880694801450287, 4.5218460920093406e-10, 0.0, 0.0, 0.0, 1.0], "right_foot_pose": [0.9999997629981883, -0.0006799534720616866, -0.00010801316071872855, 0.012762080156219073, 0.0006884791673095725, 0.9876293516629479, 0.15680494166403486, -0.1404091619584005, 5.690337070633783e-08, -0.15680497886579073, 0.9876295857268028, 0.030000001200720022, 0.0, 0.0, 0.0, 1.0]}, {"left_foot_pose": [0.9999999993970543, -3.43859259121816e-05, -4.8477273866247616e-06, -0.00031778762514291236, 3.472596090318308e-05, 0.9902121141276248, 0.1395706553291503, -0.0003769283012474882, 1.012170285212945e-09, -0.13957065541333877, 0.9902121147246649, 1.0859658311490605e-09, 0.0, 0.0, 0.0, 1.0], "right_foot_pose": [0.9999996762085808, -0.0007972227805012055, -0.00010962924530776767, 0.015087029652981549, 0.000804725251899146, 0.990684471915555, 0.13617499595251364, -0.14041488686493223, 4.61820861107083e-08, -0.1361750400816407, 0.9906847926857268, 0.026805805097299733, 0.0, 0.0, 0.0, 1.0]}, {"left_foot_pose": [0.9999999993970555, -3.448240314344949e-05, -4.105308714807302e-06, -0.00031778757350871045, 3.4725922343758624e-05, 0.9929938370143662, 0.11816614762950482, -0.0003769279835533863, 1.8935119988679705e-09, -0.11816614770081786, 0.9929938376130787, 1.9854835206500887e-09, 0.0, 0.0, 0.0, 1.0], "right_foot_pose": [0.9999995908628736, -0.0008996285896941536, -9.456471825790984e-05, 0.017084247233970094, 0.000904585034349118, 0.9945239369458103, 0.10450512220805912, -0.14041980430213616, 3.108019003101363e-08, -0.10450516499296275, 0.9945243438397033, 0.018546803162777334, 0.0, 0.0, 0.0, 1.0]}, {"left_foot_pose": [0.9999999993970563, -3.458412034027673e-05, -3.1347835349186973e-06, -0.0003177874665629675, 3.472590155804868e-05, 0.9959247148050565, 0.09018847617395243, -0.000376927852296623, 2.919284467832422e-09, -0.09018847622843211, 0.9959247154055345, 3.0451162910671847e-09, 0.0, 0.0, 0.0, 1.0], "right_foot_pose": [0.9999995191239721, -0.0009783759819283063, -6.732207583953057e-05, 0.01860634579721111, 0.0009806894634073362, 0.9976416375790964, 0.06863090569615908, -0.1404235569925566, 1.64762343493304e-08, -0.06863093871525235, 0.9976421173201654, 0.00892851832829842, 0.0, 0.0, 0.0, 1.0]}, {"left_foot_pose": [0.9999999993970554, -3.46702845299909e-05, -1.9649089669775422e-06, -0.000317787326352531, 3.4725919449227675e-05, 0.9984041965130308, 0.056471755588794255, -0.00037692806086790653, 3.881523981956958e-09, -0.05647175562297832, 0.998404197115006, 4.073366005608037e-09, 0.0, 0.0, 0.0, 1.0], "right_foot_pose": [0.9999994740013728, -0.0010251533817880578, -3.2519551069802635e-05, 0.01950593991765584, 0.0010256690388959298, 0.9994969266302254, 0.03169923752642094, -0.14042578111712223, 6.610799032065775e-09, -0.031699254206962346, 0.9994974523642983, 0.001677997062584223, 0.0, 0.0, 0.0, 1.0]}, {"left_foot_pose": [0.9999999993970535, -3.471961398968532e-05, -6.650446185967338e-07, -0.0003177872578347087, 3.4725982504786564e-05, 0.9998189964769507, 0.01902559008099274, -0.0003769284050465071, 4.363099191683972e-09, -0.019025590092615775, 0.9998189970797862, 4.653999567671985e-09, 0.0, 0.0, 0.0, 1.0], "right_foot_pose": [0.9999994646710649, -0.0010347073789173137, 6.182512295178752e-06, 0.019687076658404735, 0.001034725849404263, 0.999981588887701, -0.005979233064995725, -0.14042623442913166, 4.3581041047172226e-09, 0.005979236261344407, 0.9999821242070933, 4.380686237370757e-09, 0.0, 0.0, 0.0, 1.0]}, {"left_foot_pose": [0.999999999397051, -3.47197316727065e-05, 6.629462469549516e-07, -0.00031778739639323224, 3.472606006469753e-05, 0.9998154437892696, -0.01921138086050733, -0.00037692830534938847, 4.1900922430642455e-09, 0.01921138087194522, 0.9998154443921108, 4.625624987208976e-09, 0.0, 0.0, 0.0, 1.0], "right_foot_pose": [0.999999464670986, -0.0010337110443627833, 4.581721489899775e-05, 0.019687076507886057, 0.001034725925257913, 0.999018462566327, -0.044283640250905434, -0.14042623428222917, 4.24442437072874e-09, 0.044283663952847926, 0.9990189973703757, 4.207928644417436e-09, 0.0, 0.0, 0.0, 1.0]}, {"left_foot_pose": [0.9999999993970492, -3.467368237452734e-05, 1.9074605189801587e-06, -0.0003177875093803104, 3.472610896371579e-05, 0.9984849549493822, -0.05502538990164978, -0.0003769282901836257, 3.362261297411029e-09, 0.05502538993471068, 0.9984849555514264, 3.9273464133571245e-09, 0.0, 0.0, 0.0, 1.0], "right_foot_pose": [0.9999994646709455, -0.0010313851910504117, 8.308074484820288e-05, 0.019687076297469002, 0.0010347259649157792, 0.9967705428736969, -0.08029579192867668, -0.14042623412915656, 3.4515540207826823e-09, 0.08029583490981007, 0.9967710764745015, 3.4513187446849614e-09, 0.0, 0.0, 0.0, 1.0]}, {"left_foot_pose": [0.9999999972105589, -7.44023757781777e-05, 6.570348530356185e-06, 0.0004787234926475661, 7.469191863077156e-05, 0.9961435938494313, -0.08773787582257214, -0.00037651087509650745, -1.7104191130500454e-08, 0.08773787606858428, 0.9961435966280037, 0.0035756487240510212, 0.0, 0.0, 0.0, 1.0], "right_foot_pose": [0.9999994646709509, -0.0010282901061619324, 0.00011522703295602882, 0.019687076338511453, 0.001034725959637877, 0.993779341268865, -0.11136224768479262, -0.14042623458102974, 2.452586703477459e-09, 0.1113623072977486, 0.9937798732683826, 2.459705564228365e-09, 0.0, 0.0, 0.0, 1.0]}, {"left_foot_pose": [0.999999982555317, -0.00018544312817540083, 2.2365448686393575e-05, 0.0027127481526747757, 0.00018678695038691138, 0.9928358987841602, -0.11948574474005183, -0.0003753204788339154, -4.741007145162378e-08, 0.1194857468332346, 0.9928359161028087, 0.012017792148726981, 0.0, 0.0, 0.0, 1.0], "right_foot_pose": [0.9999994646709834, -0.0010250399045718661, 0.00014124779769664837, 0.019687076263021568, 0.0010347259281165903, 0.9906383130117702, -0.1365088353750332, -0.14042623462670167, 1.523558880495103e-09, 0.136508908450651, 0.990638843329703, 1.5650971976755024e-09, 0.0, 0.0, 0.0, 1.0]}, {"left_foot_pose": [0.9999999365329397, -0.0003522885848447932, 5.316832481162116e-05, 0.006090652556041292, 0.00035627813708018143, 0.988836601907364, -0.14900351604639034, -0.00037351200482787714, -8.254783113611306e-08, 0.14900352553228677, 0.9888366646615322, 0.02159996567452209, 0.0, 0.0, 0.0, 1.0], "right_foot_pose": [0.9999994646710244, -0.0010221675059523892, 0.00016072104654491572, 0.019687076079060176, 0.0010347258888358001, 0.9878624372549112, -0.15532782881094415, -0.14042623440702723, 7.746222688512721e-10, 0.1553279119616842, 0.9878629660867053, 8.551559044223112e-10, 0.0, 0.0, 0.0, 1.0]}, {"left_foot_pose": [0.9999998384460282, -0.0005599911336498402, 9.755946118479258e-05, 0.010318696097514759, 0.0005684258131755082, 0.9851957606384902, -0.17143217350323325, -0.0003712443869478242, -1.146703855282707e-07, 0.1714322012630006, 0.9851959197896175, 0.02859512554547916, 0.0, 0.0, 0.0, 1.0], "right_foot_pose": [0.9999994646710583, -0.0010200879340328895, 0.00017343068781134412, 0.019687075821451492, 0.0010347258557870888, 0.9858527637904426, -0.1676104336524112, -0.14042623412158298, 2.5808180463947827e-10, 0.16761052337891186, 0.9858532915462865, 3.91195381643783e-10, 0.0, 0.0, 0.0, 1.0]}, {"left_foot_pose": [0.9999996731720475, -0.0007952643725171459, 0.00014563782761929772, 0.01510314349488939, 0.0008084898153701187, 0.9836708972296138, -0.17997475458437487, -0.00036868331930436926, -1.3218229153480666e-07, 0.1799748135102945, 0.983671218701614, 0.030000004046560627, 0.0, 0.0, 0.0, 1.0], "right_foot_pose": [0.9999994646710757, -0.001019082571920929, 0.00017924361490868128, 0.019687075652559116, 0.0010347258389924918, 0.9848811974969561, -0.1732280466881734, -0.1404262340300927, 1.7252671362923092e-11, 0.17322813942218926, 0.9848817247326336, 2.143140664934151e-10, 0.0, 0.0, 0.0, 1.0]}, {"left_foot_pose": [0.9999994363634773, -0.0010445313942280309, 0.0001903336419472796, 0.020150232143267555, 0.0010617309973208718, 0.9838225675246233, -0.17914248060286783, -0.00036598457920935384, -1.345872776422805e-07, 0.1791425817147502, 0.983823122017651, 0.030000004407337764, 0.0, 0.0, 0.0, 1.0], "right_foot_pose": [0.9999994646710735, -0.0010192088759269087, 0.00017852404211544156, 0.01968707567660333, 0.0010347258411683592, 0.9850032557760015, -0.1725326503972825, -0.14042623404813664, 4.595398345001713e-11, 0.17253274275900352, 0.9850037830770273, 2.4049228580791393e-10, 0.0, 0.0, 0.0, 1.0]}, {"left_foot_pose": [0.9999991374761363, -0.0012940745757970065, 0.00022453947615210944, 0.02516621824378389, 0.0013134104342676137, 0.9852933359596959, -0.17086637195904286, -0.00036330225147477094, -1.234217020387189e-07, 0.1708665194952103, 0.9852941857717313, 0.03000000436720334, 0.0, 0.0, 0.0, 1.0], "right_foot_pose": [0.9999994646710533, -0.0010204377767943377, 0.0001713602951620767, 0.0196870757404642, 0.0010347258608284253, 0.9861908501011227, -0.16560959066194744, -0.14042623405307741, 3.2735115248174694e-10, 0.16560967931726847, 0.9861913780379706, 5.059863361633887e-10, 0.0, 0.0, 0.0, 1.0]}, {"left_foot_pose": [0.9999988006257747, -0.0015321083464925386, 0.00022669589171084284, 0.02985736550207215, 0.0015487888829627124, 0.9892375847028283, -0.1463099527178921, -0.0003607995384530306, -9.33966442331445e-08, 0.1463101283415826, 0.9892387711491407, 0.02751512748315066, 0.0, 0.0, 0.0, 1.0], "right_foot_pose": [0.9999994646710098, -0.0010234154919788977, 0.00015257268566077375, 0.019687075687133484, 0.0010347259026579371, 0.9890684979439448, -0.1474531644869493, -0.14042623433471074, 1.0158434546119399e-09, 0.14745324342190547, 0.9890690274214234, 1.1800723939692226e-09, 0.0, 0.0, 0.0, 1.0]}, {"left_foot_pose": [0.9999984632686887, -0.0017416189915805487, 0.00020055809798705633, 0.03392990447982318, 0.0017531287058096471, 0.9934370182090205, -0.11436702930351843, -0.00035862861446778194, -5.80485963416146e-08, 0.11436720515628208, 0.9934385448454969, 0.019661070746127274, 0.0, 0.0, 0.0, 1.0], "right_foot_pose": [0.9999994646709682, -0.0010264546622175854, 0.00013057029903429957, 0.019687075713968445, 0.0010347259427378737, 0.9920055477339004, -0.12619002578408478, -0.14042623465624327, 1.8792801176675333e-09, 0.12619009333537612, 0.9920060787837991, 2.0554149354756746e-09, 0.0, 0.0, 0.0, 1.0]}, {"left_foot_pose": [0.9999981727159641, -0.0019058941604443412, 0.00014876889190965838, 0.037090089026859285, 0.0019116915894978991, 0.9969666067182974, -0.07780700819252322, -0.0003569391041524806, -2.5694796900994247e-08, 0.0778071504172585, 0.9969684284589694, 0.01000925551639411, 0.0, 0.0, 0.0, 1.0], "right_foot_pose": [0.9999994646709434, -0.0010297013916556537, 0.00010184729028928643, 0.019687075821725797, 0.0010347259668669008, 0.9951432438914474, -0.09843197386713927, -0.14042623479337815, 2.8976341273587937e-09, 0.09843202655767937, 0.9951437766211214, 3.1128322836027067e-09, 0.0, 0.0, 0.0, 1.0]}, {"left_foot_pose": [0.999997980472869, -0.002008109304961985, 8.091479412506886e-05, 0.03904418121590892, 0.002009738834917178, 0.9991872296193255, -0.04025967108004728, -0.0003558881900801829, -3.2088667697019228e-09, 0.04025975239215318, 0.9991892475088608, 0.0022867273809215327, 0.0, 0.0, 0.0, 1.0], "right_foot_pose": [0.9999994646709569, -0.0010325460728488436, 6.712977741469265e-05, 0.019687075979645013, 0.0010347259538430562, 0.9978924991728307, -0.06488057827117967, -0.14042623460778508, 3.884944466351217e-09, 0.06488061299964464, 0.9978930333742142, 4.192149294368619e-09, 0.0, 0.0, 0.0, 1.0]}, {"left_foot_pose": [0.9999979299457082, -0.0020347193169126397, 4.647652001848743e-06, 0.039542152726470145, 0.0020347246249231357, 0.9999953163034593, -0.002286321684748554, -0.0003556139993619121, 4.392662922932875e-09, 0.002286326408630387, 0.9999973863523617, 4.5945742072062146e-09, 0.0, 0.0, 0.0, 1.0], "right_foot_pose": [0.9999994646710195, -0.0010343394293148447, 2.8277538447812488e-05, 0.019687076127147714, 0.0010347258932667473, 0.9996258541777797, -0.027332782545324057, -0.14042623419345582, 4.416174480205252e-09, 0.027332797172794545, 0.9996263893068804, 4.85971320129952e-09, 0.0, 0.0, 0.0, 1.0]}, {"left_foot_pose": [0.9999979299458677, -0.002033375337367033, -7.408588157721854e-05, 0.03954215260132612, 0.002034724546577255, 0.9993349171855376, 0.03640855929304175, -0.00035561414949805865, 4.3417947263283284e-09, -0.03640863466971504, 0.9993369858668739, 4.470286849023175e-09, 0.0, 0.0, 0.0, 1.0], "right_foot_pose": [0.9999994646711018, -0.001034659144720674, -1.1745805398916774e-05, 0.019687076010307416, 0.001034725813769143, 0.9999350802888415, 0.011347446859918502, -0.1404262343148176, 4.303201735757755e-09, -0.011347452938990463, 0.9999356155832222, 4.8768790394948525e-09, 0.0, 0.0, 0.0, 1.0]}, {"left_foot_pose": [0.9999979299459664, -0.002029265887212637, -0.00014894207596262725, 0.039542152314765405, 0.002034724498054955, 0.9973153390601743, 0.07319818557524095, -0.00035561430189273713, 3.6359950508379666e-09, -0.07319833710713249, 0.9973174035605473, 3.735642906121939e-09, 0.0, 0.0, 0.0, 1.0], "right_foot_pose": [0.9999994646711596, -0.0010335338290901545, -4.965095383651734e-05, 0.019687075830939576, 0.0010347257574247145, 0.9988477033517654, 0.04798119268536509, -0.1404262343269593, 3.555408371331544e-09, -0.04798121837476986, 0.9988482380638575, 4.231928842080013e-09, 0.0, 0.0, 0.0, 1.0]}, {"left_foot_pose": [0.99999792994597, -0.0020234230691311, -0.0002141561565064568, 0.0395421523170941, 0.0020347244963522444, 0.9944437983333876, 0.10524918931986829, -0.0003556138950990429, 2.6240353809329605e-09, -0.10524940719713756, 0.9944458568894802, 2.714421402927325e-09, 0.0, 0.0, 0.0, 1.0], "right_foot_pose": [0.999999431863136, -0.0010624411668206852, -8.655733520401352e-05, 0.020313969797274692, 0.0010659612586007732, 0.9966986781125631, 0.08118256447824654, -0.1404252645238694, 1.9883048997147066e-08, -0.08118261062220504, 0.9966992443724249, 0.002830368642954842, 0.0, 0.0, 0.0, 1.0]}, {"left_foot_pose": [0.9999979299459135, -0.002017075132174725, -0.00026741690348382516, 0.03954215224877223, 0.0020347245241322063, 0.9913239615184262, 0.13142550443321702, -0.0003556138088964926, 1.667412615944399e-09, -0.13142577649504622, 0.9913260136164468, 1.7696539858502724e-09, 0.0, 0.0, 0.0, 1.0], "right_foot_pose": [0.9999993151582156, -0.0011628046010535415, -0.0001325464411880913, 0.022408723103056433, 0.0011703346089674876, 0.9935699508528442, 0.11321388200737495, -0.14042204482173526, 4.853815546058685e-08, -0.11321395959746554, 0.9935706312850942, 0.010893359772192732, 0.0, 0.0, 0.0, 1.0]}, {"left_foot_pose": [0.999997929945835, -0.0020113073526640047, -0.00030780964722927954, 0.03954215206418272, 0.002034724562639377, 0.988489233158994, 0.15127754567251195, -0.0003556140108765711, 8.822440983316757e-10, -0.15127785882764824, 0.9884912793892133, 1.0040530004640225e-09, 0.0, 0.0, 0.0, 1.0], "right_foot_pose": [0.9999991104374919, -0.0013200648259535782, -0.00019118859795057912, 0.025690194740661764, 0.0013338381528475412, 0.9896818360611332, 0.14327625150891576, -0.14041701009393429, 8.194264222178084e-08, -0.14327637907038066, 0.9896827164301062, 0.02053485729105265, 0.0, 0.0, 0.0, 1.0]}, {"left_foot_pose": [0.9999979299457649, -0.0020069756706240466, -0.0003348922868323284, 0.0395421517978485, 0.0020347245971525678, 0.986360302595536, 0.16458801098335607, -0.0003556143067030776, 3.236565112639087e-10, -0.16458835169082026, 0.9863623444189766, 4.821993984660544e-10, 0.0, 0.0, 0.0, 1.0], "right_foot_pose": [0.9999988115298966, -0.0015200531545995256, -0.00025763773234220995, 0.02986257850823374, 0.0015417323961668835, 0.985949351629618, 0.16703741821027404, -0.14041061315414116, 1.1200067143563334e-07, -0.167037616899735, 0.9859505233734827, 0.02802781686467711, 0.0, 0.0, 0.0, 1.0]}, {"left_foot_pose": [0.9999979299457229, -0.002005100856799984, -0.0003459404919076875, 0.03954215158624724, 0.0020347246177019793, 0.9854388612990356, 0.17001797121890147, -0.000355614433887666, 2.4660073799744342e-11, -0.17001832316610813, 0.9854409012151799, 2.572600743544484e-10, 0.0, 0.0, 0.0, 1.0], "right_foot_pose": [0.9999984170856091, -0.0017514750411922646, -0.0003133072862426691, 0.034630076978554546, 0.0017792768921745885, 0.984385786249328, 0.17601550501030666, -0.1404032998971034, 1.2847541707904932e-07, -0.17601578385324557, 0.9843873444099687, 0.03000000376125682, 0.0, 0.0, 0.0, 1.0]}, {"left_foot_pose": [0.9999979299457252, -0.002005236313874182, -0.0003451544448739468, 0.039542151615306845, 0.002034724616575209, 0.9855054355747367, 0.16963164901746383, -0.0003556144157781044, 3.8943763005503974e-11, -0.16963200016498908, 0.9855074756286867, 2.6920790596740574e-10, 0.0, 0.0, 0.0, 1.0], "right_foot_pose": [0.9999979360295856, -0.002000158383185368, -0.0003567954744931733, 0.03969686378034982, 0.00203173240142713, 0.9844689361590839, 0.17554710422348177, -0.14039552366880148, 1.3204904397819424e-07, -0.17554746681237873, 0.9844709680309214, 0.030000004198877328, 0.0, 0.0, 0.0, 1.0]}, {"left_foot_pose": [0.9999979299457648, -0.0020075580151188116, -0.0003313834674874731, 0.03954215168503647, 0.002034724597234953, 0.9866465043208055, 0.1628635484304238, -0.0003556144101801578, 3.1776385325813496e-10, -0.16286388556813794, 0.9866485467367039, 5.324088253599868e-10, 0.0, 0.0, 0.0, 1.0], "right_foot_pose": [0.999997390846145, -0.002252076531924862, -0.00038269073140083045, 0.04476713087937632, 0.0022843600606013933, 0.9858740126153831, 0.16747302155498686, -0.14038774232396264, 1.2278538211127809e-07, -0.16747345879552963, 0.985876