{"LoopMode": "Wrap", "FrameDuration": 0.0167, "EnableCycleOffsetPosition": true, "EnableCycleOffsetRotation": false, "Debug_info": [{"left_foot_pose": [1.0000000000000007, -1.0658006258607588e-13, 9.142298029729549e-12, -1.722971572819902e-12, 2.7245352964101267e-14, 0.9999620375649145, 0.008713405133775453, 1.0063824773531849e-13, -9.143051227951343e-12, -0.00871340513377572, 0.9999620375649145, 2.138260402073655e-11, 0.0, 0.0, 0.0, 1.0], "right_foot_pose": [0.9999999999999998, 2.0330993004855253e-13, 9.115097565626227e-12, -1.4263834224087668e-12, -7.482640223092434e-14, 0.9999007561195519, -0.014088218891978622, -0.14000000000225418, -9.11728671130482e-12, 0.014088218891978437, 0.9999007561195519, 1.646403846589095e-11, 0.0, 0.0, 0.0, 1.0]}, {"left_foot_pose": [1.0000000000000007, -1.499402566464662e-13, 2.0025481273222574e-11, -3.673529773327129e-12, 3.7084552872631565e-14, 0.9999840273199926, 0.005652000078677357, 1.1308575603719007e-12, -2.0026203881862947e-11, -0.005652000078677626, 0.9999840273199928, 4.535542080796873e-11, 0.0, 0.0, 0.0, 1.0], "right_foot_pose": [1.0, 5.283245331858379e-13, 2.0006163392594086e-11, -3.247816324708134e-12, -1.8508230377158995e-13, 0.9998529161651509, -0.017150686168299432, -0.1400000000040077, -2.0012318406275323e-11, 0.017150686168299248, 0.999852916165151, 3.7861956625473425e-11, 0.0, 0.0, 0.0, 1.0]}, {"left_foot_pose": [1.0000000000000007, -4.706668135872106e-14, 3.472994114517292e-11, -6.285663234849384e-12, -1.8863759756780958e-15, 0.9999989931392242, 0.0014190562140248466, 2.9221538383472634e-12, -3.473023288014902e-11, -0.0014190562140251166, 0.9999989931392244, 7.765300902295991e-11, 0.0, 0.0, 0.0, 1.0], "right_foot_pose": [0.9999999999999998, 1.1288810181796999e-12, 3.475775223193977e-11, -5.758099853849767e-12, -3.852344639053992e-13, 0.9997712852838804, -0.021386377014773306, -0.14000000000594884, -3.477391197974704e-11, 0.021386377014773125, 0.9997712852838803, 6.725757450976033e-11, 0.0, 0.0, 0.0, 1.0]}, {"left_foot_pose": [1.0000000000000007, 3.4820169940840056e-13, 5.300815342224042e-11, -9.516705140848949e-12, -1.3810599902016576e-13, 0.999992170461619, -0.003957147389334504, 5.611146963735436e-12, -5.3009446150024684e-11, 0.003957147389334231, 0.9999921704616193, 1.1803875932248076e-10, 0.0, 0.0, 0.0, 1.0], "right_foot_pose": [0.9999999999999998, 2.144215699482129e-12, 5.314687578916731e-11, -8.930020640928755e-12, -7.20754608237804e-13, 0.9996416673109121, -0.026768208305002084, -0.1400000000078534, -5.3185352172510854e-11, 0.026768208305001904, 0.9996416673109119, 1.0414911294498452e-10, 0.0, 0.0, 0.0, 1.0]}, {"left_foot_pose": [1.0000000000000004, 1.2165690375628237e-12, 7.502354293364987e-11, -1.3395220936837315e-11, -4.3140834726104225e-13, 0.9999452905958043, -0.010460201492967952, 9.423288538368269e-12, -7.50324312217405e-11, 0.010460201492967681, 0.9999452905958042, 1.6724661933142926e-10, 0.0, 0.0, 0.0, 1.0], "right_foot_pose": [1.0, 3.763911817550391e-12, 7.537120927381122e-11, -1.2809910367630228e-11, -1.253332448969464e-12, 0.9994460251932097, -0.03328126688534944, -0.1400000000095028, -7.545486146550575e-11, 0.03328126688534925, 0.9994460251932096, 1.488851611441966e-10, 0.0, 0.0, 0.0, 1.0]}, {"left_foot_pose": [1.0000000000000004, 2.7947918865072237e-12, 1.0135214889572805e-10, -1.802133690178346e-11, -9.598974805892509e-13, 0.9998362474692034, -0.018096360040147717, 1.469768577677666e-11, -1.0138621845707758e-10, 0.018096360040147447, 0.9998362474692035, 2.2704524371697232e-10, 0.0, 0.0, 0.0, 1.0], "right_foot_pose": [0.9999999999999998, 6.250488888810864e-12, 1.0205103428972958e-10, -1.752096298851223e-11, -2.0678831000654814e-12, 0.999161867426511, -0.0409336375218121, -0.14000000001064833, -1.0222137313021996e-10, 0.040933637521811915, 0.999161867426511, 2.0270304185165955e-10, 0.0, 0.0, 0.0, 1.0]}, {"left_foot_pose": [1.0000000000000004, 5.4082014944944365e-12, 1.329401033700605e-10, -2.355992129708229e-11, -1.830207698985773e-12, 0.9996382078885345, -0.026897087749413517, 2.1910187206208853e-11, -1.3303770077378626e-10, 0.02689708774941325, 0.9996382078885347, 3.002550499897616e-10, 0.0, 0.0, 0.0, 1.0], "right_foot_pose": [0.9999999999999998, 9.972302399534746e-12, 1.3419504396594556e-10, -2.325968669779085e-11, -3.2824965987160524e-12, 0.9987612527114377, -0.04975902010972026, -0.1400000000109611, -1.345249992699046e-10, 0.049759020109720074, 0.9987612527114378, 2.6768009336874954e-10, 0.0, 0.0, 0.0, 1.0]}, {"left_foot_pose": [1.0000000000000007, 9.51022470406776e-12, 1.7102480542874317e-10, -3.022870845684527e-11, -3.1896238286676163e-12, 0.9993183223462844, -0.036917348537078294, 3.1687050552897666e-11, -1.7125935974234084e-10, 0.03691734853707801, 0.9993183223462849, 3.9074653235271484e-10, 0.0, 0.0, 0.0, 1.0], "right_foot_pose": [1.0, 1.544323820452453e-11, 1.7312701272587098e-10, -3.0286660722404795e-11, -5.0599217997891375e-12, 0.9982094732408767, -0.059815111235972704, -0.14000000000997112, -1.7374102807725716e-10, 0.059815111235972517, 0.9982094732408765, 3.466308559629816e-10, 0.0, 0.0, 0.0, 1.0]}, {"left_foot_pose": [1.0000000000000007, 1.571562646625051e-11, 2.1691837215342934e-10, -3.8264538337641266e-11, -5.235145906506872e-12, 0.9988362843902548, -0.048229420331067384, 4.477155451931836e-11, -2.174242074550937e-10, 0.0482294203310671, 0.9988362843902552, 5.032066152654835e-10, 0.0, 0.0, 0.0, 1.0], "right_foot_pose": [0.9999999999999998, 2.335279092625362e-11, 2.20277629470189e-10, -3.889270231844507e-11, -7.614703059058583e-12, 0.9974636644415897, -0.07117751132735559, -0.14000000000700474, -2.2138119397472396e-10, 0.07117751132735542, 0.9974636644415896, 4.4275836469376273e-10, 0.0, 0.0, 0.0, 1.0]}, {"left_foot_pose": [1.0000000000000007, 2.477619107278054e-11, 2.7135477198569855e-10, -4.7818537615589096e-11, -8.202228277116916e-12, 0.9981433974375189, -0.06090778400079939, 6.182765063811324e-11, -2.7236030301074803e-10, 0.06090778400079911, 0.9981433974375193, 6.419701367721409e-10, 0.0, 0.0, 0.0, 1.0], "right_foot_pose": [0.9999999999999998, 3.4523805685740806e-11, 2.7652286016532897e-10, -4.928394020061434e-11, -1.1194858111337861e-11, 0.9964721042522005, -0.083924641477887, -0.14000000000116047, -2.784448634313731e-10, 0.08392464147788686, 0.9964721042522003, 5.584510909262264e-10, 0.0, 0.0, 0.0, 1.0]}, {"left_foot_pose": [1.0000000000000004, 3.732449741749845e-11, 3.326104391909717e-10, -5.864537414302252e-11, -1.2275675355275763e-11, 0.9971840789425104, -0.07499275100686713, 8.276873630919113e-11, -3.344731436985448e-10, 0.07499275100686682, 0.9971840789425109, 8.068447576725646e-10, 0.0, 0.0, 0.0, 1.0], "right_foot_pose": [1.0, 4.9589906712819045e-11, 3.4025393613745765e-10, -6.123259531591081e-11, -1.597133801760097e-11, 0.9951764478890003, -0.09810115986588526, -0.13999999999147691, -3.4347769935139153e-10, 0.09810115986588508, 0.9951764478890003, 6.91530915863936e-10, 0.0, 0.0, 0.0, 1.0]}, {"left_foot_pose": [1.0000000000000004, 5.286157075845026e-11, 3.9145658936590073e-10, -6.924584898235082e-11, -1.7256164434225082e-11, 0.9959053255143586, -0.09040233742631124, 1.0484770517071862e-10, -3.9463281129466315e-10, 0.0904023374263109, 0.9959053255143585, 9.802439346340286e-10, 0.0, 0.0, 0.0, 1.0], "right_foot_pose": [1.0, 6.777605084689197e-11, 4.0213044005810125e-10, -7.310645870013189e-11, -2.1643370517844172e-11, 0.9935232610539002, -0.11362891245111889, -0.1399999999777764, -4.0722749242113675e-10, 0.11362891245111867, 0.9935232610539001, 8.24582263581064e-10, 0.0, 0.0, 0.0, 1.0]}, {"left_foot_pose": [1.0000000000000002, 6.669926479093678e-11, 4.1916803361630054e-10, -7.475318626580848e-11, -2.1585154594069946e-11, 0.9942893050840792, -0.10671821679272894, 1.1813524984638502e-10, -4.238924650579722e-10, 0.10671821679272865, 0.9942893050840789, 1.0925186935684117e-09, 0.0, 0.0, 0.0, 1.0], "right_foot_pose": [0.9999999999999999, 8.328390989099312e-11, 4.324854363524362e-10, -7.949413063831315e-11, -2.631410548255194e-11, 0.9915021881240561, -0.13009001093554073, -0.1399999999633742, -4.396447839457381e-10, 0.13009001093554054, 0.9915021881240561, 8.980818172465987e-10, 0.0, 0.0, 0.0, 1.0]}, {"left_foot_pose": [1.0000000000000004, 6.352026600611513e-11, 3.4792163594587914e-10, -6.320405193005343e-11, -2.0362401092743033e-11, 0.9924481271661694, -0.12266505160135767, 9.88841057647516e-11, -3.5308600045362366e-10, 0.12266505160135738, 0.9924481271661696, 9.541493983800109e-10, 0.0, 0.0, 0.0, 1.0], "right_foot_pose": [0.9999999999999998, 7.779747459839094e-11, 3.6047553830798015e-10, -6.715262299276137e-11, -2.4260640331232123e-11, 0.9892553092322168, -0.14619826659667015, -0.1399999999608077, -3.679761724997766e-10, 0.14619826659667, 0.9892553092322168, 7.624326031629991e-10, 0.0, 0.0, 0.0, 1.0]}, {"left_foot_pose": [1.0000000000000007, 1.3189539637734026e-10, 6.510347816401893e-10, -2.5254562006996357e-09, -3.910642727441484e-11, 0.9900785753848667, -0.14051481973042543, -1.3453505046112646e-08, -6.631088848758876e-10, 0.14051481973042512, 0.990078575384867, 0.0055170796784859005, 0.0, 0.0, 0.0, 1.0], "right_foot_pose": [0.9999999999999997, 5.6120587600707936e-11, 2.3806800975023603e-10, 3.441771776035702e-11, -1.7317426428509945e-11, 0.9871240703407589, -0.15995646205731337, -0.14000000029278709, -2.4397966500865146e-10, 0.15995646205731326, 0.9871240703407588, 4.937465714061062e-10, 0.0, 0.0, 0.0, 1.0]}, {"left_foot_pose": [1.0000000000000004, 1.9719815902092837e-10, 8.340639290338423e-10, -4.366929973618215e-09, -5.896572137034199e-11, 0.9866941611731261, -0.16258730672122662, -1.9578699446409775e-08, -8.550279225907783e-10, 0.16258730672122637, 0.9866941611731262, 0.018168995759463798, 0.0, 0.0, 0.0, 1.0], "right_foot_pose": [0.9999999999999996, 2.6953763614223166e-11, 1.0722894794312751e-10, 8.780853177518186e-11, -8.311011533694387e-12, 0.9854110119662789, -0.17019147304020382, -0.1400000003296702, -1.1025203274394506e-10, 0.17019147304020363, 0.9854110119662786, 4.3937608412703e-10, 0.0, 0.0, 0.0, 1.0]}, {"left_foot_pose": [1.0000000000000002, 1.486606340214963e-10, 5.555746418472981e-10, -3.442991175490586e-09, -4.379799048388051e-11, 0.982894668000217, -0.1841685956311341, -1.1931679727572586e-08, -5.73450223398541e-10, 0.18416859563113377, 0.982894668000217, 0.03163852516427559, 0.0, 0.0, 0.0, 1.0], "right_foot_pose": [0.9999999999999996, 4.8656181584524794e-12, 1.8289314507313725e-11, 5.728135357169293e-11, -1.5707950653200133e-12, 0.9843911995239677, -0.1759942223476794, -0.14000000013685027, -1.8860191201515925e-11, 0.17599422234767922, 0.9843911995239674, 2.1898658580932207e-10, 0.0, 0.0, 0.0, 1.0]}, {"left_foot_pose": [1.0000000000000004, 6.927770684398729e-13, 3.8991032624835385e-12, -2.7032743181428374e-10, 8.325896018805145e-14, 0.9807036914403575, -0.19550005011574026, -4.478277436381628e-10, -3.959655380857362e-12, 0.19550005011573995, 0.9807036914403577, 0.039607547458948275, 0.0, 0.0, 0.0, 1.0], "right_foot_pose": [0.9999999999999998, 1.831500530356372e-12, 6.7121308511275305e-12, 5.485128498968098e-12, -6.166649657361271e-13, 0.9842670106250451, -0.1766874409663515, -0.139999999981424, -6.9302271894346386e-12, 0.17668744096635136, 0.9842670106250447, 1.7768259086281546e-11, 0.0, 0.0, 0.0, 1.0]}, {"left_foot_pose": [1.0000000000000004, 3.660830668025587e-11, 1.3094364481602776e-10, -1.1060772332571747e-11, -1.1035494817606034e-11, 0.9817472455470694, -0.19019028855528694, 6.062396071260245e-11, -1.355163628951084e-10, 0.19019028855528666, 0.9817472455470695, 0.04000000021632133, 0.0, 0.0, 0.0, 1.0], "right_foot_pose": [0.9999999999999998, 2.109140906113121e-11, 8.278527863225794e-11, -1.4092639231537736e-11, -6.539137538149409e-12, 0.9850992542909277, -0.17198679948024648, -0.13999999998186857, -8.517923745254763e-11, 0.17198679948024628, 0.9850992542909276, 1.5932757196912561e-10, 0.0, 0.0, 0.0, 1.0]}, {"left_foot_pose": [1.0000000000000007, 9.939580408805619e-11, 3.7891983994953033e-10, -3.6074043870118394e-11, -3.033359548973635e-11, 0.9840182733807342, -0.1780675086948758, 1.6063893271134333e-10, -3.905635785810511e-10, 0.17806750869487553, 0.9840182733807344, 0.04000000063337043, 0.0, 0.0, 0.0, 1.0], "right_foot_pose": [0.9999999999999998, 5.728899319714367e-11, 2.3842477991919933e-10, -4.163120407028329e-11, -1.78353878473371e-11, 0.9867430411271626, -0.16229039031045286, -0.13999999995690576, -2.4456162038071666e-10, 0.16229039031045267, 0.9867430411271624, 4.689482621667018e-10, 0.0, 0.0, 0.0, 1.0]}, {"left_foot_pose": [1.0000000000000004, 3.3759301508315244e-10, 1.4541440274129458e-09, -1.6016059909181665e-09, -1.0588814345473849e-10, 0.987680993695449, -0.15648084449149638, -8.513844441948581e-09, -1.4890576457120552e-09, 0.15648084449149613, 0.9876809936954489, 0.03757000667407768, 0.0, 0.0, 0.0, 1.0], "right_foot_pose": [0.9999999999999998, 1.1006678182090626e-10, 5.04639330323186e-10, -8.097526381142215e-11, -3.452830091442523e-11, 0.9890905917031133, -0.14730852454758117, -0.14000000027198659, -5.153477762125019e-10, 0.147308524547581, 0.989090591703113, 1.0328022256866909e-09, 0.0, 0.0, 0.0, 1.0]}, {"left_foot_pose": [1.0000000000000004, 4.066266604970921e-10, 2.2464112792164244e-09, -4.400685745264119e-09, -1.3111284323220195e-10, 0.9926147639089088, -0.12130923489191614, -2.1872982550186215e-08, -2.279148767733037e-09, 0.12130923489191582, 0.992614763908909, 0.026715186690944852, 0.0, 0.0, 0.0, 1.0], "right_foot_pose": [0.9999999999999998, 1.6038199409488816e-10, 8.542259122279453e-10, -9.949354764682124e-11, -5.09381187495453e-11, 0.9919526285190662, -0.12660956825657327, -0.14000000077034683, -8.676576664453272e-10, 0.1266095682565731, 0.991952628519066, 1.9773994316962806e-09, 0.0, 0.0, 0.0, 1.0]}, {"left_foot_pose": [1.0000000000000007, 2.635798209768755e-10, 2.0949696977190467e-09, -3.9949085372842316e-09, -8.780838404032246e-11, 0.9965109179421494, -0.0834625090809989, -2.17696103296805e-08, -2.1096593903340493e-09, 0.08346250908099863, 0.9965109179421496, 0.012812779686644293, 0.0, 0.0, 0.0, 1.0], "right_foot_pose": [1.0, 1.8458306658468682e-10, 1.2335759635995192e-09, -1.4289161657486955e-10, -5.947006245364591e-11, 0.994920587530386, -0.1006629251919058, -0.1400000009523207, -1.24589109526432e-09, 0.10066292519190564, 0.994920587530386, 2.856600372913576e-09, 0.0, 0.0, 0.0, 1.0]}, {"left_foot_pose": [1.0000000000000007, 1.2911863209025727e-10, 1.7694702925119522e-09, -1.455563650450827e-09, -4.4167496939698556e-11, 0.998850921646061, -0.047925320309991935, -9.361306826938254e-09, -1.7736252674006776e-09, 0.04792532030999166, 0.9988509216460613, 0.0021809030113464287, 0.0, 0.0, 0.0, 1.0], "right_foot_pose": [0.9999999999999998, 1.639584645232067e-10, 1.5649997409106212e-09, -2.459186039444671e-10, -5.353686443982518e-11, 0.997526053761085, -0.07029773871069385, -0.14000000059052026, -1.5726539076976437e-09, 0.07029773871069366, 0.9975260537610852, 3.341704156445413e-09, 0.0, 0.0, 0.0, 1.0]}, {"left_foot_pose": [1.0000000000000004, 3.6281237158312566e-11, 1.6794695634203545e-09, -2.7858291538450254e-10, -1.1984819096844049e-11, 0.9998953870709434, -0.014464263349692866, 3.222836233995885e-10, -1.6798187505680298e-09, 0.0144642633496926, 0.9998953870709435, 3.4967892331705386e-09, 0.0, 0.0, 0.0, 1.0], "right_foot_pose": [0.9999999999999999, 9.429214261235467e-11, 1.6918090262052481e-09, -2.953455221519021e-10, -3.113300056355838e-11, 0.9993043549776723, -0.037293513144490344, -0.14000000011648767, -1.6941488331074727e-09, 0.037293513144490156, 0.9993043549776723, 3.444817008035894e-09, 0.0, 0.0, 0.0, 1.0]}, {"left_foot_pose": [1.0000000000000007, -4.238674794354831e-11, 1.5386318330534733e-09, -2.604708500084487e-10, 1.3900205378630442e-11, 0.9998286809172924, 0.01850969516735178, 1.9425632803715676e-10, -1.539153101179088e-09, -0.01850969516735205, 0.9998286809172925, 3.1268399605655084e-09, 0.0, 0.0, 0.0, 1.0], "right_foot_pose": [1.0000000000000002, 9.914880990685219e-12, 1.5361374949840467e-09, -2.6739696074691895e-10, -3.3184333699598156e-12, 0.9999907803573499, -0.004294088995191551, -0.14000000020539116, -1.5361660398446466e-09, 0.004294088995191371, 0.9999907803573502, 3.2154731169353745e-09, 0.0, 0.0, 0.0, 1.0]}, {"left_foot_pose": [1.0000000000000007, -8.405310212698611e-11, 1.1623630946644444e-09, -1.111672609080812e-10, 2.7559802304880222e-11, 0.9988223460735466, 0.04851722358232482, 3.184888307944389e-10, -1.1650725236289766e-09, -0.0485172235823251, 0.9988223460735468, 2.3396918222284846e-09, 0.0, 0.0, 0.0, 1.0], "right_foot_pose": [0.9999999947288789, 0.00010263990869710346, 2.7002441206342222e-06, -5.716152932047889e-10, -0.00010267540642026924, 0.9996682167245031, 0.025757444139760208, -0.14000513020197652, -5.560651010142017e-08, -0.02575744428123843, 0.9996682219937252, 0.0005096367199316498, 0.0, 0.0, 0.0, 1.0]}, {"left_foot_pose": [1.0000000000000007, -8.420725261796721e-11, 7.613034092024424e-10, 2.0712804047573193e-10, 2.7979398130957514e-11, 0.9972909317363678, 0.07355812311640439, 6.827190653091453e-10, -7.654353395815197e-10, -0.07355812311640465, 0.9972909317363682, 1.7350471753774244e-09, 0.0, 0.0, 0.0, 1.0], "right_foot_pose": [0.9999980356440079, 0.001979205287238385, 0.00010702596061405918, -4.0842163440580215e-09, -0.001982096845566035, 0.9985519243209117, 0.05375988957484238, -0.1400990899785812, -4.6912123562377125e-07, -0.053759996107100264, 0.9985538857860123, 0.008780415301411028, 0.0, 0.0, 0.0, 1.0]}, {"left_foot_pose": [1.0000000000000004, -5.755062196067434e-11, 4.015638932486366e-10, 3.1072168102636697e-10, 1.998095186292258e-11, 0.9956718188464306, 0.09293884631864863, 5.697301727614068e-10, -4.0517482308113024e-10, -0.09293884631864886, 0.9956718188464307, 1.0985920576023211e-09, 0.0, 0.0, 0.0, 1.0], "right_foot_pose": [0.9999828961831863, 0.005829057517301661, 0.00047898804443553784, -6.817051588400543e-09, -0.005848704113479236, 0.9966396198481189, 0.08170226930257268, -0.140292418149833, -1.1312354594104487e-06, -0.08170367334127125, 0.9966566659393107, 0.022328666332978447, 0.0, 0.0, 0.0, 1.0]}, {"left_foot_pose": [1.0000000000000004, -2.3323115733305198e-11, 1.2474282717889242e-10, 2.392507240280019e-10, 9.934143777602588e-12, 0.9943366505801389, 0.10627617471979112, 2.2084024452889706e-10, -1.265152499269867e-10, -0.10627617471979137, 0.9943366505801391, 4.1650371346291237e-10, 0.0, 0.0, 0.0, 1.0], "right_foot_pose": [0.9999371994375963, 0.011142147119724001, 0.0012040508540791745, -5.375006301562525e-09, -0.011207014650239273, 0.9941674180306846, 0.10726391634110362, -0.14056034981577936, -1.8777922670984327e-06, -0.10727067392239323, 0.9942298539637148, 0.0348362624609792, 0.0, 0.0, 0.0, 1.0]}, {"left_foot_pose": [1.0000000000000007, 6.91782920845779e-13, -3.876310383787997e-11, 7.980307299979052e-11, 3.702609975722636e-12, 0.9935673363763288, 0.11324287212026948, -2.7709551667087773e-11, 3.859171961345767e-11, -0.11324287212026973, 0.993567336376329, 5.6158966366126606e-11, 0.0, 0.0, 0.0, 1.0], "right_foot_pose": [0.9998457872783563, 0.017428651722750467, 0.0021549387116729045, -1.1427667106600047e-10, -0.01756136828080219, 0.9923065037704006, 0.12255366546566497, -0.14087810868229272, -2.414546072156037e-06, -0.1225726098037045, 0.9924595484552906, 0.04000000022096014, 0.0, 0.0, 0.0, 1.0]}, {"left_foot_pose": [1.0000000000000007, 2.608901865462135e-12, -6.797723495211023e-11, -3.5809038630814104e-11, 5.152607521613893e-12, 0.9934894879632699, 0.1139238223835578, -2.6581366448230614e-11, 6.783154558664801e-11, -0.11392382238355805, 0.9934894879632702, 2.539165405712751e-11, 0.0, 0.0, 0.0, 1.0], "right_foot_pose": [0.9997018846578812, 0.0242212937514733, 0.0030774568209410366, -4.479360778781791e-11, -0.02441601533525544, 0.9917423837444892, 0.12590036727486956, -0.14122091673076195, -2.5745842878142428e-06, -0.12593797367674042, 0.9920381176041415, 0.040000000073388366, 0.0, 0.0, 0.0, 1.0]}, {"left_foot_pose": [1.0000000000000007, -1.6881882562477703e-11, 2.6401159036737783e-11, -1.7049077354632312e-10, 1.3916245751371604e-11, 0.9940896679688186, 0.10856211142772244, -2.864408103070426e-11, -2.8078069934659283e-11, -0.10856211142772271, 0.9940896679688185, 2.1816178030764632e-10, 0.0, 0.0, 0.0, 1.0], "right_foot_pose": [0.9995108075521006, 0.0310428609916612, 0.003806096162682978, 1.4763104286144926e-11, -0.03127531903579957, 0.9920911378750934, 0.12156080194253131, -0.14156401620824668, -2.399196161415027e-06, -0.1216203721880295, 0.9925766897641152, 0.040000000213125476, 0.0, 0.0, 0.0, 1.0]}, {"left_foot_pose": [1.0000000000000002, -5.431318826172065e-11, 2.6089114202321293e-10, -3.1975115972280697e-10, 2.876944602137265e-11, 0.9952911530146963, 0.09693049432803652, 3.7407098599229194e-10, -2.6492732715871383e-10, -0.09693049432803678, 0.9952911530146964, 8.915176166746086e-10, 0.0, 0.0, 0.0, 1.0], "right_foot_pose": [0.9992912148078006, 0.037434627925397854, 0.0039644217783580135, -2.300966358203746e-09, -0.037643963719805024, 0.9937393821286565, 0.10519017255436966, -0.1418826302048951, -1.8470775415374183e-06, -0.10526485186729292, 0.9944442221451867, 0.035066711823977116, 0.0, 0.0, 0.0, 1.0]}, {"left_foot_pose": [1.0000000000000002, -9.049271366360775e-11, 6.013053943654275e-10, -3.6799747374822225e-10, 4.267890555064272e-11, 0.9968709458363969, 0.07904629875742569, 7.930561572028205e-10, -6.065773010729291e-10, -0.07904629875742594, 0.9968709458363971, 1.8397857612373336e-09, 0.0, 0.0, 0.0, 1.0], "right_foot_pose": [0.9990739033836539, 0.04289556484278841, 0.0033624536528758116, -6.192203919324485e-09, -0.04302714929631483, 0.9960205370048426, 0.07804969114620067, -0.14215200220391125, -1.087305469894791e-06, -0.07812208638664771, 0.9969437996283516, 0.02265968193500338, 0.0, 0.0, 0.0, 1.0]}, {"left_foot_pose": [1.0000000000000002, -1.1186937040064193e-10, 9.55839074556766e-10, -3.460534602004246e-10, 4.95998764886741e-11, 0.9978917721593413, 0.06490000814090884, 8.451717468244135e-10, -9.61084416606443e-10, -0.06490000814090913, 0.9978917721593413, 2.481024226341777e-09, 0.0, 0.0, 0.0, 1.0], "right_foot_pose": [0.9988981531180755, 0.04685138249904761, 0.0027253724929801448, -5.315800509627863e-09, -0.04693058381305026, 0.9972130212164876, 0.05799750528472133, -0.14234737470816222, -5.136335801997665e-07, -0.058061504236567724, 0.9983130078915746, 0.00906333566715578, 0.0, 0.0, 0.0, 1.0]}, {"left_foot_pose": [1.0000000000000004, -9.048452159949194e-11, 1.3719806402079392e-09, -3.0387747085133045e-10, 3.9986650886575096e-11, 0.9993240422576499, 0.036762189350358396, 3.938998519720238e-10, -1.3743796998918526e-09, -0.036762189350358666, 0.9993240422576499, 2.951972485898402e-09, 0.0, 0.0, 0.0, 1.0], "right_foot_pose": [0.9988056261816605, 0.04884147285626555, 0.0013533798771096144, -8.795823804551295e-10, -0.048860220096279265, 0.9984224300573328, 0.02766459922994551, -0.142443979768159, -6.505332561755593e-08, -0.027697683795600028, 0.999616345560813, 0.0005957977941411022, 0.0, 0.0, 0.0, 1.0]}, {"left_foot_pose": [1.0000000000000004, 3.911969545622851e-11, 1.3216612804178845e-09, 1.2930416897037874e-09, -4.616113234368095e-11, 0.999985804037047, 0.005328388535152418, 6.359661061661193e-11, -1.3214343485617974e-09, -0.005328388535152686, 0.9999858040370471, 3.241298021650074e-09, 0.0, 0.0, 0.0, 1.0], "right_foot_pose": [0.998799740181034, 0.04898005061146709, -0.0001834567978685538, 1.3514134658337493e-09, -0.04898039418276004, 0.9987927340330333, -0.0037410464471948207, -0.1424500000690727, -1.3276034337608925e-09, 0.0037455420057382976, 0.9999929854329398, 3.2731080484849073e-09, 0.0, 0.0, 0.0, 1.0]}, {"left_foot_pose": [1.0000000000000007, 7.623223842267759e-11, 1.2930055359738889e-09, 8.469525055894712e-10, -4.2325507133983325e-11, 0.9996566505926768, -0.02620268928625062, 1.829427598992739e-10, -1.294559308835149e-09, 0.026202689286250348, 0.9996566505926769, 3.0199531556029946e-09, 0.0, 0.0, 0.0, 1.0], "right_foot_pose": [0.9987997401802631, 0.048949813860583634, -0.0017305313788731121, 8.520135783961907e-10, -0.04898039419848564, 0.998176150271426, -0.03528872360226111, -0.14245000002421462, -1.3020208561855266e-09, 0.03533113007434138, 0.9993756607240695, 2.8923890782461825e-09, 0.0, 0.0, 0.0, 1.0]}, {"left_foot_pose": [0.9999996473248801, 0.0008385525540283165, -4.6687586228738054e-05, 5.97934941785266e-05, -0.0008398511202280883, 0.9984836680793379, -0.055042340329309936, -1.472874093976645e-06, 4.6089728838503303e-07, 0.05504236012786722, 0.9984840201982919, 0.0020214384820401304, 0.0, 0.0, 0.0, 1.0], "right_foot_pose": [0.9987997401788625, 0.04888108164325801, -0.00311751119029211, -2.737941426312826e-10, -0.04898039422704196, 0.996774573811558, -0.06357177033991424, -0.14245000049468784, -1.0081358203844613e-09, 0.06364816462532422, 0.9979723999890117, 2.133025742145911e-09, 0.0, 0.0, 0.0, 1.0]}, {"left_foot_pose": [0.9999827686479321, 0.005849820098393361, -0.0004919471862885337, 0.0004179547152197125, -0.005870468825252457, 0.9964900341900097, -0.08350538519021447, -1.0259711867778576e-05, 1.7289878744292796e-06, 0.08350683424014307, 0.9965072045059188, 0.012500282199716363, 0.0, 0.0, 0.0, 1.0], "right_foot_pose": [0.998799740178979, 0.04879447227391703, -0.004263624504286726, -3.333814997067558e-10, -0.048980394224665096, 0.9950084508131619, -0.08694310663869795, -0.1424500007646765, -5.934309801853265e-10, 0.08704758633013052, 0.9962041546360357, 1.574838766338349e-09, 0.0, 0.0, 0.0, 1.0]}, {"left_foot_pose": [0.9998936521773232, 0.014491634127440678, -0.0016361160752222854, 0.0010383353447761523, -0.014583700632133312, 0.993607234186268, -0.11194632574849478, -2.5461198970674198e-05, 3.3715736508317664e-06, 0.1119582811275349, 0.9937129078741009, 0.02639831781793727, 0.0, 0.0, 0.0, 1.0], "right_foot_pose": [0.9987997401795058, 0.048709726074565717, -0.005142139933123109, -3.4372146220842253e-10, -0.048980394213920336, 0.9932803217177016, -0.10485763430016985, -0.1424500005688436, -2.364985931551805e-10, 0.10498364193587466, 0.9944739488422409, 9.21527062991423e-10, 0.0, 0.0, 0.0, 1.0]}, {"left_foot_pose": [0.9996622713488535, 0.025746164442184225, -0.003532457808400574, 0.0018504020061854975, -0.025987366487720414, 0.990409845875581, -0.13569448763948355, -4.5349861876462644e-05, 4.968400915541144e-06, 0.13574045899887405, 0.990744431105263, 0.03739742769005109, 0.0, 0.0, 0.0, 1.0], "right_foot_pose": [0.9987997401800601, 0.04864353286218806, -0.005734607826982474, -2.531204736913248e-10, -0.048980394202620015, 0.9919305219548175, -0.11693913202260228, -0.14245000016599116, 2.360757671253744e-11, 0.11707965803301978, 0.9931225270201413, 2.796038470198603e-10, 0.0, 0.0, 0.0, 1.0]}, {"left_foot_pose": [0.9992357713962412, 0.038670422958609785, -0.005698381380849456, 0.0027836191030462046, -0.03908801770315225, 0.9885822776609388, -0.1455239058256388, -6.821247904486433e-05, 5.847855594332785e-06, 0.14563543072656987, 0.9893383249843756, 0.04000000004455249, 0.0, 0.0, 0.0, 1.0], "right_foot_pose": [0.9987997401803161, 0.048608502793926124, -0.006024323353320583, -6.309560241900963e-11, -0.04898039419739782, 0.9912161952819369, -0.12284695842823563, -0.14244999995980037, 1.5144221264967464e-10, 0.12299458389268195, 0.9924073419383119, 3.375223711632458e-11, 0.0, 0.0, 0.0, 1.0]}, {"left_foot_pose": [0.9986002448413821, 0.05232801880802758, -0.007702561285687344, 0.0037674541053366126, -0.0528918799770616, 0.9879708581777981, -0.14531356586333696, -9.232125976416442e-05, 5.9350760290951094e-06, 0.14551756539694072, 0.9893556681627306, 0.04000000004166333, 0.0, 0.0, 0.0, 1.0], "right_foot_pose": [0.998799740180159, 0.04860858953040303, -0.006023623486859799, 1.118277924688077e-10, -0.0489803942006049, 0.9912179639030922, -0.12283268709818967, -0.14244999995405216, 1.3989150766846538e-10, 0.12298029541220482, 0.9924091126850494, 3.5081909599554706e-11, 0.0, 0.0, 0.0, 1.0]}, {"left_foot_pose": [0.9977926542856336, 0.06583006356419822, -0.008730508849128075, 0.004731373299209254, -0.06640646826984764, 0.9891418685475617, -0.13110509089339284, -0.00011594363641108385, 5.055369295162215e-06, 0.1313954588917466, 0.9913300325104005, 0.0396775029008606, 0.0, 0.0, 0.0, 1.0], "right_foot_pose": [0.9987997401798393, 0.048672056685068306, -0.005487250197585884, 1.8553609983009561e-10, -0.048980394207125404, 0.9925121743874232, -0.11189506099942066, -0.14245000004610334, -1.2672932832117325e-10, 0.1120295255314193, 0.993704878426792, 3.5932217617995477e-10, 0.0, 0.0, 0.0, 1.0]}, {"left_foot_pose": [0.9969028867493771, 0.07818268048060222, -0.008491340508272313, 0.0056048427942749605, -0.07864244641346514, 0.9910796335822157, -0.10759426341885897, -0.00013736050567082422, 3.5867211376176656e-06, 0.10792881159083335, 0.9941586249767825, 0.03191398419144816, 0.0, 0.0, 0.0, 1.0], "right_foot_pose": [0.998799740179212, 0.048743235742762736, -0.004814144499687248, 2.474517141757074e-10, -0.048980394219916255, 0.9939636446222413, -0.09816921183004611, -0.14245000050036738, -4.222658956618939e-10, 0.09828718196487428, 0.9951580928985121, 1.2134456633949853e-09, 0.0, 0.0, 0.0, 1.0]}, {"left_foot_pose": [0.9960659857258226, 0.08835177611005732, -0.006820244735004764, 0.006317331387633442, -0.08861462676284425, 0.9931131096022554, -0.07664071672304115, -0.00015482547844219985, 1.9310122003540683e-06, 0.07694358449109284, 0.9970354481170338, 0.0185012952823383, 0.0, 0.0, 0.0, 1.0], "right_foot_pose": [0.9987997401789039, 0.04882986564402004, -0.003837087403313332, 2.0803720736112946e-10, -0.04898039422619735, 0.9957301860496793, -0.07824523992497733, -0.14245000085569476, -7.988308763584487e-10, 0.07833926736099785, 0.9969267571839678, 2.1858609228209147e-09, 0.0, 0.0, 0.0, 1.0]}, {"left_foot_pose": [0.9954446224955356, 0.09524343748094496, -0.004323327599770887, 0.00679830537968949, -0.0953415100798956, 0.9944209663076408, -0.04513245199924085, -0.00016660528186786087, 6.377390769452557e-07, 0.04533904922461414, 0.9989716565623883, 0.00575755891681836, 0.0, 0.0, 0.0, 1.0], "right_foot_pose": [0.9987997401793112, 0.0489119206166422, -0.0025890228527042764, 2.2479648242694494e-11, -0.048980394217896274, 0.9974034370467921, -0.05279493109670018, -0.14245000080206605, -1.1868830575341017e-09, 0.0528583748221332, 0.9986020189300453, 2.850749095117955e-09, 0.0, 0.0, 0.0, 1.0]}, {"left_foot_pose": [0.9952018774541616, 0.09783251888985016, -0.00142174518816811, 0.006977231061514873, -0.09784284905762353, 0.9950968051275703, -0.014461165692647928, -0.00017097630452052835, 1.828656149591692e-09, 0.014530886847342989, 0.9998944210902623, 9.271081004291748e-07, 0.0, 0.0, 0.0, 1.0], "right_foot_pose": [0.9987997401806007, 0.04896717782433935, -0.0011377658299848523, -2.567582726292761e-10, -0.04898039419159817, 0.9985302336222114, -0.02320115357493761, -0.14245000014299064, -1.4328117455195358e-09, 0.023229034381388104, 0.9997301695766252, 2.951475536194792e-09, 0.0, 0.0, 0.0, 1.0]}, {"left_foot_pose": [0.9952018419700808, 0.09782977935631011, 0.001621113955086362, 0.006977255317363262, -0.09784320998086495, 0.9950652339401787, 0.016488980084258736, -0.00017097679381954806, -8.535083185948814e-10, -0.016568478345172957, 0.9998627333415957, 2.9954129940334973e-09, 0.0, 0.0, 0.0, 1.0], "right_foot_pose": [0.9987997401845512, 0.04897887603447071, 0.0003856289311072959, -1.8385540776454101e-09, -0.04898039411103744, 0.9987687839656678, 0.007863661263597173, -0.1424500000591244, -8.48377225857633e-10, -0.007873111084006606, 0.9999690065806334, 3.0787019461575582e-09, 0.0, 0.0, 0.0, 1.0]}, {"left_foot_pose": [0.9952018419719535, 0.09773721206722889, 0.004553143195317645, 0.006977256586990265, -0.09784320996181331, 0.9941236961774199, 0.04631180155115933, -0.0001709768850620963, -1.1731335556494742e-09, -0.04653508435439927, 0.9989166561451112, 2.4797087994077316e-09, 0.0, 0.0, 0.0, 1.0], "right_foot_pose": [0.9987997401826039, 0.048945495154752564, 0.0018486522708217317, -5.874141066142605e-10, -0.04898039415074478, 0.9980880867784312, 0.03769737417657252, -0.14245000023279777, -1.162996636249853e-09, -0.03774267524999974, 0.9992874913982326, 2.693979012091674e-09, 0.0, 0.0, 0.0, 1.0]}, {"left_foot_pose": [0.9952018419738475, 0.097582972024667, 0.007131430620532802, 0.006977257341119381, -0.09784320994255222, 0.9925548602302474, 0.07253658181533053, -0.00017097646406212356, -8.887544655519411e-10, -0.07288630189649936, 0.9973402563798642, 1.832058789397184e-09, 0.0, 0.0, 0.0, 1.0], "right_foot_pose": [0.9987059604920417, 0.05074756068683774, 0.0033300993984333085, -0.0001334342242916287, -0.05085670532992772, 0.9965636565490188, 0.06537946136696036, -0.14244016358131217, -8.078497817875384e-07, -0.06546421564476818, 0.9978549175453123, 0.004375576404214286, 0.0, 0.0, 0.0, 1.0]}, {"left_foot_pose": [0.9952018419737313, 0.09740735579994815, 0.009225007759099143, 0.006977257587145078, -0.09784320994373122, 0.9907685982341736, 0.09383118362782288, -0.00017097642285354361, -5.174166079503945e-10, -0.0942835711518911, 0.9955453822959791, 1.3011479671476422e-09, 0.0, 0.0, 0.0, 1.0], "right_foot_pose": [0.9983705004243448, 0.056813981626419284, 0.005339978857278105, -0.0005749819958640231, -0.05706438361611138, 0.9939932392647509, 0.0933868107308565, -0.1424076439639488, -2.226332938672522e-06, -0.09353935956441259, 0.9956155825454537, 0.016515925859501297, 0.0, 0.0, 0.0, 1.0]}, {"left_foot_pose": [0.995201841972836, 0.09724832918921843, 0.010772938493319917, 0.006977257571222824, -0.09784320995283924, 0.9891510755351313, 0.1095758004023639, -0.00017097669859701074, -1.8864031552032262e-10, -0.11010409727889155, 0.9939200610523974, 6.680713066087307e-10, 0.0, 0.0, 0.0, 1.0], "right_foot_pose": [0.9977761243806472, 0.06616523320744445, 0.008060243826309748, -0.001257419850386522, -0.06665437420494516, 0.9904610649812416, 0.120598810755211, -0.14235739862349672, -3.9092460562557895e-06, -0.12086786450843166, 0.9926686049804786, 0.03021719670066874, 0.0, 0.0, 0.0, 1.0]}, {"left_foot_pose": [0.9952018419718585, 0.09713685965386043, 0.011735596806614816, 0.006977257383550959, -0.09784320996278252, 0.9880172745932546, 0.11936737983845203, -0.00017097701619966325, 5.001956683740846e-11, -0.11994288474897033, 0.9927807937294598, 1.4252719837681838e-10, 0.0, 0.0, 0.0, 1.0], "right_foot_pose": [0.9969037133530276, 0.07784563346161098, 0.01109250440182815, -0.0021103827615779683, -0.07863196725444392, 0.9869440936797016, 0.14056446804384182, -0.14229460438335212, -5.3516464332094136e-06, -0.14100146560129348, 0.9900093871623883, 0.03916126927031834, 0.0, 0.0, 0.0, 1.0]}, {"left_foot_pose": [0.9952018419709391, 0.09712204208746048, 0.011857600027521646, 0.0069772571543401515, -0.0978432099721338, 0.9878665591640265, 0.12060832287937952, -0.00017097703323475533, 7.165796766151299e-11, -0.12118981073584284, 0.9926293516584183, 6.614903069745992e-12, 0.0, 0.0, 0.0, 1.0], "right_foot_pose": [0.9957587727263209, 0.09104863453713684, 0.01321410940977476, -0.003063514465495302, -0.09200253531579423, 0.9854436494215886, 0.14295575298016794, -0.14222442514414502, -5.83409255206777e-06, -0.14356517670933894, 0.9896408641534461, 0.04000000000312687, 0.0, 0.0, 0.0, 1.0]}, {"left_foot_pose": [0.9952018419715863, 0.09716259844372137, 0.011520555543362811, 0.00697725702412331, -0.0978432099655541, 0.9882790739794465, 0.11718011007831262, -0.00017097702741865946, 1.7006496538101443e-11, -0.11774506952731917, 0.993043855326646, 1.2860895681754414e-10, 0.0, 0.0, 0.0, 1.0], "right_foot_pose": [0.9943902241872322, 0.1047427667871887, 0.014732102586876253, -0.004046448527695542, -0.10577373024157548, 0.9847054306747164, 0.13844541447987263, -0.14215204914920213, -5.625660933004029e-06, -0.1392270361872505, 0.9902604871259207, 0.04000000015979703, 0.0, 0.0, 0.0, 1.0]}, {"left_foot_pose": [0.9952018419729298, 0.09726847840397723, 0.010589468478804343, 0.006977256891548788, -0.09784320995188438, 0.9893560211253768, 0.10770965476351266, -0.0001709768060150687, -1.7175813444912889e-10, -0.10822895440656687, 0.9941259947451643, 5.73502648149038e-10, 0.0, 0.0, 0.0, 1.0], "right_foot_pose": [0.9928993357604603, 0.11801264884283963, 0.014964082315089743, -0.0049888210677065834, -0.11895759338730912, 0.9850171501524406, 0.12486114239852139, -0.14208265457616923, -4.683564663704633e-06, -0.12575463656923705, 0.992061374794626, 0.03835347508543465, 0.0, 0.0, 0.0, 1.0]}, {"left_foot_pose": [0.99520184197451, 0.09742481604006038, 0.009038747153428969, 0.006977256858770746, -0.09784320993581092, 0.9909461932550502, 0.09193665396773086, -0.00017097632755129662, -4.8334084670106e-10, -0.09237990740894876, 0.9957238335538198, 1.478218984718449e-09, 0.0, 0.0, 0.0, 1.0], "right_foot_pose": [0.991438799701361, 0.12993441698384034, 0.012890063219173235, -0.005820269808185117, -0.13057222689861114, 0.9865982152147673, 0.09785118955727015, -0.14202142048076064, -3.0760997428143385e-06, -0.09869655018340179, 0.9951175764563868, 0.028272573718640066, 0.0, 0.0, 0.0, 1.0]}, {"left_foot_pose": [0.9952018419754675, 0.0975987240159919, 0.0069125103318314505, 0.0069772568838553355, -0.09784320992607184, 0.9927150800739344, 0.07030985752485742, -0.00017097607117198127, -8.67403855230961e-10, -0.07064884191728456, 0.9975012486888162, 2.3727589892885703e-09, 0.0, 0.0, 0.0, 1.0], "right_foot_pose": [0.9902020581815446, 0.13932898676889632, 0.009344379004792685, -0.0064704230332042366, -0.1396419849859874, 0.9879832977480315, 0.06625042943330758, -0.14197354605007548, -1.4851786156556361e-06, -0.06690617921296316, 0.9977592711575859, 0.014400776187439138, 0.0, 0.0, 0.0, 1.0]}, {"left_foot_pose": [0.9952018419749306, 0.09774928629547323, 0.004286112274799039, 0.0069772568954031625, -0.09784320993153538, 0.9942465082239489, 0.04359572404238775, -0.00017097630123203908, -1.2523971795777098e-09, -0.04380591185230861, 0.9990400603012819, 2.914948150911645e-09, 0.0, 0.0, 0.0, 1.0], "right_foot_pose": [0.9894030021579092, 0.14510418338851394, 0.005145413887032017, -0.00686891793607248, -0.1451953832626295, 0.9887816295411722, 0.03505980263952518, -0.14194421332535795, -3.6669611261089207e-07, -0.03543536432798264, 0.9993719702667314, 0.0030562004199276016, 0.0, 0.0, 0.0, 1.0]}, {"left_foot_pose": [0.9952018419693325, 0.0978343908560402, 0.0013136615533424613, 0.006977257688893179, -0.0978432099884765, 0.9951121392966664, 0.013361754509198097, -0.00017097694800429636, -1.445483256241143e-09, -0.013426175562713704, 0.9999098648427069, 3.074791178614422e-09, 0.0, 0.0, 0.0, 1.0], "right_foot_pose": [0.989214942195145, 0.14646964459293205, 0.0006643422881088167, -0.006960507564883008, -0.1464711512136625, 0.9892047670503498, 0.004486725644315532, -0.14193747964909492, -1.447841392638183e-09, -0.004535643028626441, 0.999989713918257, 3.0891294314217e-09, 0.0, 0.0, 0.0, 1.0]}, {"left_foot_pose": [0.9952018419646658, 0.09782748920294232, -0.0017538832303393582, 0.006977258571842882, -0.09784321003594164, 0.9950419389671987, -0.017839449158010875, -0.0001709770784672441, -1.149653137878377e-09, 0.017925458226971742, 0.9998393260656203, 3.0869760220264553e-09, 0.0, 0.0, 0.0, 1.0], "right_foot_pose": [0.9892149421938162, 0.14641819384526053, -0.0039383564562034765, -0.006960506696908487, -0.1464711512226363, 0.9888572863705717, -0.02659829038387535, -0.14193747952035618, -1.1593374653093739e-09, 0.026888281888604645, 0.9996384447874535, 2.9957666625168855e-09, 0.0, 0.0, 0.0, 1.0]}, {"left_foot_pose": [0.9951949508776943, 0.09780442664684404, -0.004615612183323613, 0.006982233178801502, -0.09791327666630009, 0.9940886497938483, -0.0469121157433012, -0.00017159157304086868, 1.151002280422283e-07, 0.04713863043541316, 0.9988883568851233, 0.00017677985293666765, 0.0, 0.0, 0.0, 1.0], "right_foot_pose": [0.9892149421891231, 0.14624000052184424, -0.008225594029645879, -0.006960508351281061, -0.1464711512543324, 0.9876538305346597, -0.05555279363312204, -0.14193747957445643, -1.1180949378750411e-09, 0.056158465769505936, 0.9984218681110782, 2.2572764907247134e-09, 0.0, 0.0, 0.0, 1.0]}, {"left_foot_pose": [0.9948738895901532, 0.10084000058813443, -0.00756