{"LoopMode": "Wrap", "FrameDuration": 0.0167, "EnableCycleOffsetPosition": true, "EnableCycleOffsetRotation": false, "Debug_info": [{"left_foot_pose": [1.0000000000000007, -1.0658006258607588e-13, 9.142298029729549e-12, -1.722971572819902e-12, 2.7245352964101267e-14, 0.9999620375649145, 0.008713405133775453, 1.0063824773531849e-13, -9.143051227951343e-12, -0.00871340513377572, 0.9999620375649145, 2.138260402073655e-11, 0.0, 0.0, 0.0, 1.0], "right_foot_pose": [0.9999999999999998, 2.0330993004855253e-13, 9.115097565626227e-12, -1.4263834224087668e-12, -7.482640223092434e-14, 0.9999007561195519, -0.014088218891978622, -0.14000000000225418, -9.11728671130482e-12, 0.014088218891978437, 0.9999007561195519, 1.646403846589095e-11, 0.0, 0.0, 0.0, 1.0]}, {"left_foot_pose": [1.0000000000000007, -1.499402566464662e-13, 2.0025481273222574e-11, -3.673529773327129e-12, 3.7084552872631565e-14, 0.9999840273199926, 0.005652000078677357, 1.1308575603719007e-12, -2.0026203881862947e-11, -0.005652000078677626, 0.9999840273199928, 4.535542080796873e-11, 0.0, 0.0, 0.0, 1.0], "right_foot_pose": [1.0, 5.283245331858379e-13, 2.0006163392594086e-11, -3.247816324708134e-12, -1.8508230377158995e-13, 0.9998529161651509, -0.017150686168299432, -0.1400000000040077, -2.0012318406275323e-11, 0.017150686168299248, 0.999852916165151, 3.7861956625473425e-11, 0.0, 0.0, 0.0, 1.0]}, {"left_foot_pose": [1.0000000000000007, -4.706668135872106e-14, 3.472994114517292e-11, -6.285663234849384e-12, -1.8863759756780958e-15, 0.9999989931392242, 0.0014190562140248466, 2.9221538383472634e-12, -3.473023288014902e-11, -0.0014190562140251166, 0.9999989931392244, 7.765300902295991e-11, 0.0, 0.0, 0.0, 1.0], "right_foot_pose": [0.9999999999999998, 1.1288810181796999e-12, 3.475775223193977e-11, -5.758099853849767e-12, -3.852344639053992e-13, 0.9997712852838804, -0.021386377014773306, -0.14000000000594884, -3.477391197974704e-11, 0.021386377014773125, 0.9997712852838803, 6.725757450976033e-11, 0.0, 0.0, 0.0, 1.0]}, {"left_foot_pose": [1.0000000000000007, 3.4820169940840056e-13, 5.300815342224042e-11, -9.516705140848949e-12, -1.3810599902016576e-13, 0.999992170461619, -0.003957147389334504, 5.611146963735436e-12, -5.3009446150024684e-11, 0.003957147389334231, 0.9999921704616193, 1.1803875932248076e-10, 0.0, 0.0, 0.0, 1.0], "right_foot_pose": [0.9999999999999998, 2.144215699482129e-12, 5.314687578916731e-11, -8.930020640928755e-12, -7.20754608237804e-13, 0.9996416673109121, -0.026768208305002084, -0.1400000000078534, -5.3185352172510854e-11, 0.026768208305001904, 0.9996416673109119, 1.0414911294498452e-10, 0.0, 0.0, 0.0, 1.0]}, {"left_foot_pose": [1.0000000000000004, 1.2165690375628237e-12, 7.502354293364987e-11, -1.3395220936837315e-11, -4.3140834726104225e-13, 0.9999452905958043, -0.010460201492967952, 9.423288538368269e-12, -7.50324312217405e-11, 0.010460201492967681, 0.9999452905958042, 1.6724661933142926e-10, 0.0, 0.0, 0.0, 1.0], "right_foot_pose": [1.0, 3.763911817550391e-12, 7.537120927381122e-11, -1.2809910367630228e-11, -1.253332448969464e-12, 0.9994460251932097, -0.03328126688534944, -0.1400000000095028, -7.545486146550575e-11, 0.03328126688534925, 0.9994460251932096, 1.488851611441966e-10, 0.0, 0.0, 0.0, 1.0]}, {"left_foot_pose": [1.0000000000000004, 2.7947918865072237e-12, 1.0135214889572805e-10, -1.802133690178346e-11, -9.598974805892509e-13, 0.9998362474692034, -0.018096360040147717, 1.469768577677666e-11, -1.0138621845707758e-10, 0.018096360040147447, 0.9998362474692035, 2.2704524371697232e-10, 0.0, 0.0, 0.0, 1.0], "right_foot_pose": [0.9999999999999998, 6.250488888810864e-12, 1.0205103428972958e-10, -1.752096298851223e-11, -2.0678831000654814e-12, 0.999161867426511, -0.0409336375218121, -0.14000000001064833, -1.0222137313021996e-10, 0.040933637521811915, 0.999161867426511, 2.0270304185165955e-10, 0.0, 0.0, 0.0, 1.0]}, {"left_foot_pose": [1.0000000000000004, 5.4082014944944365e-12, 1.329401033700605e-10, -2.355992129708229e-11, -1.830207698985773e-12, 0.9996382078885345, -0.026897087749413517, 2.1910187206208853e-11, -1.3303770077378626e-10, 0.02689708774941325, 0.9996382078885347, 3.002550499897616e-10, 0.0, 0.0, 0.0, 1.0], "right_foot_pose": [0.9999999999999998, 9.972302399534746e-12, 1.3419504396594556e-10, -2.325968669779085e-11, -3.2824965987160524e-12, 0.9987612527114377, -0.04975902010972026, -0.1400000000109611, -1.345249992699046e-10, 0.049759020109720074, 0.9987612527114378, 2.6768009336874954e-10, 0.0, 0.0, 0.0, 1.0]}, {"left_foot_pose": [1.0000000000000007, 9.51022470406776e-12, 1.7102480542874317e-10, -3.022870845684527e-11, -3.1896238286676163e-12, 0.9993183223462844, -0.036917348537078294, 3.1687050552897666e-11, -1.7125935974234084e-10, 0.03691734853707801, 0.9993183223462849, 3.9074653235271484e-10, 0.0, 0.0, 0.0, 1.0], "right_foot_pose": [1.0, 1.544323820452453e-11, 1.7312701272587098e-10, -3.0286660722404795e-11, -5.0599217997891375e-12, 0.9982094732408767, -0.059815111235972704, -0.14000000000997112, -1.7374102807725716e-10, 0.059815111235972517, 0.9982094732408765, 3.466308559629816e-10, 0.0, 0.0, 0.0, 1.0]}, {"left_foot_pose": [1.0000000000000007, 1.571562646625051e-11, 2.1691837215342934e-10, -3.8264538337641266e-11, -5.235145906506872e-12, 0.9988362843902548, -0.048229420331067384, 4.477155451931836e-11, -2.174242074550937e-10, 0.0482294203310671, 0.9988362843902552, 5.032066152654835e-10, 0.0, 0.0, 0.0, 1.0], "right_foot_pose": [0.9999999999999998, 2.335279092625362e-11, 2.20277629470189e-10, -3.889270231844507e-11, -7.614703059058583e-12, 0.9974636644415897, -0.07117751132735559, -0.14000000000700474, -2.2138119397472396e-10, 0.07117751132735542, 0.9974636644415896, 4.4275836469376273e-10, 0.0, 0.0, 0.0, 1.0]}, {"left_foot_pose": [1.0000000000000007, 2.477619107278054e-11, 2.7135477198569855e-10, -4.7818537615589096e-11, -8.202228277116916e-12, 0.9981433974375189, -0.06090778400079939, 6.182765063811324e-11, -2.7236030301074803e-10, 0.06090778400079911, 0.9981433974375193, 6.419701367721409e-10, 0.0, 0.0, 0.0, 1.0], "right_foot_pose": [0.9999999999999998, 3.4523805685740806e-11, 2.7652286016532897e-10, -4.928394020061434e-11, -1.1194858111337861e-11, 0.9964721042522005, -0.083924641477887, -0.14000000000116047, -2.784448634313731e-10, 0.08392464147788686, 0.9964721042522003, 5.584510909262264e-10, 0.0, 0.0, 0.0, 1.0]}, {"left_foot_pose": [1.0000000000000004, 3.732449741749845e-11, 3.326104391909717e-10, -5.864537414302252e-11, -1.2275675355275763e-11, 0.9971840789425104, -0.07499275100686713, 8.276873630919113e-11, -3.344731436985448e-10, 0.07499275100686682, 0.9971840789425109, 8.068447576725646e-10, 0.0, 0.0, 0.0, 1.0], "right_foot_pose": [1.0, 4.9589906712819045e-11, 3.4025393613745765e-10, -6.123259531591081e-11, -1.597133801760097e-11, 0.9951764478890003, -0.09810115986588526, -0.13999999999147691, -3.4347769935139153e-10, 0.09810115986588508, 0.9951764478890003, 6.91530915863936e-10, 0.0, 0.0, 0.0, 1.0]}, {"left_foot_pose": [1.0000000000000004, 5.286157075845026e-11, 3.9145658936590073e-10, -6.924584898235082e-11, -1.7256164434225082e-11, 0.9959053255143586, -0.09040233742631124, 1.0484770517071862e-10, -3.9463281129466315e-10, 0.0904023374263109, 0.9959053255143585, 9.802439346340286e-10, 0.0, 0.0, 0.0, 1.0], "right_foot_pose": [1.0, 6.777605084689197e-11, 4.0213044005810125e-10, -7.310645870013189e-11, -2.1643370517844172e-11, 0.9935232610539002, -0.11362891245111889, -0.1399999999777764, -4.0722749242113675e-10, 0.11362891245111867, 0.9935232610539001, 8.24582263581064e-10, 0.0, 0.0, 0.0, 1.0]}, {"left_foot_pose": [1.0000000000000002, 6.669926479093678e-11, 4.1916803361630054e-10, -7.475318626580848e-11, -2.1585154594069946e-11, 0.9942893050840792, -0.10671821679272894, 1.1813524984638502e-10, -4.238924650579722e-10, 0.10671821679272865, 0.9942893050840789, 1.0925186935684117e-09, 0.0, 0.0, 0.0, 1.0], "right_foot_pose": [0.9999999999999999, 8.328390989099312e-11, 4.324854363524362e-10, -7.949413063831315e-11, -2.631410548255194e-11, 0.9915021881240561, -0.13009001093554073, -0.1399999999633742, -4.396447839457381e-10, 0.13009001093554054, 0.9915021881240561, 8.980818172465987e-10, 0.0, 0.0, 0.0, 1.0]}, {"left_foot_pose": [1.0000000000000004, 6.352026600611513e-11, 3.4792163594587914e-10, -6.320405193005343e-11, -2.0362401092743033e-11, 0.9924481271661694, -0.12266505160135767, 9.88841057647516e-11, -3.5308600045362366e-10, 0.12266505160135738, 0.9924481271661696, 9.541493983800109e-10, 0.0, 0.0, 0.0, 1.0], "right_foot_pose": [0.9999999999999998, 7.779747459839094e-11, 3.6047553830798015e-10, -6.715262299276137e-11, -2.4260640331232123e-11, 0.9892553092322168, -0.14619826659667015, -0.1399999999608077, -3.679761724997766e-10, 0.14619826659667, 0.9892553092322168, 7.624326031629991e-10, 0.0, 0.0, 0.0, 1.0]}, {"left_foot_pose": [1.0000000000000004, 1.3188554152722652e-10, 6.510199601628106e-10, -2.4908753641212545e-09, -3.909879503137212e-11, 0.9900785918852886, -0.14051470346709363, -1.3454452975347753e-08, -6.630930641989484e-10, 0.14051470346709344, 0.9900785918852887, 0.005517079684860156, 0.0, 0.0, 0.0, 1.0], "right_foot_pose": [0.9999999999999996, 5.611943938483658e-11, 2.3806434601425477e-10, 3.637961296938035e-11, -1.7316913111080918e-11, 0.9871240874783506, -0.15995635629769062, -0.14000000029312407, -2.439757237179807e-10, 0.15995635629769048, 0.9871240874783506, 4.951637017081012e-10, 0.0, 0.0, 0.0, 1.0]}, {"left_foot_pose": [1.0000000000000007, 1.971531670198935e-10, 8.33999758143019e-10, -4.15833414388635e-09, -5.893253035360768e-11, 0.986694312826787, -0.1625863863774453, -1.9582311130278418e-08, -8.549573679267595e-10, 0.162586386377445, 0.9866943128267872, 0.018168995780132986, 0.0, 0.0, 0.0, 1.0], "right_foot_pose": [1.0, 2.695160519680913e-11, 1.0722944754348859e-10, 9.848811900918996e-11, -8.308944975685501e-12, 0.9854111522768526, -0.17019066063802066, -0.14000000033096993, -1.1025192172983474e-10, 0.1701906606380205, 0.9854111522768525, 4.4508605828719183e-10, 0.0, 0.0, 0.0, 1.0]}, {"left_foot_pose": [1.0000000000000004, 1.4855844438521192e-10, 5.554990356593211e-10, -3.0562277608721543e-09, -4.3713129354074435e-11, 0.9828951988033731, -0.1841657627499716, -1.1937248616672447e-08, -5.733566871370226e-10, 0.18416576274997135, 0.9828951988033731, 0.031638525190980725, 0.0, 0.0, 0.0, 1.0], "right_foot_pose": [0.9999999999999998, 4.867146904566929e-12, 1.831995666279338e-11, 7.499516269696668e-11, -1.5669545983836452e-12, 0.9843916498091275, -0.17599170374214873, -0.14000000013853378, -1.889072236008867e-11, 0.17599170374214856, 0.9843916498091276, 2.2684704809039502e-10, 0.0, 0.0, 0.0, 1.0]}, {"left_foot_pose": [1.0000000000000004, 5.721253125433004e-13, 4.0120129440879185e-12, -1.1445660972545837e-10, 2.235988153120318e-13, 0.980704879919107, -0.19549408815319985, -4.498313076195526e-10, -4.046641414408716e-12, 0.1954940881531996, 0.9807048799191069, 0.039607547470311935, 0.0, 0.0, 0.0, 1.0], "right_foot_pose": [0.9999999999999998, 1.847594741316579e-12, 6.818767772642777e-12, 1.478131990821487e-11, -6.137582466117349e-13, 0.9842679871777611, -0.17668200082928295, -0.13999999998183438, -7.038029899979187e-12, 0.17668200082928284, 0.9842679871777609, 2.1637344693736793e-11, 0.0, 0.0, 0.0, 1.0]}, {"left_foot_pose": [1.0000000000000002, 3.6493293754844737e-11, 1.3126078002301194e-10, 1.2651901757291851e-11, -1.0863676566647942e-11, 0.9817492198976924, -0.19018009683001438, 6.099008104110126e-11, -1.3580579813946398e-10, 0.19018009683001413, 0.9817492198976924, 0.04000000022337701, 0.0, 0.0, 0.0, 1.0], "right_foot_pose": [0.9999999999999998, 2.1128488722562727e-11, 8.299311238246777e-11, -7.79164302731106e-12, -6.540677074762716e-12, 0.9851008659295319, -0.17197756814447276, -0.13999999998109935, -8.53902909426144e-11, 0.1719775681444726, 0.9851008659295317, 1.6192130275483052e-10, 0.0, 0.0, 0.0, 1.0]}, {"left_foot_pose": [1.0000000000000007, 9.927901220252326e-11, 3.7944092312613815e-10, 9.81487614049658e-12, -3.0132137468381014e-11, 0.9840211083997843, -0.17805184139362581, 1.6196615923447233e-10, -3.91054963448298e-10, 0.1780518413936256, 0.9840211083997842, 0.040000000646095206, 0.0, 0.0, 0.0, 1.0], "right_foot_pose": [0.9999999999999998, 5.7348265499754435e-11, 2.3875745824852825e-10, -3.0842658086978826e-11, -1.7843373533736147e-11, 0.9867453303780935, -0.1622764708053116, -0.13999999995496767, -2.4489912832057774e-10, 0.1622764708053114, 0.9867453303780934, 4.732871664026028e-10, 0.0, 0.0, 0.0, 1.0]}, {"left_foot_pose": [1.0000000000000007, 3.374738293362785e-10, 1.4550131655077736e-09, -1.942517100187355e-09, -1.0566802737100462e-10, 0.9876845243497651, -0.15645855796337807, -8.508868939299807e-09, -1.4898949761399147e-09, 0.15645855796337776, 0.9876845243497651, 0.03757000666839059, 0.0, 0.0, 0.0, 1.0], "right_foot_pose": [0.9999999999999999, 1.1013701766264409e-10, 5.050803109085671e-10, -9.56794655315897e-11, -3.454276196405432e-11, 0.9890934383770116, -0.1472894095294734, -0.14000000026815185, -5.157938085054486e-10, 0.1472894095294732, 0.9890934383770114, 1.0273382908265738e-09, 0.0, 0.0, 0.0, 1.0]}, {"left_foot_pose": [1.0000000000000004, 4.064037291526118e-10, 2.2474101468716797e-09, -4.630818190792056e-09, -1.3083683489089278e-10, 0.9926182986318134, -0.12128030846466738, -2.1866620444899176e-08, -2.280109388494127e-09, 0.12128030846466711, 0.9926182986318136, 0.02671518665040564, 0.0, 0.0, 0.0, 1.0], "right_foot_pose": [1.0, 1.6045998011519304e-10, 8.548183827450365e-10, -1.4448468798681336e-10, -5.096163750862494e-11, 0.991955714585256, -0.12658538739386255, -0.14000000076604824, -8.682539674758109e-10, 0.12658538739386235, 0.991955714585256, 1.9578396751041005e-09, 0.0, 0.0, 0.0, 1.0]}, {"left_foot_pose": [1.0000000000000004, 2.6322427515973314e-10, 2.096041562538171e-09, -4.038913968214339e-09, -8.743950013502654e-11, 0.9965138771358492, -0.08342716988894319, -2.1758022435841573e-08, -2.1106945626353196e-09, 0.08342716988894293, 0.9965138771358494, 0.012812779556219484, 0.0, 0.0, 0.0, 1.0], "right_foot_pose": [0.9999999999999998, 1.8466384597861094e-10, 1.2344317235069005e-09, -1.9864666244893003e-10, -5.950251504731814e-11, 0.9949236728720756, -0.10063242598059136, -0.14000000094828136, -1.2467486318363322e-09, 0.10063242598059113, 0.9949236728720755, 2.827079813305655e-09, 0.0, 0.0, 0.0, 1.0]}, {"left_foot_pose": [1.0000000000000004, 1.287453590118615e-10, 1.7707019739354714e-09, -1.6521619994032335e-09, -4.381116853713171e-11, 0.9988529605338488, -0.047882807277415174, -9.352613730348458e-09, -1.7748357995003682e-09, 0.0478828072774149, 0.998852960533849, 0.0021809028873584005, 0.0, 0.0, 0.0, 1.0], "right_foot_pose": [1.0, 1.6401848300152307e-10, 1.5661299479496896e-09, -2.860014682630782e-10, -5.357828009718967e-11, 0.9975287786289838, -0.07025906209855137, -0.1400000005860201, -1.5737837265491017e-09, 0.0702590620985512, 0.9975287786289838, 3.3220698969493867e-09, 0.0, 0.0, 0.0, 1.0]}, {"left_foot_pose": [1.0000000000000004, 3.605253399256467e-11, 1.6809019176555746e-09, -2.1733254904589891e-10, -1.1823825343380583e-11, 0.9998961462521667, -0.014411686579528559, 3.3055262173287137e-10, -1.6812472195480111e-09, 0.014411686579528288, 0.9998961462521667, 3.5369931566942014e-09, 0.0, 0.0, 0.0, 1.0], "right_foot_pose": [0.9999999999999998, 9.432859646575061e-11, 1.693157558602109e-09, -3.1291050276169945e-10, -3.120120782600792e-11, 0.999306158877112, -0.03724514505640004, -0.14000000010836464, -1.6954962002586218e-09, 0.03724514505639986, 0.9993061588771119, 3.4544980209716414e-09, 0.0, 0.0, 0.0, 1.0]}, {"left_foot_pose": [1.0000000000000004, -4.271987018765639e-11, 1.540463978599861e-09, -2.1381663890094147e-10, 1.4097693978119585e-11, 0.9998274575561925, 0.018575659254003646, 2.0469598932537636e-10, -1.5409920197450395e-09, -0.018575659254003916, 0.9998274575561927, 3.173437700121351e-09, 0.0, 0.0, 0.0, 1.0], "right_foot_pose": [0.9999999999999998, 9.928005747200862e-12, 1.5378546214250832e-09, -3.081139471129133e-10, -3.417328767034115e-12, 0.9999910386035367, -0.004233522483676237, -0.14000000019635583, -1.5378830003641059e-09, 0.0042335224836760575, 0.9999910386035369, 3.226690026281176e-09, 0.0, 0.0, 0.0, 1.0]}, {"left_foot_pose": [1.0000000000000004, -8.368122865808494e-11, 1.1529348031835714e-09, -1.7435658402186184e-10, 2.7550712481499436e-11, 0.9988183502916445, 0.04859941481827439, 3.4468737586390574e-10, -1.1556395700326555e-09, -0.048599414818274664, 0.9988183502916448, 2.402425543224229e-09, 0.0, 0.0, 0.0, 1.0], "right_foot_pose": [0.9999999942897985, -0.0001068291709253271, -2.8162220369049333e-06, 4.190812456104837e-05, 0.00010686627053796555, 0.9996662690267524, 0.025832908270905827, -0.14000533973276139, 5.557400330467828e-08, -0.025832908424354043, 0.9996662747348917, 0.000509636752252407, 0.0, 0.0, 0.0, 1.0]}, {"left_foot_pose": [1.0000000000000002, -8.032540643327014e-11, 7.251845235423122e-10, -9.422762578285165e-11, 2.670043766568712e-11, 0.9972844241027494, 0.07364629958149926, 7.704912558664789e-10, -7.291311030684882e-10, -0.07364629958149951, 0.9972844241027495, 1.799401433411063e-09, 0.0, 0.0, 0.0, 1.0], "right_foot_pose": [0.9999978720157441, -0.002059980624648787, -0.00011155182540838371, 0.0008090134335908747, 0.002062998726837827, 0.998547604292414, 0.05383703184735637, -0.14010313500355498, 4.865655216623043e-07, -0.05383714741427417, 0.9985497291362393, 0.00878041518208545, 0.0, 0.0, 0.0, 1.0]}, {"left_foot_pose": [1.0000000000000007, -5.1567770887428094e-11, 3.5817299126606026e-10, -6.559957905356192e-11, 1.8018839219601216e-11, 0.9956620785404169, 0.09304313707403611, 6.826170583645874e-10, -3.614175485425017e-10, -0.0930431370740364, 0.9956620785404167, 1.1412128950172296e-09, 0.0, 0.0, 0.0, 1.0], "right_foot_pose": [0.9999814714621349, -0.006066925779917168, -0.0004991432702870071, 0.0023872194464375877, 0.006087424006852885, 0.9966300361292245, 0.08180167696338013, -0.14030435411272577, 1.1764726900512287e-06, -0.08180319979463767, 0.9966485019815033, 0.02232866634380333, 0.0, 0.0, 0.0, 1.0]}, {"left_foot_pose": [1.0000000000000007, -1.8175692778418012e-11, 8.848771715364061e-11, -7.451513543981252e-11, 8.656135075026935e-12, 0.9943215339486875, 0.10641751324819614, 3.232333463387693e-10, -8.991963591233804e-11, -0.10641751324819639, 0.9943215339486877, 4.408163487013006e-10, 0.0, 0.0, 0.0, 1.0], "right_foot_pose": [0.9999319682918348, -0.011596611832895233, -0.0012559386982972842, 0.004574351759789374, 0.011664423868593126, 0.9941368243747167, 0.10749844481650478, -0.1405832212628663, 1.9571719576351374e-06, -0.10750578131500894, 0.9942044593442634, 0.034836262670011185, 0.0, 0.0, 0.0, 1.0]}, {"left_foot_pose": [1.0000000000000007, 2.3222583063755645e-12, -5.749029030610592e-11, -7.281875240666209e-11, 4.2139973776521435e-12, 0.993546318577579, 0.1134271256840307, 4.688100602168177e-11, 5.7382408997629205e-11, -0.11342712568403096, 0.993546318577579, 7.20649095953263e-11, 0.0, 0.0, 0.0, 1.0], "right_foot_pose": [0.9998329419101472, -0.018138645586653866, -0.002253399117303728, 0.007168233874244571, 0.018278081543902938, 0.99222263866873, 0.12312654891751372, -0.14091394921422296, 2.5247850224159318e-06, -0.12314716744425863, 0.9923884194931344, 0.040000000746806826, 0.0, 0.0, 0.0, 1.0]}, {"left_foot_pose": [1.0000000000000007, 1.7144365439395306e-13, -6.519945694449804e-11, 6.283870648338624e-11, 7.272092451367458e-12, 0.9934642284069288, 0.11414388672121875, 6.196459664820075e-11, 6.479264092475958e-11, -0.11414388672121904, 0.9934642284069288, 4.9706599947185737e-11, 0.0, 0.0, 0.0, 1.0], "right_foot_pose": [0.9996770533434668, -0.025206005609038417, -0.003232073600740748, 0.009966666810864853, 0.025412379093883768, 0.9915722159632795, 0.12703838600383643, -0.1412707493850053, 2.704112267152021e-06, -0.12707949406142663, 0.9918925356014028, 0.04000000056738565, 0.0, 0.0, 0.0, 1.0]}, {"left_foot_pose": [1.0000000000000004, -2.20197794243272e-11, 5.0932202899645496e-11, 1.7603697209648452e-10, 1.6347034257682736e-11, 0.9940618197858466, 0.10881681140362422, 7.078099478058375e-11, -5.302622713288257e-11, -0.10881681140362451, 0.9940618197858466, 2.61364326015201e-10, 0.0, 0.0, 0.0, 1.0], "right_foot_pose": [0.9994700619867909, -0.03230177967431105, -0.004023707493405919, 0.012767478315684703, 0.032551423712132335, 0.991814531754146, 0.12346796918884353, -0.14162785299195402, 2.536425915439321e-06, -0.12353351622606835, 0.9923404004485511, 0.04000000056199116, 0.0, 0.0, 0.0, 1.0]}, {"left_foot_pose": [1.0000000000000004, -5.920014792540619e-11, 3.070958487505505e-10, 1.0856898852369375e-10, 2.9076315958862742e-11, 0.9952667085819388, 0.09718116478245384, 4.3101101247083884e-10, -3.113956033367983e-10, -0.0971811647824541, 0.9952667085819392, 9.313182239290008e-10, 0.0, 0.0, 0.0, 1.0], "right_foot_pose": [0.9992321813904558, -0.03895049931608415, -0.004231580874610296, 0.015368485502549037, 0.03917968440135043, 0.9933925112400023, 0.10787154834567043, -0.14195947252308036, 1.970081481191854e-06, -0.1079545145665965, 0.9941558342537699, 0.03506671211843631, 0.0, 0.0, 0.0, 1.0]}, {"left_foot_pose": [1.0000000000000004, -9.008170081235023e-11, 6.608312230760322e-10, 1.2213406959881357e-11, 3.7458952442250837e-11, 0.996858478359187, 0.07920337191942789, 8.14365002516082e-10, -6.658900795545845e-10, -0.07920337191942817, 0.9968584783591871, 1.8789571565314134e-09, 0.0, 0.0, 0.0, 1.0], "right_foot_pose": [0.9989967735941618, -0.04463385360970523, -0.003642177975043065, 0.017567503308206778, 0.044782210162890995, 0.9956893850980111, 0.08122316206643986, -0.14223984027080686, 1.1752229970405319e-06, -0.08130478162501835, 0.9966892858275974, 0.02265968197505861, 0.0, 0.0, 0.0, 1.0]}, {"left_foot_pose": [1.0000000000000004, -1.0253406100434716e-10, 1.0100602576557117e-09, -1.3941784853384918e-10, 3.6749047866640625e-11, 0.9978907324592163, 0.06491599242104829, 8.506599955687699e-10, -1.0145860643228444e-09, -0.06491599242104854, 0.9978907324592167, 2.566286891325653e-09, 0.0, 0.0, 0.0, 1.0], "right_foot_pose": [0.9988063889850801, -0.048752343039999785, -0.0030010615946272816, 0.019162364210709878, 0.048844624292421465, 0.996920070221268, 0.0613561428689432, -0.1424431871291537, 5.628108962660891e-07, -0.061429493227049985, 0.9981114253236211, 0.009063335571864707, 0.0, 0.0, 0.0, 1.0]}, {"left_foot_pose": [1.0000000000000002, -6.804895595482704e-11, 1.389406423246699e-09, -3.3587675243506104e-10, 1.709107409262414e-11, 0.9993284068165804, 0.03664335314127432, 3.909285933162421e-10, -1.390967096826155e-09, -0.03664335314127459, 0.9993284068165806, 3.2088559726028976e-09, 0.0, 0.0, 0.0, 1.0], "right_foot_pose": [0.9987061579333177, -0.05082850557708465, -0.0015726178400735087, 0.019950887919725963, 0.05085282790627657, 0.9982285322561635, 0.03088344675777363, -0.14254373438110723, 7.25525292827863e-08, -0.030923460519578054, 0.9995217554358129, 0.0005957976087073436, 0.0, 0.0, 0.0, 1.0]}, {"left_foot_pose": [1.0000000000000004, 6.723418316760379e-11, 9.917501264666829e-10, -1.9288848717196337e-09, -7.258757862014452e-11, 0.9999854239508373, 0.0053992486389565246, -3.206975743991203e-10, -9.91372704587643e-10, -0.005399248638956794, 0.9999854239508374, 3.755150808359975e-09, 0.0, 0.0, 0.0, 1.0], "right_foot_pose": [0.9986997818584625, -0.05097788135448904, 3.644813893133017e-05, 0.019999998461076463, 0.05097789438432305, 0.9986995266075789, -0.0007140293682819054, -0.14255000066143425, -1.0346765039125332e-09, 0.0007149590237204369, 0.9999997444167646, 3.3834685261857622e-09, 0.0, 0.0, 0.0, 1.0]}, {"left_foot_pose": [1.0000000000000004, 8.136375725604416e-11, 1.0639262804090762e-09, -1.5288009870060812e-09, -5.404762196377622e-11, 0.9996710010806286, -0.025649358636316035, -1.257499711998511e-10, -1.065663412131737e-09, 0.025649358636315768, 0.9996710010806287, 3.5264950751234814e-09, 0.0, 0.0, 0.0, 1.0], "right_foot_pose": [0.9986997818587203, -0.050951313069666035, 0.001646029107234711, 0.019999998871308766, 0.050977894379279624, 0.9981790323743891, -0.03224707138304495, -0.14255000047377794, -1.1119024103908849e-09, 0.03228905425380321, 0.9994785725444018, 3.0483266189040847e-09, 0.0, 0.0, 0.0, 1.0]}, {"left_foot_pose": [0.9999996179477537, -0.0008728082107615014, 4.806427869326607e-05, 0.0002802970709786508, 0.0008741304937891501, 0.9985166393551796, -0.05444039701103271, 7.141316421818006e-06, -4.76956525619117e-07, 0.05444041822640811, 0.9985170208179266, 0.002021438420246692, 0.0, 0.0, 0.0, 1.0], "right_foot_pose": [0.9986997818605956, -0.05088311024121953, 0.003107218012716511, 0.02000000034136724, 0.05097789434253493, 0.9968428829628837, -0.06087299051835562, -0.14255000048734323, -1.0745324025235663e-09, 0.06095224178343517, 0.9981406835820158, 2.624711718801631e-09, 0.0, 0.0, 0.0, 1.0]}, {"left_foot_pose": [0.9999813333048831, -0.006088571071882952, 0.0005121953643537686, 0.001959242631633448, 0.006110076802968279, 0.9964863320931552, -0.0835323704499795, 4.9953586724131235e-05, -1.802905652601655e-06, 0.08353394072970197, 0.9965049326234755, 0.012500282885521755, 0.0, 0.0, 0.0, 1.0], "right_foot_pose": [0.9986997818608069, -0.050794138733628036, 0.0043244862684269, 0.020000000794249174, 0.050977894338397986, 0.9950998563000117, -0.08472030618759126, -0.14255000061931103, -6.782352772760182e-10, 0.08483060451278768, 0.9963953876539147, 2.1127573926471577e-09, 0.0, 0.0, 0.0, 1.0]}, {"left_foot_pose": [0.9998847936802173, -0.015081092499625524, 0.0017204697289654547, 0.0048673719116330135, 0.015178911505150492, 0.9934675752059001, -0.11310074120017524, 0.00012412837590277705, -3.5481500346512277e-06, 0.11311382613777979, 0.9935820360311893, 0.026398319849827316, 0.0, 0.0, 0.0, 1.0], "right_foot_pose": [0.9986997818604272, -0.050706095802824404, 0.005257143746303809, 0.02000000080018191, 0.050977894345829056, 0.9933750206588235, -0.10299185705262061, -0.142550000332473, -3.069702404346735e-10, 0.10312594329031229, 0.9946683064320904, 1.3417212688104918e-09, 0.0, 0.0, 0.0, 1.0]}, {"left_foot_pose": [0.9996341405127803, -0.02678807661385592, 0.0037395283935552272, 0.008674064726253676, 0.027047829739099506, 0.9900610358265473, -0.13801289883366002, 0.00022123178887939465, -5.2612471696049975e-06, 0.13806355163255615, 0.9904233719389527, 0.0373974315180272, 0.0, 0.0, 0.0, 1.0], "right_foot_pose": [0.9986997818598647, -0.05063719790279243, 0.00588386791250777, 0.020000000453884413, 0.05097789435685244, 0.9920252521134753, -0.1152699156594528, -0.14254999992121153, -1.7822133043179222e-11, 0.11541998682095382, 0.993316780610421, 5.902914407274196e-10, 0.0, 0.0, 0.0, 1.0]}, {"left_foot_pose": [0.9991721205152025, -0.040230919103270264, 0.0060453894217231624, 0.013048694547760609, 0.040682595131802494, 0.9881015129424561, -0.14832507061913713, 0.00033281531679843143, -6.204516865964091e-06, 0.14844821746634812, 0.9889201821646522, 0.040000005254296415, 0.0, 0.0, 0.0, 1.0], "right_foot_pose": [0.9986997818595079, -0.05060064721940492, 0.006190332361676863, 0.020000000051226006, 0.05097789436383875, 0.9913091929921194, -0.12127381487997328, -0.1425499997771285, 1.4588597473216542e-10, 0.12143170257511011, 0.9925997892452475, 3.252856317637054e-10, 0.0, 0.0, 0.0, 1.0]}, {"left_foot_pose": [0.9984836761002637, -0.054442732712883204, 0.008144778453601838, 0.01766059221263435, 0.05504860145284246, 0.9875111512193371, -0.1476190289073424, 0.000450444248146456, -6.2762130051623565e-06, 0.147843549308768, 0.9890107607546016, 0.04000000532271673, 0.0, 0.0, 0.0, 1.0], "right_foot_pose": [0.9986997818595662, -0.05060042920204605, 0.006192114196573487, 0.019999999882531445, 0.05097789436270084, 0.9913049218155323, -0.12130872297838739, -0.14254999980094923, 1.6915142021081347e-10, 0.12146665611957254, 0.9925955125080556, 3.245976681887086e-10, 0.0, 0.0, 0.0, 1.0]}, {"left_foot_pose": [0.9976088584542682, -0.06850213899336041, 0.009166378069169291, 0.022179138290852916, 0.06911270147658574, 0.9888058619228491, -0.13223615965998442, 0.0005656903239717112, -5.308578419301901e-06, 0.13255347743588905, 0.9911758550284977, 0.03967750748113623, 0.0, 0.0, 0.0, 1.0], "right_foot_pose": [0.9986997818599745, -0.0506648458408078, 0.005640842912749218, 0.019999999673524303, 0.05097789435470178, 0.9925668986399458, -0.1105088503760685, -0.14254999999683435, -8.727418085364363e-11, 0.11065272305825358, 0.9938591323119156, 6.407383026929558e-10, 0.0, 0.0, 0.0, 1.0]}, {"left_foot_pose": [0.9966450460357482, -0.08137546740041393, 0.008757026765180038, 0.026273683656641483, 0.08184529429784644, 0.990928715226046, -0.10659094305689283, 0.0006701103030077697, -3.7014697145537072e-06, 0.10695005678270073, 0.9942643940826188, 0.03191398747438522, 0.0, 0.0, 0.0, 1.0], "right_foot_pose": [0.9986997818608276, -0.05073820858796685, 0.004937600674343978, 0.01999999936845168, 0.050977894337990465, 0.994004137333972, -0.09673173859603086, -0.14255000045795052, -3.6883898054155907e-10, 0.09685767472033431, 0.9952982421604941, 1.4543587584237017e-09, 0.0, 0.0, 0.0, 1.0]}, {"left_foot_pose": [0.9957385210407508, -0.09196773518739128, 0.006836183151537847, 0.029613585268488948, 0.09222146014796034, 0.9930005459410775, -0.07379104314821232, 0.0007552896621210153, -1.938486174394335e-06, 0.07410702696252852, 0.9972502938335083, 0.018501297115868905, 0.0, 0.0, 0.0, 1.0], "right_foot_pose": [0.9986997818614886, -0.050826728175207225, 0.0039229342103343605, 0.019999999259815417, 0.05097789432504073, 0.9957383110905756, -0.0768535628105368, -0.1425500007842638, -7.388505363288241e-10, 0.07695361933977964, 0.9970346736550882, 2.358102976773857e-09, 0.0, 0.0, 0.0, 1.0]}, {"left_foot_pose": [0.9950654783515751, -0.09913503863189776, 0.0041155690255544886, 0.03186822855562137, 0.09922043031845909, 0.9942093539668988, -0.04126822860436803, 0.0008128018313277984, -6.097851387462591e-07, 0.04147293816664817, 0.9991396275793764, 0.005757559738192759, 0.0, 0.0, 0.0, 1.0], "right_foot_pose": [0.9986997818614852, -0.05090990668170885, 0.002631940630172857, 0.01999999930965396, 0.05097789432509999, 0.9973678479565002, -0.05156190602371375, -0.1425500007297436, -1.1382664036986818e-09, 0.05162903508956007, 0.9986663320327371, 3.0787471946847056e-09, 0.0, 0.0, 0.0, 1.0]}, {"left_foot_pose": [0.9948025470073858, -0.10181709003541187, 0.0010828870390682953, 0.03270697580098982, 0.10182284845563198, 0.994746288021408, -0.010579697538771362, 0.0008342087713419707, -3.845607448355322e-09, 0.010634972701010872, 0.9999434470787083, 9.278732841858095e-07, 0.0, 0.0, 0.0, 1.0], "right_foot_pose": [0.9986997818604171, -0.05096542653172115, 0.001127390967944775, 0.019999999603404248, 0.05097789434602876, 0.9984555275249651, -0.022086508164233725, -0.142550000147241, -1.4344398433236592e-09, 0.022115262903328926, 0.9997554276655449, 3.496782703671375e-09, 0.0, 0.0, 0.0, 1.0]}, {"left_foot_pose": [0.9948025085697619, -0.10180235564364451, -0.002061389995711912, 0.032707098725036396, 0.10182322398799581, 0.9945986267560618, 0.020139580721732612, 0.0008342113521895358, -1.1002041302479453e-09, -0.02024480279878307, 0.9997950529781789, 4.178475364324807e-09, 0.0, 0.0, 0.0, 1.0], "right_foot_pose": [0.9986997818555632, -0.05097570289627404, -0.0004726900479534921, 0.02000000139824968, 0.05097789444112652, 0.9986568474426025, 0.009260417612166129, -0.1425500005136105, -1.1437867146566588e-09, -0.00927247379252985, 0.9999570096908001, 3.4436243648294784e-09, 0.0, 0.0, 0.0, 1.0]}, {"left_foot_pose": [0.9948025085674076, -0.1016956450289125, -0.005095559846294494, 0.032707097156401056, 0.10182322401099762, 0.9935560743380906, 0.049783111572999285, 0.0008342118101001984, -1.2055237368234725e-09, -0.050043210608801764, 0.9987470535986397, 3.256125487294259e-09, 0.0, 0.0, 0.0, 1.0], "right_foot_pose": [0.9986997818575165, -0.050938051307061236, -0.0020151046592699917, 0.019999999919387366, 0.050977894402854815, 0.9979192211743555, 0.039477617620865844, -0.1425500003257777, -1.2396886959111611e-09, -0.03952901389874431, 0.9992184230988702, 3.242668668301807e-09, 0.0, 0.0, 0.0, 1.0]}, {"left_foot_pose": [0.9948025085660187, -0.10152973071766325, -0.0077254599316686125, 0.03270709688040064, 0.10182322402456666, 0.9919351083032844, 0.0754769631384013, 0.0008342126293336407, -8.08816661248248e-10, -0.0758713035063419, 0.9971176185908307, 2.6349684378867977e-09, 0.0, 0.0, 0.0, 1.0], "right_foot_pose": [0.998598193917465, -0.052811230863293535, -0.003552604605183862, 0.02090324798514236, 0.052930587603372214, 0.9963474772415276, 0.06700789125472652, -0.1424807551198631, 8.594212956171648e-07, -0.0671020006344628, 0.9977461207692636, 0.004375577042112652, 0.0, 0.0, 0.0, 1.0]}, {"left_foot_pose": [0.9948025085666465, -0.10134585953109813, -0.009848132077272637, 0.03270709687763525, 0.10182322401843573, 0.9901387058314147, 0.0962152496488129, 0.0008342127916709033, -4.258107427340258e-10, -0.09671794027167269, 0.9953118305483997, 1.9349399651980015e-09, 0.0, 0.0, 0.0, 1.0], "right_foot_pose": [0.9982348052048716, -0.059125077241789385, -0.005612389753389631, 0.023892210512183806, 0.05939085512204587, 0.9937713581944948, 0.09429323390435286, -0.1422516446848764, 2.3374499696804006e-06, -0.09446011260538129, 0.9955286470620096, 0.01651592751129774, 0.0, 0.0, 0.0, 1.0]}, {"left_foot_pose": [0.9948025085678135, -0.10118116213963231, -0.01141671473148653, 0.032707096796136315, 0.10182322400703472, 0.9885296295173935, 0.11154013904876951, 0.000834212479593535, -1.103488512855483e-10, -0.11212289683324736, 0.9936943473753498, 1.0364786390271163e-09, 0.0, 0.0, 0.0, 1.0], "right_foot_pose": [0.9975909530338666, -0.06886296076234501, -0.008377533051251978, 0.028511854769294374, 0.069370673980347, 0.9902968059941866, 0.12041572002535418, -0.14189755436044527, 4.061219490037835e-06, -0.12070678801441052, 0.9926882044785013, 0.030217199317331814, 0.0, 0.0, 0.0, 1.0]}, {"left_foot_pose": [0.9948025085687681, -0.10106621320618372, -0.012393122828784688, 0.032707096686466285, 0.10182322399770688, 0.9874065904996452, 0.12107954448452363, 0.0008342120526960515, 1.002328826501744e-10, -0.12171214231139452, 0.9925654408722743, 3.1102692643614205e-10, 0.0, 0.0, 0.0, 1.0], "right_foot_pose": [0.9966459415395078, -0.08102895196839613, -0.011453215955838206, 0.0342858822800115, 0.08183438875129297, 0.9868461205952235, 0.13941975141227242, -0.14145498813080268, 5.525393727585674e-06, -0.13988939634247113, 0.990167135770729, 0.03916127286168754, 0.0, 0.0, 0.0, 1.0]}, {"left_foot_pose": [0.9948025085695417, -0.10105548624632348, -0.012480290191614786, 0.03270709678259002, 0.10182322399014801, 0.9873017892407665, 0.12193116098124418, 0.0008342119412710477, 7.488675999992168e-11, -0.12256820820058137, 0.9924600920634039, 1.7219733278173166e-10, 0.0, 0.0, 0.0, 1.0], "right_foot_pose": [0.9954057557731739, -0.09477847888788388, -0.013580180902160769, 0.04073797173953687, 0.09574644295053165, 0.9853514201913772, 0.14112121523412618, -0.140960439937194, 5.9964196997928706e-06, -0.14177312392176097, 0.989899177339545, 0.04000000434437638, 0.0, 0.0, 0.0, 1.0]}, {"left_foot_pose": [0.9948025085687667, -0.10109813203011221, -0.012129989501719176, 0.032707096909256064, 0.10182322399772006, 0.9877184340299376, 0.11850875972753518, 0.0008342119620632412, -2.2218029098019204e-12, -0.11912792610244897, 0.9928789136760486, 2.8335769841625336e-10, 0.0, 0.0, 0.0, 1.0], "right_foot_pose": [0.9939234117521646, -0.10901457256459705, -0.015233992894029437, 0.04739178861431079, 0.1100738458357992, 0.9843659047633317, 0.13750459629548342, -0.14045042772358926, 5.818407469704402e-06, -0.13834590166689217, 0.990383971729208, 0.040000004393522304, 0.0, 0.0, 0.0, 1.0]}, {"left_foot_pose": [0.9948025085674803, -0.10120952575895113, -0.011162474792663576, 0.03270709683504709, 0.10182322401028512, 0.9888067390449617, 0.10905624178111342, 0.0008342121459691335, -2.1231492856510344e-10, -0.10962602207011612, 0.9939729047036864, 7.291029238687408e-10, 0.0, 0.0, 0.0, 1.0], "right_foot_pose": [0.9923086191475631, -0.1227913323171139, -0.015680978070390407, 0.05377103035765749, 0.12378854689091694, 0.9843198102157118, 0.12566187518710756, -0.1399614567766619, 4.908282551670865e-06, -0.1266364873355744, 0.9919491922730799, 0.03835347911862782, 0.0, 0.0, 0.0, 1.0]}, {"left_foot_pose": [0.9948025085662573, -0.10137510633451356, -0.009542366894466353, 0.03270709664994974, 0.10182322402223673, 0.9904244439845125, 0.09322795614882623, 0.0008342125403711653, -5.421887865734753e-10, -0.09371503920735526, 0.9955990615837104, 1.61326947634155e-09, 0.0, 0.0, 0.0, 1.0], "right_foot_pose": [0.9907267667550542, -0.13516612399988617, -0.013805526354455401, 0.05939935512610097, 0.13586932554565342, 0.9856016507808024, 0.10064249775282016, -0.1395300373830462, 3.293233932916206e-06, -0.10158496395138714, 0.9948268668909932, 0.028272577083857983, 0.0, 0.0, 0.0, 1.0]}, {"left_foot_pose": [0.9948025085660057, -0.1015604190593746, -0.007310966507019506, 0.032707096488858084, 0.10182322402469193, 0.9922349302135306, 0.07142740589835428, 0.0008342127198981437, -9.334751818249598e-10, -0.07180058874852666, 0.9974190069651598, 2.5149355584175304e-09, 0.0, 0.0, 0.0, 1.0], "right_foot_pose": [0.9893873489472941, -0.1449323073031647, -0.010358573397238197, 0.06380045350662632, 0.14530200872782728, 0.9868707924267853, 0.07052209096862465, -0.139192694421125, 1.6441770169807285e-06, -0.071278786147841, 0.9974564324533611, 0.014400778414807074, 0.0, 0.0, 0.0, 1.0]}, {"left_foot_pose": [0.9948025085675076, -0.10172143471001949, -0.004551776392792077, 0.03270709635845487, 0.10182322401002047, 0.9938080369221658, 0.044470403653631536, 0.0008342124406302033, -1.3003521063533876e-09, -0.044702745658929344, 0.9990003325978196, 3.2099394114970536e-09, 0.0, 0.0, 0.0, 1.0], "right_foot_pose": [0.9885219789637312, -0.15095369819936794, -0.006105579871105424, 0.06649802442786208, 0.15107712303800783, 0.9877145059986228, 0.03994693398066198, -0.13898593632434644, 4.323901170246499e-07, -0.040410835673503044, 0.999183148556851, 0.0030562007051581908, 0.0, 0.0, 0.0, 1.0]}, {"left_foot_pose": [0.994802508574233, -0.10181294091142197, -0.0014470650922692677, 0.032707095608624025, 0.10182322394431455, 0.994702044211561, 0.014137691004121832, 0.0008342115207282345, -1.2934393310892721e-09, -0.014211555309300166, 0.9998990107484315, 3.734760549434224e-09, 0.0, 0.0, 0.0, 1.0], "right_foot_pose": [0.9883183147434945, -0.1523973003219639, -0.0014041357326540049, 0.06711804688713989, 0.15240376879388048, 0.9882763674761733, 0.00910564360829383, -0.13893842198619472, -1.342287263389475e-09, -0.009213269923158632, 0.9999575569279546, 3.6330689637265046e-09, 0.0, 0.0, 0.0, 1.0]}, {"left_foot_pose": [0.9948025085778214, -0.101808844961647, 0.0017111443099054318, 0.03270709476303071, 0.10182322390925395, 0.9946620278601597, -0.016717697384565626, 0.0008342111132563345, -8.081111321829608e-10, 0.01680504152601904, 0.999858785318862, 3.855923837170483e-09, 0.0, 0.0, 0.0, 1.0], "right_foot_pose": [0.9883183147431615, -0.1523654784350698, 0.0034160978453943863, 0.06711804606274352, 0.15240376879604076, 0.988070006935645, -0.022152937750045138, -0.13893842220705702, -8.627639669918348e-10, 0.022414780289948748, 0.999748757250817, 3.271626386469606e-09, 0.0, 0.0, 0.0, 1.0]}, {"left_foot_pose": [0.9947950444710336, -0.1017891461459921, 0.00466789275207479, 0.032730411139306824, 0.10189612110311641, 0.9937507189775291, -0.04557070370077691, 0.0008371985607549121, -1.1875951032327156e-07, 0.04580915037975214, 0.9989502098410471, 0.0001767801390553242, 0.0, 0.0, 0.0, 1.0], "right_foot_pose": [0.9883183147486002, -0.15219728584030173, 0.007930631458608842, 0.06711804765223259, 0.1524037687607717, 0.9869793006771039, -0.05142909004102457, -0.1389384215719143, -1.1734655209750362e-09, 0.05203696972134402, 0.9986451590941698, 2.8603433302465398e-09, 0.0, 0.0, 0.0, 1.0]}, {"left_foot_pose": [0.9944472873183401, -0.10494837846957887, 0.00777371222783387, 0.03379872774760702, 0.10523589094828646, 0.991731245513926, -0.07344755903172173, 0.0009741389723628199, -1.2310870487311832e-06, 0.07385779937152066, 0.997268