{"LoopMode": "Wrap", "FrameDuration": 0.005, "EnableCycleOffsetPosition": true, "EnableCycleOffsetRotation": false, "Debug_info": [{"left_foot_pose": [0.9804619560971973, 0.19656117224703867, 0.00761959388214506, 0.0542286893119162, -0.19670880164867738, 0.9797261223791162, 0.037978579250986216, -0.0026865140566827306, -1.110406987046608e-09, -0.038735393283820974, 0.9992495030307242, 3.250175933944277e-09, 0.0, 0.0, 0.0, 1.0], "right_foot_pose": [0.9951035011878175, 0.09872279938597005, 0.004778159179473903, 0.019999998094441668, -0.09883836261162399, 0.9939400124600575, 0.04810644143099822, -0.14494999961103322, -1.0278171536533213e-09, -0.04834315372727009, 0.9988307862134114, 3.9108794258613244e-09, 0.0, 0.0, 0.0, 1.0]}, {"left_foot_pose": [0.9804619561101249, 0.19646463080512172, 0.009798033645383014, 0.05422869061825596, -0.196708801584242, 0.9792449282663866, 0.04883664447779956, -0.0026865145775313484, -1.4271331319909244e-09, -0.04980983143082374, 0.9987587199583462, 3.1054918359085804e-09, 0.0, 0.0, 0.0, 1.0], "right_foot_pose": [0.995102564178194, 0.09867536370188418, 0.005836040120176772, 0.02000121203168881, -0.09884779595913572, 0.9933667255673532, 0.058750844841719996, -0.1449501810985596, -6.708191001285436e-08, -0.05903999605263955, 0.9982556179987666, 1.1923120017603983e-05, 0.0, 0.0, 0.0, 1.0]}, {"left_foot_pose": [0.9804619561129656, 0.19635020856065305, 0.011872161274453794, 0.05422869095776533, -0.19670880157008344, 0.9786746099312955, 0.0591747856835069, -0.0026865144662471616, -1.2938292028706476e-09, -0.06035398474016147, 0.9981770366653331, 2.8989399838974528e-09, 0.0, 0.0, 0.0, 1.0], "right_foot_pose": [0.9950369451814779, 0.09926508179576848, 0.006922518327270886, 0.020085837653193408, -0.09950616927333478, 0.9926266036950765, 0.06921667366555563, -0.144962836863342, -6.770831733429808e-07, -0.06956198080026908, 0.9975776314787158, 0.0008178781714091796, 0.0, 0.0, 0.0, 1.0]}, {"left_foot_pose": [0.9804619561151712, 0.19622201553049626, 0.013830156613831811, 0.054228691245427195, -0.19670880155908965, 0.978035653389818, 0.06893408509249177, -0.0026865144120092038, -1.1446933764978665e-09, -0.07030776144567573, 0.9975253473874729, 2.7043899827883244e-09, 0.0, 0.0, 0.0, 1.0], "right_foot_pose": [0.9948705824299942, 0.10083022976548188, 0.00811104067577827, 0.020297918351509826, -0.10115594007950883, 0.9916683458606629, 0.0797581820543047, -0.14499456004087674, -1.4264679448537541e-06, -0.0801695489785053, 0.9967812415041468, 0.002744340455989827, 0.0, 0.0, 0.0, 1.0]}, {"left_foot_pose": [0.9804619561167156, 0.196084083916054, 0.015664757980477905, 0.054228691473675414, -0.19670880155139206, 0.9773481564711433, 0.0780783480529238, -0.002686514406739497, -9.82150379589498e-10, -0.07963424563126405, 0.996824150451192, 2.5002246176186738e-09, 0.0, 0.0, 0.0, 1.0], "right_foot_pose": [0.9946052012190835, 0.10330283787819743, 0.00943490298079164, 0.0206292484819057, -0.1037327995507992, 0.9904846840773539, 0.09044112397321326, -0.14504412356176496, -2.30213090321773e-06, -0.09093192120754573, 0.9958571110858249, 0.0055888017182366065, 0.0, 0.0, 0.0, 1.0]}, {"left_foot_pose": [0.9804619561176274, 0.1959405200386777, 0.017368512111563164, 0.05422869163958997, -0.19670880154684708, 0.9766325864464406, 0.08657042500149366, -0.0026865144425756333, -8.114804879832151e-10, -0.08829554744101652, 0.996094320986769, 2.2792270570892725e-09, 0.0, 0.0, 0.0, 1.0], "right_foot_pose": [0.994240473314516, 0.10661434022686532, 0.010920791240453974, 0.02107162252902112, -0.10717220354409293, 0.9890682829864045, 0.10128203383536968, -0.145110300324581, -3.291026855842293e-06, -0.10186910252041943, 0.9947978115882912, 0.009148758181747249, 0.0, 0.0, 0.0, 1.0]}, {"left_foot_pose": [0.9804619561179959, 0.19579513111684718, 0.01893724468371712, 0.05422869174475815, -0.19670880154501028, 0.9759079197627113, 0.09438950968801321, -0.002686514511311019, -6.399044809968382e-10, -0.09627044601202678, 0.995355213591935, 2.045253973126382e-09, 0.0, 0.0, 0.0, 1.0], "right_foot_pose": [0.9937745943328911, 0.11069577880293434, 0.012589686799483454, 0.021616835214328913, -0.11140940552450682, 0.987413466565439, 0.11226125959518773, -0.14519186305081166, -4.378725363328308e-06, -0.1129649972355775, 0.9935989680854106, 0.013221709556375617, 0.0, 0.0, 0.0, 1.0]}, {"left_foot_pose": [0.9804619561178989, 0.19565144413269508, 0.020368235423214885, 0.054228691792059996, -0.1967088015454938, 0.9751917360747238, 0.10152204335070475, -0.0026865146058741183, -4.702762422881386e-10, -0.10354511239241541, 0.9946247582378206, 1.7988118147793664e-09, 0.0, 0.0, 0.0, 1.0], "right_foot_pose": [0.993204820461702, 0.11547840544780048, 0.0144541511985943, 0.022256681448572006, -0.11637948522340079, 0.9855207510052179, 0.1233071966968982, -0.1452875843575382, -5.547489585456313e-06, -0.12415146883281232, 0.9922632779438533, 0.017605157025347748, 0.0, 0.0, 0.0, 1.0]}, {"left_foot_pose": [0.9804619561174273, 0.19551279625430545, 0.021658695879750965, 0.05422869178517043, -0.19670880154784373, 0.9745006689418133, 0.10795412741331338, -0.0026865147186645533, -3.0545420742582536e-10, -0.1101053710442025, 0.9939199199468834, 1.544329011893275e-09, 0.0, 0.0, 0.0, 1.0], "right_foot_pose": [0.9925279642040138, 0.12089462579625758, 0.016514530771975115, 0.022982956298332177, -0.12201737674260701, 0.9834026636438156, 0.13427941357892842, -0.14539623679722902, -6.774093222785625e-06, -0.13529113271693435, 0.9908058888411393, 0.02209660203859997, 0.0, 0.0, 0.0, 1.0]}, {"left_foot_pose": [0.9804619561166907, 0.19538224595566384, 0.022806371328073196, 0.05422869172875853, -0.19670880155151504, 0.9738499628205908, 0.11367452355959515, -0.0026865148409505914, -1.489029937771639e-10, -0.11593975970155783, 0.993256246957625, 1.2903971363664724e-09, 0.0, 0.0, 0.0, 1.0], "right_foot_pose": [0.9917408488556086, 0.12687916619945275, 0.018755423100748476, 0.023787454988244465, -0.12825789896417947, 0.9810890906625699, 0.14496243491396535, -0.14551659286532304, -8.028122778704047e-06, -0.14617069941483843, 0.9892593828557433, 0.026493545855836714, 0.0, 0.0, 0.0, 1.0]}, {"left_foot_pose": [0.980461956115793, 0.19526252795489618, 0.023809615415990946, 0.054228691627739634, -0.1967088015559901, 0.9732532484605877, 0.11867502581133318, -0.002686514963284325, -3.1771689270374194e-12, -0.1210399088630608, 0.9926476416445178, 1.0466055452851286e-09, 0.0, 0.0, 0.0, 1.0], "right_foot_pose": [0.9908407214430349, 0.13337056015938356, 0.021141390990616717, 0.02466197290219881, -0.13503579023466747, 0.9786326470880214, 0.15505959308985345, -0.14564742498834315, -9.270639790310096e-06, -0.1564942035228921, 0.9876788770535649, 0.03059348945162771, 0.0, 0.0, 0.0, 1.0]}, {"left_foot_pose": [0.9804619561148354, 0.19515609903115105, 0.024666771625306484, 0.054228691487652754, -0.1967088015607622, 0.9727227712710526, 0.12294737752100725, -0.0026865150753138294, 1.2943160035241862e-10, -0.12539739734822317, 0.9921065934355505, 8.24608548111172e-10, 0.0, 0.0, 0.0, 1.0], "right_foot_pose": [0.9898256238576275, 0.1403128214196553, 0.02361242258037577, 0.025598305538815775, -0.14228574856809362, 0.9761129375916039, 0.1641898255699993, -0.14578750546830443, -1.0453494457286365e-05, -0.16587900774825476, 0.9861461122365077, 0.034193933548778754, 0.0, 0.0, 0.0, 1.0]}, {"left_foot_pose": [0.980461956113916, 0.19506513275570045, 0.025376102858312967, 0.05422869131493508, -0.19670880156534576, 0.9722693650589115, 0.12648292040693443, -0.0026865151660081556, 2.4678541318207237e-10, -0.12900339433884153, 0.9916441520268541, 6.380768899361122e-10, 0.0, 0.0, 0.0, 1.0], "right_foot_pose": [0.9886947219199546, 0.1476567439924726, 0.026081272997409723, 0.02658824836595397, -0.14994247802043167, 0.9736363461651504, 0.17189973447119636, -0.14593560640889275, -1.152025934634672e-05, -0.1738670508742726, 0.9847691346135737, 0.03709237869880273, 0.0, 0.0, 0.0, 1.0]}, {"left_foot_pose": [0.9804619561131264, 0.19499151470204057, 0.025935724571080603, 0.05422869111708463, -0.19670880156928133, 0.9719024281542361, 0.12927226126697833, -0.002686515224062956, 3.4683307710850487e-10, -0.13184831945119713, 0.9912699030324165, 5.023297125483772e-10, 0.0, 0.0, 0.0, 1.0], "right_foot_pose": [0.9874485921297468, 0.1553601629840005, 0.028434093243260728, 0.02762359654784878, -0.1579407412512385, 0.9713289053777289, 0.17769321830253434, -0.14609049963607867, -1.240930875144787e-05, -0.17995382000748886, 0.9836750594127722, 0.03908632539420086, 0.0, 0.0, 0.0, 1.0]}, {"left_foot_pose": [0.9804619561125513, 0.19493681590075637, 0.026343697964130535, 0.05422869090264727, -0.19670880157214776, 0.9716297911003143, 0.13130573647183114, -0.0026865152384029384, 4.276245409985965e-10, -0.13392231648547356, 0.9909918330375713, 4.3398785953829844e-10, 0.0, 0.0, 0.0, 1.0], "right_foot_pose": [0.9860894658958338, 0.16338635538003576, 0.030536275557069628, 0.02869614460197617, -0.1662154176925802, 0.96932020130515, 0.18108225275554932, -0.14625095664328644, -1.3059468352752751e-05, -0.18363890169942826, 0.9829937708917985, 0.03997327423403934, 0.0, 0.0, 0.0, 1.0]}, {"left_foot_pose": [0.9804619561079234, 0.19493420978756654, 0.026362975543785236, 0.05422869071158113, -0.19670880159521364, 0.9716168013940488, 0.13140182123461275, -0.0026865150191091756, 2.139339747765989e-10, -0.13402031600953418, 0.9909785844793549, 3.1134728822879154e-10, 0.0, 0.0, 0.0, 1.0], "right_foot_pose": [0.9846214315691525, 0.17170998473735422, 0.03219188773915869, 0.029797679962939104, -0.17470156357407957, 0.9677749598025029, 0.18135873528461624, -0.14641574796365736, -1.339719502360989e-05, -0.1841936706859422, 0.9828899691724167, 0.04000000416059508, 0.0, 0.0, 0.0, 1.0]}, {"left_foot_pose": [0.9804619561083985, 0.194925172278349, 0.02642971502588963, 0.05422869064675848, -0.19670880159284596, 0.9715717554469085, 0.13173447306502517, -0.002686515004928147, 2.335321833286992e-10, -0.13435959671742703, 0.9909326408842992, 2.996102116403776e-10, 0.0, 0.0, 0.0, 1.0], "right_foot_pose": [0.9830505876911887, 0.18019263182002968, 0.03379582041879975, 0.030920000513602292, -0.18333450808553617, 0.9662173317203947, 0.1811422811718878, -0.14658364865194118, -1.3603050108144722e-05, -0.1842679660735747, 0.9828760433005095, 0.04000000427225553, 0.0, 0.0, 0.0, 1.0]}, {"left_foot_pose": [0.9804619561091346, 0.19493525639368212, 0.026355235483302694, 0.05422869057827048, -0.19670880158917858, 0.9716220180419357, 0.1313632423224482, -0.002686514989637557, 2.36574475755186e-10, -0.133980968315827, 0.990983905080781, 3.1390338245396165e-10, 0.0, 0.0, 0.0, 1.0], "right_foot_pose": [0.9813851700667395, 0.18879326850777725, 0.03521717960352196, 0.03205490251106692, -0.19204985755585444, 0.9647568358442759, 0.1798919117262275, -0.1467534315199906, -1.3632768746407492e-05, -0.18330670870945026, 0.983055771742507, 0.04000000432960489, 0.0, 0.0, 0.0, 1.0]}, {"left_foot_pose": [0.9804619561101259, 0.19496427475174874, 0.026139705262906696, 0.05422869050737286, -0.19670880158423737, 0.9717666552058718, 0.130288968102776, -0.002686514973661208, 2.229090290488905e-10, -0.13288528662164917, 0.9911314244838993, 3.5446747620460073e-10, 0.0, 0.0, 0.0, 1.0], "right_foot_pose": [0.9796356210816685, 0.19745339487463193, 0.036417121803031076, 0.03319418065751815, -0.20078358928472048, 0.9633995736720772, 0.17761534765443251, -0.14692386904299348, -1.3486243198692161e-05, -0.18131028184011805, 0.9834259410434412, 0.040000004331101464, 0.0, 0.0, 0.0, 1.0]}, {"left_foot_pose": [0.9804619561113617, 0.19501177622712298, 0.025782935267850624, 0.05422869043514237, -0.19670880157807763, 0.9720034183792677, 0.12851070788356592, -0.0026865149572624838, 1.9237685928229174e-10, -0.13107159033048102, 0.9913729057263162, 4.217553181695699e-10, 0.0, 0.0, 0.0, 1.0], "right_foot_pose": [0.9778146234322775, 0.20611398686405585, 0.03735755105727964, 0.03432962965576078, -0.20947210322290385, 0.9621501610522746, 0.1743229920534156, -0.14709373369609707, -1.3166872079610713e-05, -0.17828093562152397, 0.9839796277467068, 0.04000000427839376, 0.0, 0.0, 0.0, 1.0]}, {"left_foot_pose": [0.9804619561128197, 0.19507704607232815, 0.025284357043817693, 0.05422869036285549, -0.19670880157081014, 0.9723287450221801, 0.12602562829904385, -0.0026865149406317783, 1.4487865703471213e-10, -0.12853698961500562, 0.9917047152760308, 5.162282615267522e-10, 0.0, 0.0, 0.0, 1.0], "right_foot_pose": [0.9759370915466401, 0.21471528380285188, 0.03800184528342842, 0.035453044209159075, -0.2180522716750809, 0.9610118591671514, 0.17002768409124275, -0.14726179795446193, -1.2681543617151187e-05, -0.17422271218631508, 0.9847062741739906, 0.04000000417634886, 0.0, 0.0, 0.0, 1.0]}, {"left_foot_pose": [0.9804619561144884, 0.1951590771536854, 0.024643198182745116, 0.05422869028013117, -0.19670880156249246, 0.9727376152450865, 0.12282987940705153, -0.0026865149076538324, 7.968300741676391e-11, -0.12527755781393943, 0.9921217332102831, 6.409826211473124e-10, 0.0, 0.0, 0.0, 1.0], "right_foot_pose": [0.9740201220735337, 0.22319712501357883, 0.038312467703490186, 0.03655621988283928, -0.22646147939751501, 0.9599889911743583, 0.1647310995930224, -0.14742683419417274, -1.2039390585628088e-05, -0.1691277038504052, 0.9855941455007445, 0.039988084111617105, 0.0, 0.0, 0.0, 1.0]}, {"left_foot_pose": [0.9804619561164404, 0.19525748651440344, 0.02385092384797098, 0.05422869013565652, -0.19670880155276235, 0.9732281202675003, 0.11888092072433101, -0.0026865147521645235, -8.053381571793717e-12, -0.12124990672436181, 0.9926220127114522, 8.337901410970794e-10, 0.0, 0.0, 0.0, 1.0], "right_foot_pose": [0.9720829056689888, 0.23153553947558722, 0.038027864335045555, 0.037630954206642905, -0.23463764485057143, 0.9592388827189197, 0.15749902062913249, -0.14758761272464313, -1.1185388692908913e-05, -0.16202487413945943, 0.9867866740258402, 0.03918213587495002, 0.0, 0.0, 0.0, 1.0]}, {"left_foot_pose": [0.9804619561184518, 0.19537074195773732, 0.022904711115039538, 0.05422869002185336, -0.19670880154273745, 0.9737926231005969, 0.11416468188752388, -0.0026865145878994263, -1.1234141168122757e-10, -0.1164396855962047, 0.9931977646059512, 1.077251600423157e-09, 0.0, 0.0, 0.0, 1.0], "right_foot_pose": [0.9701465937803591, 0.23967350374588012, 0.03704319341715111, 0.03866903454149528, -0.2425192496972397, 0.9587691729112594, 0.14814211623082454, -0.14774290638873946, -1.0131865182661818e-05, -0.1527032569306659, 0.98827208562223, 0.03725568938557395, 0.0, 0.0, 0.0, 1.0]}, {"left_foot_pose": [0.9804619561204311, 0.19549623813980788, 0.021807647137692936, 0.05422868993476383, -0.19670880153287115, 0.9744181378400901, 0.10869655030291134, -0.0026865144242814642, -2.315911881859381e-10, -0.11086258846624286, 0.9938357442145889, 1.3552581834552768e-09, 0.0, 0.0, 0.0, 1.0], "right_foot_pose": [0.9682341302979177, 0.24752069524661563, 0.03544255000514295, 0.039662256674258274, -0.25004533358212344, 0.9584632093244176, 0.13720644126768164, -0.14789148884552375, -8.946489679851423e-06, -0.14171020357112332, 0.9899081867141978, 0.0344112442076157, 0.0, 0.0, 0.0, 1.0]}, {"left_foot_pose": [0.9804619561222766, 0.1956310712064787, 0.020562990431496214, 0.05422868987188325, -0.19670880152367354, 0.9750901907069287, 0.10249276750213272, -0.0026865142699760494, -3.6399393589972544e-10, -0.1045351805170494, 0.9945211893339775, 1.6556108012322213e-09, 0.0, 0.0, 0.0, 1.0], "right_foot_pose": [0.9663700460362381, 0.25498662259333665, 0.03332801257744541, 0.040602416481890155, -0.2571554667214233, 0.9582235772301435, 0.1252143840601154, -0.14803213354163466, -7.694542337155458e-06, -0.1295739107178235, 0.9915697663816114, 0.030851300038152486, 0.0, 0.0, 0.0, 1.0]}, {"left_foot_pose": [0.9804619561238754, 0.1957720289265553, 0.01917459996257141, 0.05422868983151346, -0.19670880151570377, 0.9757927708680073, 0.09557256786334035, -0.002686514133292602, -5.074361789577818e-10, -0.09747707941725327, 0.9952377700772229, 1.9681507326674286e-09, 0.0, 0.0, 0.0, 1.0], "right_foot_pose": [0.9645802140494487, 0.2619847389476102, 0.03080596083344223, 0.0414813096486372, -0.26378970909215427, 0.9579829617386852, 0.11262164266007414, -0.14816361364715372, -6.433946276433111e-06, -0.11675890363021306, 0.9931602883632, 0.02677835647058331, 0.0, 0.0, 0.0, 1.0]}, {"left_foot_pose": [0.9804619561251298, 0.1959156980830602, 0.0176462980795498, 0.05422868981167598, -0.19670880150945202, 0.9765088657111767, 0.087955003247039, -0.002686514021656216, -6.606212325726559e-10, -0.08970771668089102, 0.9959681348155182, 2.286318516453445e-09, 0.0, 0.0, 0.0, 1.0], "right_foot_pose": [0.9628915675816473, 0.26843472364227117, 0.027975493262055524, 0.04229073158303569, -0.2698885493180232, 0.95770670045172, 0.09979001381347023, -0.14828470205853592, -5.212565235439156e-06, -0.10363722812279907, 0.9946151642318006, 0.022394912860574344, 0.0, 0.0, 0.0, 1.0]}, {"left_foot_pose": [0.9804619561259332, 0.196058527382961, 0.015981440177087233, 0.05422868981074964, -0.19670880150544587, 0.9772207744071498, 0.07965679806132071, -0.00268651394199736, -8.220504623649983e-10, -0.08124414998949707, 0.9966942299885582, 2.604797058602948e-09, 0.0, 0.0, 0.0, 1.0], "right_foot_pose": [0.961331781096865, 0.27426289518235136, 0.024921295699127204, 0.04302247745494829, -0.2753928224129693, 0.9573888065110195, 0.0869796903352986, -0.14839417146330822, -4.067852672455545e-06, -0.09047948659005743, 0.9958983193528604, 0.017903468250886054, 0.0, 0.0, 0.0, 1.0]}, {"left_foot_pose": [0.9804619561261269, 0.1961966723550759, 0.01418514526273572, 0.05422868982899832, -0.19670880150448222, 0.9779093348268304, 0.07070346716545678, -0.0026865139020906276, -9.864750672013134e-10, -0.07211240264574306, 0.997396511616448, 2.9119550590261944e-09, 0.0, 0.0, 0.0, 1.0], "right_foot_pose": [0.9599289146968449, 0.2794011060393458, 0.021714066245806286, 0.04366834227353102, -0.28024360602833487, 0.9570439051904277, 0.07436722946359553, -0.14849079442387395, -3.0285922396681155e-06, -0.07747248209426354, 0.9969944907114491, 0.01350652134377997, 0.0, 0.0, 0.0, 1.0]}, {"left_foot_pose": [0.9804619561256214, 0.1963261006901421, 0.012264370270218474, 0.054228689865234506, -0.19670880150700096, 0.9785544485976748, 0.061129686236559316, -0.0026865139069852766, -1.151936003396883e-09, -0.06234784132193547, 0.9980544808188059, 3.204933825273759e-09, 0.0, 0.0, 0.0, 1.0], "right_foot_pose": [0.9587110220560742, 0.28378556605743566, 0.018410015905971976, 0.04422012096039207, -0.28438209539933723, 0.9567004796780499, 0.062056554851776434, -0.1485733433746377, -2.1165019381977356e-06, -0.06472978202690097, 0.9979028285931802, 0.009406570575459197, 0.0, 0.0, 0.0, 1.0]}, {"left_foot_pose": [0.9804619561243516, 0.19644286135898906, 0.010225204834326367, 0.05422868991883223, -0.19670880151333034, 0.9791364224754454, 0.050965808040058555, -0.0026865139601324473, -1.3176989697525486e-09, -0.05198142363460291, 0.9986480519166505, 3.485758785781723e-09, 0.0, 0.0, 0.0, 1.0], "right_foot_pose": [0.9577057216902354, 0.2873557360433666, 0.01504764449209254, 0.044669608332680064, -0.28774945810543057, 0.9563955562427193, 0.05007783301232642, -0.14864059064245422, -1.3477594437993609e-06, -0.05228977875411614, 0.9986319537427335, 0.005806114543293592, 0.0, 0.0, 0.0, 1.0]}, {"left_foot_pose": [0.9804619561221288, 0.19654291452932127, 0.008076840068325871, 0.05422868999525911, -0.1967088015244087, 0.9796351205859687, 0.040257644210086936, -0.002686514068130405, -1.4691533762199643e-09, -0.041059874121035525, 0.9991566877808334, 3.728156318383302e-09, 0.0, 0.0, 0.0, 1.0], "right_foot_pose": [0.9569397310788413, 0.2900526016221713, 0.011655015013477824, 0.045008598930051484, -0.2902866705210781, 0.9561682168786433, 0.03841861461457082, -0.14869130842878986, -7.358034552933642e-07, -0.04014759424082491, 0.999193760326861, 0.002907653228754449, 0.0, 0.0, 0.0, 1.0]}, {"left_foot_pose": [0.9804619561189183, 0.19662212982493954, 0.005838721312931392, 0.05422869010016594, -0.19670880154041226, 0.9800299557626557, 0.02910211683679043, -0.002686514233718273, -1.5951588018685757e-09, -0.0296820462729963, 0.9995593909963774, 3.9144220642661764e-09, 0.0, 0.0, 0.0, 1.0], "right_foot_pose": [0.9564383628918224, 0.29181742608063804, 0.008261224151527092, 0.04522888670575029, -0.29193433848851075, 0.9560553616538797, 0.02706450561426953, -0.14872426865032537, -2.932773909919919e-07, -0.028297266449969997, 0.9995995521764569, 0.0009136902016718684, 0.0, 0.0, 0.0, 1.0]}, {"left_foot_pose": [0.9804619561148356, 0.19667710242579897, 0.003531287706074362, 0.05422869023994438, -0.19670880156076181, 0.9803039572595084, 0.01760110138252021, -0.002686514456623778, -1.6930699193358338e-09, -0.017951845663909678, 0.9998388526343935, 4.04720236490963e-09, 0.0, 0.0, 0.0, 1.0], "right_foot_pose": [0.9562249821935248, 0.2925917612395721, 0.004883101854233841, 0.04532226486273378, -0.29263250576276134, 0.9560918445698942, 0.015956231320239045, -0.14873824311210984, -3.2034302379483245e-08, -0.016686701341570694, 0.9998607673062967, 2.673402725806434e-05, 0.0, 0.0, 0.0, 1.0]}, {"left_foot_pose": [0.9804619560866377, 0.19670528398231307, 0.001176401378210518, 0.05422869173256872, -0.19670880170130908, 0.9804444226562496, 0.0058635667889916495, -0.0026865144747354047, -1.5996939371195777e-09, -0.005980412669007241, 0.9999821171722572, 3.991969213523738e-09, 0.0, 0.0, 0.0, 1.0], "right_foot_pose": [0.9562187494066844, 0.2926490671080694, 0.0014922479326953625, 0.045324990660731965, -0.2926528716467959, 0.9562063184212517, 0.00487579000364268, -0.14873865146115622, -1.5059134455014337e-09, -0.005099032462365244, 0.9999869998494719, 4.9372531063518466e-09, 0.0, 0.0, 0.0, 1.0]}, {"left_foot_pose": [0.980461956063133, 0.1967051350640158, -0.001201062988875946, 0.054228693076900876, -0.19670880181846415, 0.9804436797089002, -0.005986501984983207, -0.002686514573957974, -1.0651416915672686e-09, 0.006105797107622489, 0.9999813594471054, 3.927072556031419e-09, 0.0, 0.0, 0.0, 1.0], "right_foot_pose": [0.956218749407901, 0.2926463599844973, -0.001952247067842136, 0.04532499211467998, -0.2926528716428216, 0.9561974730873501, -0.0063788071436736244, -0.14873865113628032, -9.785263591603447e-10, 0.006670865700197924, 0.9999777495278632, 5.220436541386597e-09, 0.0, 0.0, 0.0, 1.0]}, {"left_foot_pose": [0.9804619560532887, 0.19667624172811782, -0.0035789204885414007, 0.05422869376857525, -0.19670880186753262, 0.9802996654547269, -0.017838530690352072, -0.002686514656194532, -6.165238722365933e-10, 0.018194005855059082, 0.999834475376273, 3.8752042547107735e-09, 0.0, 0.0, 0.0, 1.0], "right_foot_pose": [0.9562187494117446, 0.29260294847648627, -0.005405350710745091, 0.045324992845338696, -0.2926528716302635, 0.9560556296546733, -0.01766153255430686, -0.14873865090711305, -5.227379994847915e-10, 0.018470179979442218, 0.9998294116755754, 5.269864357393406e-09, 0.0, 0.0, 0.0, 1.0]}, {"left_foot_pose": [0.9804619560558905, 0.19661928203188397, -0.005933857120389222, 0.0542286937580085, -0.1967088018545652, 0.9800157594639124, -0.029576316121404034, -0.002686514625998877, -5.485501258881119e-10, 0.030165694681846798, 0.9995449118795826, 3.821417009219896e-09, 0.0, 0.0, 0.0, 1.0], "right_foot_pose": [0.9562187494153946, 0.29251988566007703, -0.008821550876911973, 0.0453249927754237, -0.2926528716183364, 0.9557842288881888, -0.028823680232609478, -0.14873865084791862, -4.434584652163632e-10, 0.030143395661830413, 0.9995455846023102, 5.078056884710858e-09, 0.0, 0.0, 0.0, 1.0]}, {"left_foot_pose": [0.9804619560676667, 0.19653613322653668, -0.008240208755042527, 0.054228693057038625, -0.19670880179586656, 0.9796013184236284, -0.04107193979743658, -0.002686514489229781, -8.713758858763087e-10, 0.04189039602404002, 0.9991222121046806, 3.7635894886700605e-09, 0.0, 0.0, 0.0, 1.0], "right_foot_pose": [0.9562187494146897, 0.29240017306849725, -0.012159031923617183, 0.04532499194681143, -0.2926528716206397, 0.9553930779499488, -0.03972862113787114, -0.1487386509718469, -7.620901931770036e-10, 0.04154762802899854, 0.9991365245076189, 4.6663877761865535e-09, 0.0, 0.0, 0.0, 1.0]}, {"left_foot_pose": [0.9804619560844277, 0.1964299643370729, -0.010470042102849263, 0.054228691746727176, -0.19670880171232558, 0.9790721377039932, -0.052186171546059236, -0.002686514351837461, -1.312193543784371e-09, 0.053226105270535506, 0.9985824861861592, 3.717800435565355e-09, 0.0, 0.0, 0.0, 1.0], "right_foot_pose": [0.9562187494059857, 0.2922484610275057, -0.01537986708352107, 0.04532499051235539, -0.29265287164907877, 0.9548973713500672, -0.050252431824533615, -0.1487386512252581, -1.213841884676705e-09, 0.05255327978143858, 0.9986181215981482, 4.0786313770802e-09, 0.0, 0.0, 0.0, 1.0]}, {"left_foot_pose": [0.9804600912790284, 0.1963144308452961, -0.012595779094891636, 0.05423121038545025, -0.19671809629293086, 0.9784482103582066, -0.06277810317068191, -0.002687151673462021, 6.991996412549016e-08, 0.06402924244992414, 0.9979480227503261, 1.1923244848874304e-05, 0.0, 0.0, 0.0, 1.0], "right_foot_pose": [0.9562187493897867, 0.29207079589837087, -0.018448672004350727, 0.045324988944711084, -0.2926528717020078, 0.9543168651751323, -0.060279495078148324, -0.1487386515011669, -1.269990642138719e-09, 0.06303944023863634, 0.9980110364992961, 3.43210828507301e-09, 0.0, 0.0, 0.0, 1.0]}, {"left_foot_pose": [0.9803297206360181, 0.19681893852728324, -0.014695042521249506, 0.05440711208290924, -0.19736676224021782, 0.977608927523997, -0.07298730018431059, -0.0027316027338703114, 7.218108698748478e-07, 0.07445193256306341, 0.9972246034555634, 0.0008178781252115644, 0.0, 0.0, 0.0, 1.0], "right_foot_pose": [0.9562187493873175, 0.29187343537591975, -0.02134481300019706, 0.045324988835379575, -0.2926528717100766, 0.9536720061651728, -0.06974239268006498, -0.14873865180709234, -1.1077486001291163e-09, 0.07293560432843302, 0.9973366520996042, 3.1614513298916513e-09, 0.0, 0.0, 0.0, 1.0]}, {"left_foot_pose": [0.9800011113947984, 0.1982764757317929, -0.016860036664870865, 0.054847944239251094, -0.1989920140676441, 0.9764778498722244, -0.08302521933858747, -0.002842996797920168, 1.5044639655875423e-06, 0.08471981987880925, 0.9964048133752866, 0.002744340935245254, 0.0, 0.0, 0.0, 1.0], "right_foot_pose": [0.9562187493857673, 0.2916617893811284, -0.024064578494488086, 0.04532498874614871, -0.2926528717151414, 0.9529804705959954, -0.07862899808287, -0.14873865203924574, -9.39723745545444e-10, 0.08222909021528402, 0.9966134540143267, 2.897356264630613e-09, 0.0, 0.0, 0.0, 1.0]}, {"left_foot_pose": [0.9794823366758337, 0.2006201507044828, -0.01912870281436716, 0.05553665038400468, -0.20153002787250185, 0.9750612541928235, -0.09295804665346347, -0.003017023500768089, 2.3996284462858867e-06, 0.09490577276029948, 0.9954862602221155, 0.0055888026747994285, 0.0, 0.0, 0.0, 1.0], "right_foot_pose": [0.9562187493850716, 0.29144125601930115, -0.026602586609984342, 0.04532498867480679, -0.2926528717174145, 0.9522598963226865, -0.08692172646155233, -0.1487386521963686, -7.681822102981617e-10, 0.09090150793797984, 0.9958598876622159, 2.6223277924120048e-09, 0.0, 0.0, 0.0, 1.0]}, {"left_foot_pose": [0.9787794494044435, 0.20378257198400657, -0.021527953435436738, 0.056456174457018754, -0.20491654255340488, 0.9733648012595217, -0.1028113527630633, -0.003249372644451066, 3.3902219959640273e-06, 0.10504107303619716, 0.9944678843300634, 0.009148759296269536, 0.0, 0.0, 0.0, 1.0], "right_foot_pose": [0.9562187493851051, 0.2912171613821507, -0.02895286239576357, 0.04532498862105887, -0.29265287171730525, 0.9515276859004007, -0.09460105517721706, -0.14873865228213434, -5.968318619380094e-10, 0.09893244099662583, 0.9950941523888328, 2.3338352014845576e-09, 0.0, 0.0, 0.0, 1.0]}, {"left_foot_pose": [0.9778970536041759, 0.20769612170941895, -0.024076411259552725, 0.05758946079121206, -0.20908694969411343, 0.9713946238238907, -0.11258388993836581, -0.0035357343523878034, 4.4591513437121826e-06, 0.11512951764386527, 0.993350489075839, 0.0132217105610603, 0.0, 0.0, 0.0, 1.0], "right_foot_pose": [0.9562187493856832, 0.290994306588449, -0.031112969263436385, 0.04532498858447943, -0.29265287171541593, 0.9507995265775082, -0.1016590228986423, -0.14873865230495661, -4.3075396928638647e-10, 0.10631356354244823, 0.9943326536963903, 2.0390422544869224e-09, 0.0, 0.0, 0.0, 1.0]}, {"left_foot_pose": [0.9768388356459683, 0.21229383666506124, -0.026780890348503374, 0.05891945393455331, -0.21397637519737564, 0.9691610264548384, -0.12223344737999217, -0.003871798930105818, 5.58766643452135e-06, 0.12513285625699505, 0.9921399942819286, 0.0176051577762742, 0.0, 0.0, 0.0, 1.0], "right_foot_pose": [0.9562187493866795, 0.29077712293924235, -0.0330812348099559, 0.04532498856597981, -0.29265287171216103, 0.9500898972555043, -0.10809016519392886, -0.14873865227396355, -2.7144200441207247e-10, 0.11303916094965592, 0.9935905334149464, 1.7392799214754895e-09, 0.0, 0.0, 0.0, 1.0]}, {"left_foot_pose": [0.9756080553276764, 0.21752682780004826, -0.029512735674602514, 0.06042909957293304, -0.2195197538594433, 0.96675504500079, -0.13113260704725754, -0.00425325679226328, 6.726073056250964e-06, 0.13441265622243054, 0.9909254451279328, 0.022096602853805554, 0.0, 0.0, 0.0, 1.0], "right_foot_pose": [0.9562187494212174, 0.29059272303006867, -0.03466370691793206, 0.04532498880320847, -0.2926528715993103, 0.9494873863792248, -0.11326076042224874, -0.14873865217447813, -2.9983490450562726e-10, 0.11844649605926838, 0.9929604360553755, 1.4907802908803447e-09, 0.0, 0.0, 0.0, 1.0]}, {"left_foot_pose": [0.9742079931216185, 0.22330722621144022, -0.03244485875608416, 0.06210134028587545, -0.22565191352098382, 0.9640902912198777, -0.14003972400676412, -0.004675798371617322, 7.89099937464204e-06, 0.1437490629441631, 0.9896141706950282, 0.02649354632288352, 0.0, 0.0, 0.0, 1.0], "right_foot_pose": [0.9562187493992454, 0.29040448219934034, -0.036206905637960286, 0.04532498881103198, -0.29265287167110293, 0.9488723250356432, -0.11830303243835069, -0.14873865206946718, -1.4283366147574042e-10, 0.12371963263761154, 0.9923172136469339, 1.1928989046561256e-09, 0.0, 0.0, 0.0, 1.0]}, {"left_foot_pose": [0.9726423603212575, 0.22958939893342037, -0.03543369591342232, 0.06391912204515553, -0.2323076383315149, 0.9612673667534989, -0.1483179381856064, -0.005135114340799732, 9.029285961939445e-06, 0.15249182768983444, 0.9883047315510972, 0.030593489607412823, 0.0, 0.0, 0.0, 1.0], "right_foot_pose": [0.9562187494001688, 0.2902345880446022, -0.03754446960814487, 0.0453249888249557, -0.2926528716680853, 0.948317210165476, -0.12267341035608123, -0.14873865194458147, -4.2785312388897314e-11, 0.12829011188142425, 0.9917366823877453, 9.089207789192422e-10, 0.0, 0.0, 0.0, 1.0]}, {"left_foot_pose": [0.9709156626260174, 0.23632254603617414, -0.03839831119284558, 0.06586538990565396, -0.23942175332552976, 0.9583543584677057, -0.155673207844131, -0.0056268954971072024, 1.0100062119092815e-05, 0.1603389467376323, 0.9870620153045382, 0.03419393341366238, 0.0, 0.0, 0.0, 1.0], "right_foot_pose": [0.9562187494008534, 0.2900863238495985, -0.03867335012244464, 0.04532498884247143, -0.29265287166584786, 0.9478327693713043, -0.12636193260494416, -0.1487386518118502, 4.352357548298764e-11, 0.1321475161376466, 0.9912300610749505, 6.494277476898347e-10, 0.0, 0.0, 0.0, 1.0]}, {"left_foot_pose": [0.9690335234369544, 0.2434629691704881, -0.04122878967484392, 0.06792308905607487, -0.24692920105392366, 0.9554383334361756, -0.16175153992334926, -0.006146832873142095, 1.1055918886007443e-05, 0.1669232567481055, 0.9859698911398732, 0.03709237824394376, 0.0, 0.0, 0.0, 1.0], "right_foot_pose": [0.9562187494012367, 0.2899626238536884, -0.03959015106587952, 0.04532498886036077, -0.29265287166459636, 0.9474285900320637, -0.1293575026673023, -0.14873865168412784, 1.149310981173647e-10, 0.1352802408252596, 0.9908073760536203, 4.27826760129868e-10, 0.0, 0.0, 0.0, 1.0]}, {"left_foot_pose": [0.9670029639742523, 0.25097368991848723, -0.043788978450188386, 0.07007516467762893, -0.2547651222689221, 0.9526199478390143, -0.1661624730632516, -0.006690617749980192, 1.1845376476301042e-05, 0.1718355084023492, 0.9851256558996898, 0.03908632452759492, 0.0, 0.0, 0.0, 1.0], "right_foot_pose": [0.9562187494012656, 0.289866050256378, -0.040291142975176636, 0.04532498887499021, -0.2926528716645013, 0.9471130439178935, -0.13164793483797335, -0.14873865157489996, 1.7025803200085093e-10, 0.1376755423063565, 0.9904773824023697, 2.604694585017775e-10, 0.0, 0.0, 0.0, 1.0]}, {"left_foot_pose": [0.9648326406005275, 0.2588220138877198, -0.04592538251250125, 0.07230456165920099, -0.2628649377106452, 0.9500015414247669, -0.16852031276064716, -0.007253941585895787, 1.241744769883368e-05, 0.17466607116916777, 0.9846277283461681, 0.03997327282787214, 0.0, 0.0, 0.0, 1.0], "right_foot_pose": [0.9562187494009015, 0.2897987445303319, -0.04077242895412649, 0.045324988882870385, -0.29265287166569165, 0.9468931281095684, -0.1332204963385913, -0.14873865149792828, 2.0836650942179084e-10, 0.13932010482166546, 0.9902473975691529, 1.6658492640875266e-10, 0.0, 0.0, 0.0, 1.0]}, {"left_foot_pose": [0.962533037850794, 0.2669455537708242, -0.04764685055395473, 0.07459421857244032, -0.27116443513584615, 0.9475658512997508, -0.16908224793879878, -0.007832493649051434, 1.277419807158676e-05, 0.17566738107163796, 0.9844495777155136, 0.04000000292930365, 0.0, 0.0, 0.0, 1.0], "right_foot_pose": [0.9562187494001526, 0.28976141996508775, -0.0410368468016717, 0.045324988943694786, -0.2926528716681382, 0.9467711732198686, -0.13408445944353814, -0.14873865150411547, 2.2805188298555273e-10, 0.14022362518381004, 0.9901198588758383, 1.2392552262152634e-10, 0.0, 0.0, 0.0, 1.0]}, {"left_foot_pose": [0.9601166199171144, 0.2752350969601229, -0.04921094959750961, 0.0769270817360502, -0.2795998497679561, 0.9451366890028509, -0.1689395250095888, -0.008421963122919526, 1.2987418864944424e-05, 0.17596101983701098, 0.9843971349659889, 0.04000000305255344, 0.0, 0.0, 0.0, 1.0], "right_foot_pose": [0.956218749399062, 0.2897529528734925, -0.04109658865143296, 0.04532498902040211, -0.29265287167170156, 0.946743507696275, -0.13427966092174848, -0.14873865152540747, 2.3128046911152352e-10, 0.14042776412107674, 0.9900909266647961, 1.048718750729094e-10, 0.0, 0.0, 0.0, 1.0]}, {"left_foot_pose": [0.9575979452857497, 0.2836292956182288, -0.050602350257860605, 0.07928609682294167, -0.28810792251171397, 0.9427200791343531, -0.16814481075223323, -0.009018040591463179, 1.3057403958105895e-05, 0.17559406329380167, 0.9844626578827039, 0.0400000031400287, 0.0, 0.0, 0.0, 1.0], "right_foot_pose": [0.95621874939765, 0.28977344711512304, -0.04095183326071317, 0.04532498909613663, -0.2926528716763157, 0.94681047089157, -0.13380668484679503, -0.14873865154621668, 2.1834597730707824e-10, 0.139933132449405, 0.9901609558263228, 1.1293268403766987e-10, 0.0, 0.0, 0.0, 1.0]}, {"left_foot_pose": [0.9549937330341157, 0.2920690512878722, -0.05179419992014076, 0.08165420824822849, -0.2966259760995032, 0.9403302565110998, -0.1667094448217838, -0.009616416436653456, 1.2983906866682752e-05, 0.1745699801500044, 0.9846447693771833, 0.040000003189420284, 0.0, 0.0, 0.0, 1.0], "right_foot_pose": [0.956218749395951, 0.28982263909157, -0.04060223114117023, 0.045324989169303144, -0.29265287168186715, 0.9469712015206336, -0.13266438929465602, -0.14873865156610847, 1.893237361922726e-10, 0.1387385359608678, 0.9903290456406065, 1.4812020360244205e-10, 0.0, 0.0, 0.0, 1.0]}, {"left_foot_pose": [0.9523228899217298, 0.3004959215339257, -0.05275712722090901, 0.084014360425201, -0.305091974932317, 0.937983871438276, -0.16463639862911073, -0.010212781041989895, 1.2768112548417973e-05, 0.17288278706436289, 0.9849424053079625, 0.040000003200826424, 0.0, 0.0, 0.0, 1.0], "right_foot_pose": [0.9562187493940075, 0.2898998919920906, -0.04004692160871081, 0.04532498923853618, -0.2926528716882171, 0.947223618858595, -0.1308499620522184, -0.14873865158469837, 1.4424222295773395e-10, 0.13684103368288758, 0.9905930201150212, 2.1071277361839336e-10, 0.0, 0.0, 0.0, 1.0]}, {"left_foot_pose": [0.9496064969498981, 0.3088520932063217, -0.05345919446286254, 0.08634949776776317, -0.3134445737231229, 0.9356999465301492, -0.16192007061203587, -0.010802824793154947, 1.2412659802268527e-05, 0.1705168454597686, 0.9853547611192511, 0.04000000317643678, 0.0, 0.0, 0.0, 1.0], "right_foot_pose": [0.9562187493918789, 0.2900041915217663, -0.039284503449039825, 0.045324989302266784, -0.2926528716951722, 0.9475644087831222, -0.12835882476893118, -0.1487386516015547, 8.322983484750232e-11, 0.13423583764143887, 0.9909494133873341, 3.0109070098260915e-10, 0.0, 0.0, 0.0, 1.0]}, {"left_foot_pose": [0.9468677561251094, 0.3170810405936808, -0.053861545713337754, 0.0886425653976953, -0.3216231525691254, 0.9335018542880069, -0.15853339008660153, -0.011382238517663627, 1.192050071553086e-05, 0.16743327547677658, 0.9858834100039521, 0.039988083149807334, 0.0, 0.0, 0.0, 1.0], "right_foot_pose": [0.956218749389608, 0.2901341010202259, -0.038313271081429165, 0.0453249893467473, -0.2926528717025919, 0.9479888771278004, -0.1251854046053234, -0.14873865162436312, 5.5581544756957185e-12, 0.13091711983983434, 0.9913933163648233, 4.199710371133314e-10, 0.0, 0.0, 0.0, 1.0]}, {"left_foot_pose": [0.9441319005730464, 0.32517926829872257, -0.05360408369738182, 0.09087651053178528, -0.3295678294285602, 0.9315652776773176, -0.15352908269031834, -0.011946715927278126, 1.122834237783761e-05, 0.16261788614629938, 0.9866891217497205, 0.039182134880678364, 0.0, 0.0, 0.0, 1.0], "right_foot_pose": [0.956218749387122, 0.29028931873791974, -0.037118927075046305, 0.045324989300686847, -0.2926528717107147, 0.9484960379488696, -0.12128298592452309, -0.14873865172030198, -9.493616626143463e-11, 0.12683602572601618, 0.9919236979617075, 5.971013614103349e-10, 0.0, 0.0, 0.0, 1.0]}, {"left_foot_pose": [0.9414260592648475, 0.3331022981535775, -0.0525341213104953, 0.09303427139368467, -0.3372194757575787, 0.9299367813041148, -0.1466308560553599, -0.012491944008895424, 1.033654785492979e-05, 0.15575763783053845, 0.9877953017455628, 0.037255688724731804, 0.0, 0.0, 0.0, 1.0], "right_foot_pose": [0.9562187493847505, 0.2904678462743857, -0.03569500813536472, 0.04532498925007303, -0.2926528717184642, 0.9490793616488651, -0.11663045042834527, -0.14873865183567705, -2.1077022440180088e-10, 0.12197047008560072, 0.9925337296168316, 8.342166471497769e-10, 0.0, 0.0, 0.0, 1.0]}, {"left_foot_pose": [0.9387790896606679, 0.34076141372954727, -0.05074918451492085, 0.09509879275078041, -0.34451969570606716, 0.9285421514016368, -0.13825936619636225, -0.01301361228455488, 9.299884939501527e-06, 0.14727909554129312, 0.9890949741708587, 0.03441124404157342, 0.0, 0.0, 0.0, 1.0], "right_foot_pose": [0.9562187493826363, 0.2906659547747897, -0.03404417812147933, 0.045324989194250515, -0.2926528717253719, 0.949726664510869, -0.11123650204834785, -0.14873865195657682, -3.4036456106887234e-10, 0.11632955536715107, 0.9932106697715651, 1.1125571297565529e-09, 0.0, 0.0, 0.0, 1.0]}, {"left_foot_pose": [0.9362213757126976, 0.34806715095943647, -0.048361080236136104, 0.09705301975084485, -0.35141077899210066, 0.927316550645427, -0.12881956104269593, -0.013507410672487605, 8.172510083935142e-06, 0.13759823153677844, 0.9904881254266313, 0.03085130034199244, 0.0, 0.0, 0.0, 1.0], "right_foot_pose": [0.9562187493809367, 0.29087939402483387, -0.03216957357664147, 0.04532498913280732, -0.2926528717309253, 0.9504240593199681, -0.1051113891707097, -0.1487386520711337, -4.817807822661367e-10, 0.10992399918807214, 0.9939399953732119, 1.418375153439122e-09, 0.0, 0.0, 0.0, 1.0]}, {"left_foot_pose": [0.9337845883676994, 0.3549334865219168, -0.04548145415841451, 0.0988798976206285, -0.3578356361207102, 0.9262138150277348, -0.1186660287270821, -0.01396902938334812, 7.0038612607833975e-06, 0.12708339386861872, 0.9918920359362609, 0.026778357096594145, 0.0, 0.0, 0.0, 1.0], "right_foot_pose": [0.9562187493798179, 0.2911033505221804, -0.030075615525831705, 0.045324989065713035, -0.29265287173458077, 0.9511558183650335, -0.098269557116