{"LoopMode": "Wrap", "FrameDuration": 0.0167, "EnableCycleOffsetPosition": true, "EnableCycleOffsetRotation": false, "Debug_info": [{"left_foot_pose": [0.9999999999806364, -6.222603160572066e-06, -8.617056496117701e-08, 4.561793056244421e-05, 6.223199776957071e-06, 0.999904168516219, 0.01384390642706849, -6.198100893629703e-05, 1.7170959548498296e-11, -0.013843906427336796, 0.9999041685355814, 1.7247592243307963e-11, 0.0, 0.0, 0.0, 1.0], "right_foot_pose": [0.9999999993970515, -3.4724458129863745e-05, 3.2966788937625244e-07, -0.0003129260200270654, 3.4726022999109e-05, 0.9999549313866634, -0.009493892225887998, -0.14037692853188266, 1.7231478899218397e-11, 0.009493892231611595, 0.9999549319895844, 1.4615954280206012e-11, 0.0, 0.0, 0.0, 1.0]}, {"left_foot_pose": [0.9999999999806364, -6.2228338213578195e-06, -6.748127973065496e-08, 4.5617933975676347e-05, 6.22319969901922e-06, 0.9999412740820051, 0.010837358927754162, -6.198100789642225e-05, 3.823291956780401e-11, -0.01083735892796438, 0.9999412741013681, 3.755144806216748e-11, 0.0, 0.0, 0.0, 1.0], "right_foot_pose": [0.9999999993970519, -3.47233104978086e-05, 4.3404182908955076e-07, -0.0003129260171426733, 3.47260231561295e-05, 0.9999218695841572, -0.012500140856277398, -0.14037692853385847, 3.835489009004087e-11, 0.012500140863812874, 0.9999218701870585, 3.365037415381522e-11, 0.0, 0.0, 0.0, 1.0]}, {"left_foot_pose": [0.9999999999806364, -6.22306146505724e-06, -4.1477547563109456e-08, 4.5617938605558124e-05, 6.223199690220763e-06, 0.9999778603439173, 0.006654230479437715, -6.19810060870224e-05, 6.694366184936762e-11, -0.00665423047956711, 0.9999778603632811, 6.514833117421404e-11, 0.0, 0.0, 0.0, 1.0], "right_foot_pose": [0.9999999993970516, -3.4721190878392595e-05, 5.793182502047212e-07, -0.0003129260130599229, 3.472602346439251e-05, 0.9998608038645914, -0.016684474500449395, -0.14037692853614314, 6.72122933029745e-11, 0.016684474510506808, 0.999860804467456, 5.989489459956587e-11, 0.0, 0.0, 0.0, 1.0]}, {"left_foot_pose": [0.9999999999806364, -6.223194266822503e-06, -8.33091584594697e-09, 4.561794436063134e-05, 6.2231998425444525e-06, 0.9999991259098426, 0.0013221727660023162, -6.198100338512119e-05, 1.0277050110967815e-10, -0.0013221727660286833, 0.999999125929207, 9.96764268346162e-11, 0.0, 0.0, 0.0, 1.0], "right_foot_pose": [0.9999999993970516, -3.471760566757936e-05, 7.645915842126953e-07, -0.000312926007813233, 3.4726024010452635e-05, 0.999757512136116, -0.022020802017801988, -0.14037692853852926, 1.0334055873811837e-10, 0.022020802031075686, 0.999757512738918, 9.286041380285326e-11, 0.0, 0.0, 0.0, 1.0]}, {"left_foot_pose": [0.9999999999806363, -6.2231187553797835e-06, 3.185187080768389e-08, 4.561795128254144e-05, 6.223200267383971e-06, 0.9999867813094081, -0.005141708638427113, -6.198099957467444e-05, 1.460136414836752e-10, 0.005141708638525643, 0.9999867813287722, 1.4159563799243102e-10, 0.0, 0.0, 0.0, 1.0], "right_foot_pose": [0.9999999993970519, -3.471192910358942e-05, 9.893351222147545e-07, -0.00031292600131364954, 3.4726024910145716e-05, 0.999593963899544, -0.028493966549079933, -0.14037692854082898, 1.4713009616694996e-10, 0.028493966566255084, 0.9995939645022481, 1.3283070476877157e-10, 0.0, 0.0, 0.0, 1.0]}, {"left_foot_pose": [0.9999999999806365, -6.22269821413602e-06, 7.91139410095761e-08, 4.561795956039398e-05, 6.223201109138914e-06, 0.9999187850592269, -0.012744537926187419, -6.198099431043054e-05, 1.9789727046064675e-10, 0.012744537926432846, 0.9999187850785898, 1.9229690756406015e-10, 0.0, 0.0, 0.0, 1.0], "right_foot_pose": [0.9999999993970512, -3.4703381611284113e-05, 1.2538775817640767e-06, -0.0003129259933255594, 3.472602632340076e-05, 0.9993476952191566, -0.036113471922023216, -0.14037692854284486, 1.999260518996285e-10, 0.036113471943790706, 0.9993476958217117, 1.8096503462405877e-10, 0.0, 0.0, 0.0, 1.0]}, {"left_foot_pose": [0.9999999999806364, -6.22176671979785e-06, 1.3367554524424693e-07, 4.561796953504661e-05, 6.223202568066659e-06, 0.9997683738382321, -0.02152204995183496, -6.198098707578883e-05, 2.6059143032158796e-10, 0.02152204995224997, 0.999768373857592, 2.541610741313427e-10, 0.0, 0.0, 0.0, 1.0], "right_foot_pose": [0.999999999397051, -3.469099062040273e-05, 1.559558810704446e-06, -0.00031292598345138655, 3.4726028477846105e-05, 0.9989906781389652, -0.04491796729097663, -0.14037692854432168, 2.640679437921572e-10, 0.044917967318050554, 0.9989906787413052, 2.393275716494614e-10, 0.0, 0.0, 0.0, 1.0]}, {"left_foot_pose": [0.9999999999806364, -6.220119663440881e-06, 1.9593646549699047e-07, 4.561798169697378e-05, 6.2232049312651105e-06, 0.9995025229247939, -0.03153896999339964, -6.198097713327327e-05, 3.371753807831834e-10, 0.031538969994008154, 0.9995025229441487, 3.3059766729737206e-10, 0.0, 0.0, 0.0, 1.0], "right_foot_pose": [0.9999999993970511, -3.467353396368608e-05, 1.9087483446036207e-06, -0.00031292597112015324, 3.4726031700471484e-05, 0.9984876876099332, -0.05497578089914926, -0.140376928544876, 3.428850538260423e-10, 0.054975780932284814, 0.9984876882119705, 3.1088060598039036e-10, 0.0, 0.0, 0.0, 1.0]}, {"left_foot_pose": [0.9999999999806362, -6.217501377393769e-06, 2.664624041971516e-07, 4.561799668656349e-05, 6.223208610398282e-06, 0.9990799371847984, -0.04288681704314178, -6.198096346936473e-05, 4.316016832610109e-10, 0.04288681704396943, 0.999079937204145, 4.2610108497154187e-10, 0.0, 0.0, 0.0, 1.0], "right_foot_pose": [0.999999999397051, -3.464946777050783e-05, 2.3047757750640317e-06, -0.00031292595557286343, 3.472603645630373e-05, 0.9977942210308615, -0.0663829140029202, -0.14037692854390924, 4.4068993328310043e-10, 0.06638291404293029, 0.9977942216324814, 3.9947730540168536e-10, 0.0, 0.0, 0.0, 1.0]}, {"left_foot_pose": [0.9999999999806362, -6.213591027148488e-06, 3.4595022302420244e-07, 4.56180152646498e-05, 6.223214178610688e-06, 0.9984487619691412, -0.05567826940164002, -6.19809447677741e-05, 5.484229749268818e-10, 0.05567826940271464, 0.9984487619884757, 5.461327085010126e-10, 0.0, 0.0, 0.0, 1.0], "right_foot_pose": [0.999999999397051, -3.461684566921168e-05, 2.7517422421243597e-06, -0.0003129259358778634, 3.47260433845115e-05, 0.9968541673210553, -0.07925760461146639, -0.14037692854050024, 5.625452558551061e-10, 0.07925760465923506, 0.9968541679221092, 5.096666005899309e-10, 0.0, 0.0, 0.0, 1.0]}, {"left_foot_pose": [0.9999999999806364, -6.207990023051354e-06, 4.3515174580356095e-07, 4.5618038167666275e-05, 6.223222372214289e-06, 0.99754455282587, -0.07003474201214331, -6.198091952385257e-05, 6.917255993695617e-10, 0.07003474201349505, 0.9975445528451873, 6.962567675183884e-10, 0.0, 0.0, 0.0, 1.0], "right_foot_pose": [0.9999999993970508, -3.457325042737243e-05, 3.254094729066219e-06, -0.00031292591107052743, 3.47260532902312e-05, 0.9955978374389388, -0.09372803679267822, -0.140376928533308, 7.132128248931381e-10, 0.0937280368491667, 0.9955978380392364, 6.457820805882974e-10, 0.0, 0.0, 0.0, 1.0]}, {"left_foot_pose": [0.9999999999806357, -6.2002201733598736e-06, 5.347069114148922e-07, 4.561806568709343e-05, 6.223233961547072e-06, 0.9962900331393177, -0.08605910659848466, -6.1980886555877e-05, 8.622421937908959e-10, 0.08605910660014565, 0.9962900331586106, 8.794368566711341e-10, 0.0, 0.0, 0.0, 1.0], "right_foot_pose": [0.9999999993970501, -3.451579832450643e-05, 3.815677513286024e-06, -0.00031292588060653005, 3.4726066982481355e-05, 0.9939421025362155, -0.10990493892445173, -0.14037692852061476, 8.941762325344662e-10, 0.10990493899068794, 0.9939421031355161, 8.093436823508604e-10, 0.0, 0.0, 0.0, 1.0]}, {"left_foot_pose": [0.9999999999806359, -6.189757973304432e-06, 6.447699470447735e-07, 4.561809652225896e-05, 6.2232492280775554e-06, 0.9946008580378429, -0.10377443399825724, -6.198084658143484e-05, 1.0498877145103182e-09, 0.10377443400026014, 0.9946008580571036, 1.0883823564622475e-09, 0.0, 0.0, 0.0, 1.0], "right_foot_pose": [0.9999999993970494, -3.444138227293701e-05, 4.437583114858183e-06, -0.0003129258456584719, 3.472608465658368e-05, 0.9917974495279146, -0.12781947388415707, -0.1403769285008996, 1.0957463962146343e-09, 0.12781947396118803, 0.9917974501259241, 9.920837484855838e-10, 0.0, 0.0, 0.0, 1.0]}, {"left_foot_pose": [0.9999999999806359, -6.1761700122296614e-06, 7.641793772773598e-07, 4.561812484165029e-05, 6.2232663985616596e-06, 0.992408184529436, -0.12298778492297768, -6.198080635600942e-05, 1.2156005167907763e-09, 0.12298778492535167, 0.9924081845486545, 1.2855427833358135e-09, 0.0, 0.0, 0.0, 1.0], "right_foot_pose": [0.9999999993970488, -3.4347576193714284e-05, 5.11334684333307e-06, -0.00031292581250507015, 3.472610408175191e-05, 0.9890941965576385, -0.1472843139309041, -0.14037692847498048, 1.277506977089479e-09, 0.14728431401966532, 0.9890941971540205, 1.1584058781655138e-09, 0.0, 0.0, 0.0, 1.0]}, {"left_foot_pose": [0.9999999999806359, -6.15950996738503e-06, 8.886096869443825e-07, 4.561813398421689e-05, 6.223277966187728e-06, 0.9897244817069585, -0.14298758782203386, -6.198078733465201e-05, 1.2547102655616655e-09, 0.1429875878247949, 0.9897244817261255, 1.3594453063259238e-09, 0.0, 0.0, 0.0, 1.0], "right_foot_pose": [0.9999999993970483, -3.4235236234469296e-05, 5.8182267257957755e-06, -0.0003129257998738138, 3.472611640401918e-05, 0.98585782650822, -0.16758384381134597, -0.14037692845169908, 1.3281277451135525e-09, 0.1675838439123453, 0.9858578271026521, 1.2085849612764044e-09, 0.0, 0.0, 0.0, 1.0]}, {"left_foot_pose": [0.9999999999804456, -6.171231581925447e-06, 1.012668346012221e-06, 4.522964922927699e-05, 6.253766486369279e-06, 0.9867745092107729, -0.16209894488469032, -6.231887111153231e-05, 1.074817855706849e-09, 0.1620989448878534, 0.98677450923007, 0.00020667289605562356, 0.0, 0.0, 0.0, 1.0], "right_foot_pose": [0.999999999397049, -3.4114957801002504e-05, 6.486287261797876e-06, -0.00031292585277334584, 3.472610354033192e-05, 0.9823952738159704, -0.186814145016223, -0.1403769285388385, 1.058722829681278e-09, 0.18681414512882652, 0.9823952744083138, 9.233141820552682e-10, 0.0, 0.0, 0.0, 1.0]}, {"left_foot_pose": [0.9999999999749081, -6.964036395651865e-06, 1.2987725412917603e-06, 3.4647927653736686e-05, 7.084109824521837e-06, 0.9830239872629032, -0.18347708417009517, -7.150017521118102e-05, 1.0165296396788623e-09, 0.18347708417469183, 0.9830239872875708, 0.005262233336470121, 0.0, 0.0, 0.0, 1.0], "right_foot_pose": [0.9999999993970499, -3.400338398853097e-05, 7.047720807840309e-06, -0.0003129258981508487, 3.472607796441521e-05, 0.979184712622371, -0.20297117371869475, -0.1403769287753511, 6.862845791168507e-10, 0.2029711738410528, 0.9791847132127757, 5.189180959930262e-10, 0.0, 0.0, 0.0, 1.0]}, {"left_foot_pose": [0.9999999999604574, -8.700440543818507e-06, 1.8407507295094549e-06, 1.1588884471097905e-05, 8.893032590134865e-06, 0.9783315478312637, -0.20704439726541496, -9.149041358318816e-05, 5.129575801894055e-10, 0.20704439727359752, 0.978331547869951, 0.014307924390957197, 0.0, 0.0, 0.0, 1.0], "right_foot_pose": [0.9999999993970508, -3.391413989850263e-05, 7.465228720971086e-06, -0.00031292592253726503, 3.4726049657523284e-05, 0.9766175733145582, -0.21498398611823488, -0.1403769287772375, 3.2342312607628566e-10, 0.21498398624784823, 0.9766175739034115, 2.392233217074491e-10, 0.0, 0.0, 0.0, 1.0]}, {"left_foot_pose": [0.999999999934215, -1.1167025001701765e-05, 2.6207379218991966e-06, -2.1273689341532367e-05, 1.1470427803770568e-05, 0.9735651934755475, -0.2284093122474437, -0.00011996571893315225, -8.067217386511392e-10, 0.22840931226247863, 0.9735651935395917, 0.02361669234240843, 0.0, 0.0, 0.0, 1.0], "right_foot_pose": [0.9999999993970515, -3.3858323306271085e-05, 7.714339169629029e-06, -0.00031292596262018536, 3.472602893990312e-05, 0.9750123502203312, -0.22215065994034186, -0.14037692863829046, 7.290253853069668e-11, 0.22215066007428463, 0.975012350808214, 5.990084123164152e-11, 0.0, 0.0, 0.0, 1.0]}, {"left_foot_pose": [0.9999999998933289, -1.4178664137499392e-05, 3.5083191639031943e-06, -6.126095595505584e-05, 1.4606259435256856e-05, 0.9707633946244217, -0.24003839577019168, -0.00015460971186351952, -2.3240275144936076e-09, 0.24003839579582972, 0.9707633947279668, 0.029461494667395338, 0.0, 0.0, 0.0, 1.0], "right_foot_pose": [0.9999999993970514, -3.384388640035208e-05, 7.77740587742957e-06, -0.0003129260052571825, 3.4726023222734736e-05, 0.9745972177048609, -0.2239648678611169, -0.14037692851891975, 3.416140192969535e-12, 0.22396486799615592, 0.9745972182924928, 1.253504244846937e-12, 0.0, 0.0, 0.0, 1.0]}, {"left_foot_pose": [0.9999999998363658, -1.757789192680612e-05, 4.27641040162718e-06, -0.00010568638553602, 1.809060433739683e-05, 0.9716885171794153, -0.23626558203513234, -0.00019310977696061077, -2.2880151924306723e-09, 0.23626558207383375, 0.971688517338408, 0.03000000016697376, 0.0, 0.0, 0.0, 1.0], "right_foot_pose": [0.9999999993970512, -3.387405512120101e-05, 7.644993254507718e-06, -0.0003129259915381081, 3.4726035365442473e-05, 0.9754647508408537, -0.22015566915501766, -0.14037692851039282, 1.438318919112121e-10, 0.22015566928775515, 0.9754647514290102, 1.236773530810531e-10, 0.0, 0.0, 0.0, 1.0]}, {"left_foot_pose": [0.9999999997642659, -2.1154733935486656e-05, 4.893491622471165e-06, -0.00015187514579808895, 2.171333749631811e-05, 0.9742914682476733, -0.22529122137430255, -0.00023313950581849152, -1.7112915222428166e-09, 0.22529122142744762, 0.9742914684773389, 0.030000000547371522, 0.0, 0.0, 0.0, 1.0], "right_foot_pose": [0.9999999993970499, -3.394410573615667e-05, 7.327832398818161e-06, -0.0003129259296075989, 3.472606285876379e-05, 0.9774792283931794, -0.2110316489391466, -0.1403769284758167, 4.766459650706094e-10, 0.2110316490663718, 0.9774792289825538, 4.163574346405241e-10, 0.0, 0.0, 0.0, 1.0]}, {"left_foot_pose": [0.999999999680855, -2.4712886388448453e-05, 5.2501420723665316e-06, -0.00019715020525600725, 2.5264416580511708e-05, 0.978174134624489, -0.20778681794893097, -0.00027237758827821507, -5.411534330852929e-10, 0.2077868180152585, 0.978174134936666, 0.029990598406681855, 0.0, 0.0, 0.0, 1.0], "right_foot_pose": [0.9999999993970486, -3.404986357218907e-05, 6.819760334675556e-06, -0.0003129258373710433, 3.472610457951445e-05, 0.9805206465657805, -0.19641603919314138, -0.14037692844934188, 1.0235247487755643e-09, 0.1964160393115357, 0.9805206471569934, 8.93274614000017e-10, 0.0, 0.0, 0.0, 1.0]}, {"left_foot_pose": [0.9999999995929089, -2.8080452410339594e-05, 5.066674743426341e-06, -0.00023882959549290724, 2.8533891995642083e-05, 0.9840909850626441, -0.17766522536572224, -0.00030851219174796163, 2.8509661287168585e-09, 0.17766522543796803, 0.9840909854632737, 0.02602608558817724, 0.0, 0.0, 0.0, 1.0], "right_foot_pose": [0.9999999993970472, -3.418616898528716e-05, 6.100167152467623e-06, -0.00031292575475693407, 3.472615996213844e-05, 0.9844405964486813, -0.17571770217556074, -0.14037692887064546, 1.8628701331237514e-09, 0.17571770228144643, 0.984440597042264, 1.5844717204949177e-09, 0.0, 0.0, 0.0, 1.0]}, {"left_foot_pose": [0.9999999995097982, -3.101537051472953e-05, 4.295516075004146e-06, -0.0002742394457162006, 3.131141396919918e-05, 0.9905247166661321, -0.13733457209703273, -0.00033920990691546984, 4.667794746294918e-09, 0.13733457216420958, 0.9905247171517101, 0.017413722861547715, 0.0, 0.0, 0.0, 1.0], "right_foot_pose": [0.9999999993970452, -3.4340423113752625e-05, 5.161865413494597e-06, -0.00031292560576450494, 3.472620776827116e-05, 0.9888783980721021, -0.1487263010379938, -0.1403769292186856, 2.86690438311108e-09, 0.14872630112757046, 0.9888783986683658, 2.5085916538492015e-09, 0.0, 0.0, 0.0, 1.0]}, {"left_foot_pose": [0.9999999994426542, -3.323786977229488e-05, 3.1523311181953214e-06, -0.0003007065313364303, 3.338702072599337e-05, 0.9955183502637932, -0.09456856334619486, -0.0003621444695555056, 5.054118291788558e-09, 0.09456856339873418, 0.9955183508186585, 0.007880553420493173, 0.0, 0.0, 0.0, 1.0], "right_foot_pose": [0.9999999993970445, -3.4493120959649215e-05, 4.016899312176062e-06, -0.00031292544111641307, 3.472622723777477e-05, 0.9932742034564565, -0.11578581753406325, -0.1403769293139061, 3.931744488847989e-09, 0.11578581760374118, 0.9932742040553725, 3.531849847304702e-09, 0.0, 0.0, 0.0, 1.0]}, {"left_foot_pose": [0.9999999994031228, -3.4503218325100374e-05, 1.8119802736034058e-06, -0.0003155498577358216, 3.455076442371737e-05, 0.9986162568432659, -0.052588690557854215, -0.0003749964511555563, 5.0061132720305056e-09, 0.05258869058907037, 0.9986162574393269, 0.0011536246079341603, 0.0, 0.0, 0.0, 1.0], "right_foot_pose": [0.9999999993970454, -3.462142748991965e-05, 2.695454288992518e-06, -0.00031292530433642453, 3.4726196049067706e-05, 0.9969722175401972, -0.07775857667854436, -0.14037692901705484, 4.819884111051687e-09, 0.07775857672526224, 0.9969722181413389, 4.40812664842527e-09, 0.0, 0.0, 0.0, 1.0]}, {"left_foot_pose": [0.9999999993970511, -3.472384534938241e-05, 3.9141426261335565e-07, -0.00031778682796511246, 3.472605095917125e-05, 0.999934815543696, -0.011417681800478285, -0.00037692810698351786, 5.077068213354005e-09, 0.011417681807186143, 0.9999348161466082, 4.72142534790887e-09, 0.0, 0.0, 0.0, 1.0], "right_foot_pose": [0.9999999993970485, -3.4702798560796096e-05, 1.2722540109757266e-06, -0.00031292526217999693, 3.472611167410781e-05, 0.9993232326719835, -0.03678417371797152, -0.14037692874580565, 5.120779505616629e-09, 0.036784173739972746, 0.9993232332745334, 4.754632999814934e-09, 0.0, 0.0, 0.0, 1.0]}, {"left_foot_pose": [0.9999999993970543, -3.471065587599355e-05, -1.0308084245618238e-06, -0.00031778689320748413, 3.472595822879397e-05, 0.999563371931163, 0.029547661290063504, -0.000376928316207531, 4.73964149491196e-09, -0.02954766130804379, 0.9995633725338411, 4.328460791180877e-09, 0.0, 0.0, 0.0, 1.0], "right_foot_pose": [0.9999999993970518, -3.472568887707994e-05, -1.5036204398224646e-07, -0.00031292536558867243, 3.472601408978241e-05, 0.9999912030507272, 0.004194355166515739, -0.14037692889825032, 4.708848546453579e-09, -0.004194355169208372, 0.9999912036536693, 4.4852401376305195e-09, 0.0, 0.0, 0.0, 1.0]}, {"left_foot_pose": [0.9999999993970561, -3.464663404630833e-05, -2.345078927045608e-06, -0.0003177870569693243, 3.4725907214936655e-05, 0.9977244479813346, 0.06742347287446068, -0.00037692842254967787, 3.746186908669396e-09, -0.06742347291524321, 0.9977244485828984, 3.3782395492121253e-09, 0.0, 0.0, 0.0, 1.0], "right_foot_pose": [0.9999999993886368, -3.49365488513211e-05, -1.4709212423633925e-06, -0.0003080945570847947, 3.496749972101918e-05, 0.9991199851070693, 0.041943463578053126, -0.14037693971796872, 4.266945317328829e-09, -0.04194346360384502, 0.9991199857178881, 4.719504318705797e-05, 0.0, 0.0, 0.0, 1.0]}, {"left_foot_pose": [0.9999999993970561, -3.455246456951047e-05, -3.466374988269519e-06, -0.0003177871708477547, 3.472590613041144e-05, 0.9950129190075416, 0.09974612675289003, -0.0003769280336733353, 2.6133845113350364e-09, -0.09974612681312182, 0.9950129196074701, 2.299310880582439e-09, 0.0, 0.0, 0.0, 1.0], "right_foot_pose": [0.9999999982255294, -5.9399397489542235e-05, -4.54451517600783e-06, 0.0001840140238775986, 5.957298775364014e-05, 0.9971027579323116, 0.0760663300997041, -0.14037814453520311, 1.3054438149924985e-08, -0.07606633023545709, 0.9971027597015818, 0.004388293958385858, 0.0, 0.0, 0.0, 1.0]}, {"left_foot_pose": [0.9999999993970552, -3.445036228870102e-05, -4.3661313945391235e-06, -0.00031778729174871534, 3.472593501463619e-05, 0.9920701399471655, 0.12568546542588596, -0.00037692803276685206, 1.5987648636426442e-09, -0.1256854655017226, 0.9920701405453226, 1.3805265680622014e-09, 0.0, 0.0, 0.0, 1.0], "right_foot_pose": [0.9999999928743183, -0.00011867166401972255, -1.2976855795154071e-05, 0.0013801246983072325, 0.0001193790680930739, 0.9940988277478189, 0.10847813797742822, -0.14038108993838944, 2.699599001261135e-08, -0.10847813875361267, 0.9940988348311001, 0.013158003603568565, 0.0, 0.0, 0.0, 1.0]}, {"left_foot_pose": [0.9999999993970541, -3.435921479237584e-05, -5.033646301277235e-06, -0.0003177874383775361, 3.472597350135932e-05, 0.9894418198226492, 0.14493061781470376, -0.0003769282650844946, 7.979287182374051e-10, -0.1449306179021167, 0.9894418204192261, 6.789407647200818e-10, 0.0, 0.0, 0.0, 1.0], "right_foot_pose": [0.9999999785721324, -0.00020503162652834298, -2.8596620117281247e-05, 0.0031328453042797095, 0.0002070162620426397, 0.9904414590286216, 0.13793358322584873, -0.14038541396125348, 4.253123047509412e-08, -0.13793358619019178, 0.9904414802504541, 0.02262926669575878, 0.0, 0.0, 0.0, 1.0]}, {"left_foot_pose": [0.9999999993970528, -3.429358130397753e-05, -5.46313005300659e-06, -0.0003177875996089939, 3.472600622852637e-05, 0.9875486766428352, 0.15731373129860565, -0.00037692853900518544, 2.5561939695652734e-10, -0.15731373139346644, 0.9875486772382743, 2.365008328064633e-10, 0.0, 0.0, 0.0, 1.0], "right_foot_pose": [0.9999999503513333, -0.00031107256318564983, -5.031094295765192e-05, 0.005294790451467142, 0.0003151147846400758, 0.9872001252716974, 0.15948609145068804, -0.14039075082415226, 5.52219301923579e-08, -0.1594860993861384, 0.9872001742820915, 0.029075039730253542, 0.0, 0.0, 0.0, 1.0]}, {"left_foot_pose": [0.9999999993970521, -3.4263011897670546e-05, -5.651781703252432e-06, -0.00031778767975203817, 3.4726022241863366e-05, 0.9866668276926372, 0.16275309497841128, -0.00037692860731182616, 1.4294105035333254e-11, -0.1627530950765435, 0.9866668282875465, 7.571540616702066e-11, 0.0, 0.0, 0.0, 1.0], "right_foot_pose": [0.999999904819202, -0.0004301546825423163, -7.299682352545858e-05, 0.007718574514932958, 0.0004363044617503451, 0.9859284149227266, 0.16716749171527434, -0.14039672821607216, 6.176318243219351e-08, -0.167167507652979, 0.9859285087596804, 0.03000000096977065, 0.0, 0.0, 0.0, 1.0]}, {"left_foot_pose": [0.9999999993970523, -3.4269393507885483e-05, -5.612937282350358e-06, -0.0003177876588263978, 3.472601901093925e-05, 0.9868508982478243, 0.1616332373664721, -0.0003769285973835865, 5.918337520156895e-11, -0.1616332374639306, 0.9868508988428445, 1.373492153344813e-10, 0.0, 0.0, 0.0, 1.0], "right_foot_pose": [0.9999998413940041, -0.0005554025707101207, -9.34877017376113e-05, 0.01025680028617075, 0.0005632157331267577, 0.9861457887200069, 0.1658799752165196, -0.14040298564393044, 6.233870080042013e-08, -0.16588000156070556, 0.9861459451228384, 0.030000001009178726, 0.0, 0.0, 0.0, 1.0]}, {"left_foot_pose": [0.9999999993970532, -3.431164083032736e-05, -5.3484802938756975e-06, -0.00031778759181440546, 3.4725998010204715e-05, 0.9880694795492788, 0.1540087737024187, -0.0003769286018751013, 3.7641213914811447e-10, -0.1540087737952909, 0.9880694801450313, 4.5218461613982797e-10, 0.0, 0.0, 0.0, 1.0], "right_foot_pose": [0.9999997629981882, -0.0006799534720622, -0.00010801316071867304, 0.012762080156219009, 0.0006884791673100444, 0.9876293516629511, 0.15680494166401432, -0.14040916195840056, 5.690337048429323e-08, -0.15680497886577022, 0.9876295857268059, 0.030000001200720057, 0.0, 0.0, 0.0, 1.0]}, {"left_foot_pose": [0.9999999993970543, -3.43859259125563e-05, -4.847727386791295e-06, -0.00031778762514300755, 3.472596090357166e-05, 0.9902121141276277, 0.13957065532912974, -0.00037692830124753333, 1.0121703962352475e-09, -0.13957065541331826, 0.9902121147246676, 1.0859658450268483e-09, 0.0, 0.0, 0.0, 1.0], "right_foot_pose": [0.9999996762085808, -0.0007972227805017502, -0.00010962924530721256, 0.015087029652981452, 0.0008047252518996109, 0.9906844719155582, 0.13617499595248975, -0.1404148868649323, 4.618208550008564e-08, -0.13617504008161688, 0.9906847926857301, 0.026805805097299677, 0.0, 0.0, 0.0, 1.0]}, {"left_foot_pose": [0.9999999993970557, -3.448240314384154e-05, -4.105308714640769e-06, -0.00031778757350883226, 3.4725922344119446e-05, 0.9929938370143689, 0.11816614762948112, -0.0003769279835534522, 1.8935117768233656e-09, -0.11816614770079417, 0.992993837613082, 1.9854834096277862e-09, 0.0, 0.0, 0.0, 1.0], "right_foot_pose": [0.9999995908628736, -0.000899628589694674, -9.456471825796535e-05, 0.01708424723397005, 0.0009045850343496523, 0.994523936945813, 0.10450512220803286, -0.14041980430213624, 3.108019008652478e-08, -0.10450516499293648, 0.9945243438397061, 0.01854680316277734, 0.0, 0.0, 0.0, 1.0]}, {"left_foot_pose": [0.9999999993970563, -3.458412034065143e-05, -3.134783535140742e-06, -0.0003177874665630537, 3.4725901558444196e-05, 0.9959247148050561, 0.0901884761739571, -0.00037692785229667333, 2.919284467832422e-09, -0.0901884762284368, 0.995924715405534, 3.045116277189397e-09, 0.0, 0.0, 0.0, 1.0], "right_foot_pose": [0.9999995191239722, -0.000978375981928844, -6.732207583941955e-05, 0.018606345797211078, 0.0009806894634078636, 0.997641637579096, 0.0686309056961647, -0.14042355699255676, 1.6476234238308097e-08, -0.06863093871525797, 0.9976421173201651, 0.008928518328298461, 0.0, 0.0, 0.0, 1.0]}, {"left_foot_pose": [0.9999999993970556, -3.467028453037948e-05, -1.9649089668110088e-06, -0.00031778732635263885, 3.4725919449598906e-05, 0.9984041965130305, 0.056471755588801326, -0.0003769280608679551, 3.8815235933789e-09, -0.056471755622985384, 0.9984041971150057, 4.073366012546931e-09, 0.0, 0.0, 0.0, 1.0], "right_foot_pose": [0.9999994740013729, -0.0010251533817886163, -3.2519551069802635e-05, 0.019505939917655823, 0.0010256690388964866, 0.999496926630225, 0.031699237526428795, -0.14042578111712242, 6.6107989765546236e-09, -0.031699254206970215, 0.9994974523642979, 0.0016779970625841953, 0.0, 0.0, 0.0, 1.0]}, {"left_foot_pose": [0.9999999993970536, -3.4719613990067824e-05, -6.65044618652245e-07, -0.00031778725783478736, 3.472598250517167e-05, 0.9998189964769505, 0.019025590081001804, -0.00037692840504656433, 4.3630993027062745e-09, -0.019025590092624837, 0.9998189970797857, 4.653999602366454e-09, 0.0, 0.0, 0.0, 1.0], "right_foot_pose": [0.9999994646710648, -0.001034707378917869, 6.182512295234263e-06, 0.019687076658404686, 0.0010347258494048182, 0.9999815888877011, -0.005979233064986641, -0.1404262344291317, 4.358104160228374e-09, 0.005979236261335325, 0.9999821242070935, 4.3806862512485445e-09, 0.0, 0.0, 0.0, 1.0]}, {"left_foot_pose": [0.999999999397051, -3.471973167308771e-05, 6.629462469549516e-07, -0.0003177873963933303, 3.472606006507917e-05, 0.9998154437892697, -0.01921138086049793, -0.00037692830534946653, 4.190092354086548e-09, 0.01921138087193582, 0.9998154443921109, 4.625624980270082e-09, 0.0, 0.0, 0.0, 1.0], "right_foot_pose": [0.9999994646709862, -0.0010337110443633323, 4.5817214899219796e-05, 0.019687076507885995, 0.0010347259252584682, 0.9990184625663275, -0.04428364025089603, -0.14042623428222922, 4.244424148684135e-09, 0.044283663952838524, 0.999018997370376, 4.207928706867481e-09, 0.0, 0.0, 0.0, 1.0]}, {"left_foot_pose": [0.9999999993970491, -3.467368237490377e-05, 1.907460519146692e-06, -0.0003177875093804181, 3.472610896408355e-05, 0.9984849549493826, -0.05502538990164135, -0.00037692829018366736, 3.3622614084333313e-09, 0.055025389934702275, 0.9984849555514268, 3.927346385601549e-09, 0.0, 0.0, 0.0, 1.0], "right_foot_pose": [0.9999994646709454, -0.001031385191050972, 8.308074484820288e-05, 0.019687076297468964, 0.0010347259649163343, 0.9967705428736976, -0.08029579192866812, -0.14042623412915659, 3.4515540762938335e-09, 0.0802958349098015, 0.9967710764745022, 3.451318758562749e-09, 0.0, 0.0, 0.0, 1.0]}, {"left_foot_pose": [0.9999999972105591, -7.440237577855587e-05, 6.57034853057823e-06, 0.00047872349264745974, 7.469191863117401e-05, 0.9961435938494321, -0.08773787582256548, -0.000376510875096556, -1.710419140805621e-08, 0.08773787606857761, 0.9961435966280042, 0.0035756487240509865, 0.0, 0.0, 0.0, 1.0], "right_foot_pose": [0.9999994646709507, -0.0010282901061624632, 0.00011522703295586228, 0.01968707633851143, 0.0010347259596384043, 0.9937793412688657, -0.11136224768478603, -0.14042623458102976, 2.45258675898861e-09, 0.111362307297742, 0.9937798732683831, 2.459705647495092e-09, 0.0, 0.0, 0.0, 1.0]}, {"left_foot_pose": [0.9999999825553167, -0.00018544312817577553, 2.2365448686504597e-05, 0.002712748152674656, 0.00018678695038729996, 0.9928358987841608, -0.1194857447400469, -0.00037532047883397784, -4.741007150713493e-08, 0.11948574683322968, 0.9928359161028092, 0.012017792148726981, 0.0, 0.0, 0.0, 1.0], "right_foot_pose": [0.9999994646709833, -0.0010250399045724074, 0.0001412477976967594, 0.01968707626302151, 0.0010347259281171454, 0.9906383130117707, -0.13650883537502848, -0.14042623462670178, 1.5235589360062542e-09, 0.1365089084506463, 0.9906388433297036, 1.5650971976755024e-09, 0.0, 0.0, 0.0, 1.0]}, {"left_foot_pose": [0.9999999365329395, -0.00035228858484515405, 5.316832481156565e-05, 0.006090652556041199, 0.00035627813708052837, 0.9888366019073644, -0.14900351604638776, -0.0003735120048279396, -8.254783108060191e-08, 0.14900352553228413, 0.9888366646615326, 0.02159996567452209, 0.0, 0.0, 0.0, 1.0], "right_foot_pose": [0.9999994646710243, -0.0010221675059529235, 0.00016072104654524878, 0.019687076079060103, 0.001034725888836369, 0.9878624372549115, -0.1553278288109421, -0.14042623440702726, 7.746221023178184e-10, 0.15532791196168216, 0.9878629660867058, 8.551558974834172e-10, 0.0, 0.0, 0.0, 1.0]}, {"left_foot_pose": [0.9999998384460282, -0.0005599911336502115, 9.755946118507013e-05, 0.010318696097514655, 0.0005684258131759106, 0.9851957606384905, -0.17143217350323195, -0.00037124438694789014, -1.1467038580582646e-07, 0.17143220126299932, 0.9851959197896176, 0.028595125545479126, 0.0, 0.0, 0.0, 1.0], "right_foot_pose": [0.9999994646710584, -0.0010200879340334168, 0.00017343068781184372, 0.019687075821451436, 0.0010347258557876855, 0.9858527637904427, -0.1676104336524102, -0.14042623412158303, 2.580815270837221e-10, 0.16761052337891086, 0.9858532915462868, 3.9119532613263175e-10, 0.0, 0.0, 0.0, 1.0]}, {"left_foot_pose": [0.9999996731720474, -0.0007952643725175414, 0.00014563782761890914, 0.015103143494889334, 0.0008084898153704379, 0.983670897229614, -0.1799747545843736, -0.0003686833193044213, -1.3218229109071745e-07, 0.1799748135102932, 0.983671218701614, 0.030000004046560627, 0.0, 0.0, 0.0, 1.0], "right_foot_pose": [0.9999994646710756, -0.0010190825719214806, 0.00017924361490890333, 0.019687075652559078, 0.0010347258389930886, 0.9848811974969562, -0.1732280466881724, -0.14042623403009274, 1.7252393807166936e-11, 0.17322813942218823, 0.9848817247326337, 2.1431409424899073e-10, 0.0, 0.0, 0.0, 1.0]}, {"left_foot_pose": [0.9999994363634774, -0.0010445313942284264, 0.00019033364194711306, 0.02015023214326747, 0.0010617309973212188, 0.9838225675246235, -0.1791424806028662, -0.0003659845792094163, -1.345872774202359e-07, 0.17914258171474856, 0.9838231220176513, 0.03000000440733778, 0.0, 0.0, 0.0, 1.0], "right_foot_pose": [0.9999994646710735, -0.0010192088759274638, 0.00017852404211533054, 0.019687075676603303, 0.0010347258411689698, 0.9850032557760017, -0.17253265039728122, -0.14042623404813676, 4.59539279388659e-11, 0.1725327427590022, 0.9850037830770275, 2.4049229274680783e-10, 0.0, 0.0, 0.0, 1.0]}, {"left_foot_pose": [0.9999991374761363, -0.001294074575797395, 0.00022453947615227597, 0.02516621824378376, 0.0013134104342680023, 0.9852933359596961, -0.1708663719590412, -0.0003633022514748091, -1.2342170231627465e-07, 0.17086651949520865, 0.9852941857717316, 0.030000004367203355, 0.0, 0.0, 0.0, 1.0], "right_foot_pose": [0.999999464671053, -0.0010204377767948755, 0.0001713602951620767, 0.019687075740464167, 0.0010347258608289526, 0.986190850101123, -0.16560959066194608, -0.14042623405307744, 3.273512635040494e-10, 0.16560967931726714, 0.9861913780379709, 5.059863361633887e-10, 0.0, 0.0, 0.0, 1.0]}, {"left_foot_pose": [0.9999988006257747, -0.0015321083464929237, 0.0002266958917106763, 0.02985736550207208, 0.0015487888829630455, 0.9892375847028297, -0.14630995271788252, -0.00036079953845307225, -9.339664390007759e-08, 0.14631012834157303, 0.9892387711491422, 0.027515127483150686, 0.0, 0.0, 0.0, 1.0], "right_foot_pose": [0.99999946467101, -0.0010234154919794354, 0.00015257268566071824, 0.019687075687133446, 0.0010347259026584645, 0.989068497943946, -0.1474531644869413, -0.1404262343347108, 1.0158435656342423e-09, 0.1474532434218974, 0.9890690274214248, 1.1800723453969653e-09, 0.0, 0.0, 0.0, 1.0]}, {"left_foot_pose": [0.9999984632686886, -0.0017416189915809338, 0.0002005580979869453, 0.03392990447982311, 0.0017531287058100218, 0.9934370182090217, -0.11436702930350909, -0.0003586286144678062, -5.804859611956999e-08, 0.11436720515627273, 0.9934385448454982, 0.019661070746127315, 0.0, 0.0, 0.0, 1.0], "right_foot_pose": [0.9999994646709682, -0.0010264546622181406, 0.00013057029903435508, 0.019687075713968404, 0.0010347259427384288, 0.9920055477339015, -0.12619002578407632, -0.14042623465624332, 1.8792799511340796e-09, 0.12619009333536768, 0.9920060787838, 2.05541496323125e-09, 0.0, 0.0, 0.0, 1.0]}, {"left_foot_pose": [0.9999981727159641, -0.0019058941604447332, 0.00014876889190993593, 0.03709008902685918, 0.0019116915894983016, 0.9969666067182981, -0.07780700819251431, -0.0003569391041525257, -2.569479701201655e-08, 0.07780715041724959, 0.99696842845897, 0.010009255516394124, 0.0, 0.0, 0.0, 1.0], "right_foot_pose": [0.9999994646709432, -0.0010297013916562054, 0.00010184729028950847, 0.019687075821725727, 0.001034725966867456, 0.995143243891448, -0.0984319738671309, -0.1404262347933782, 2.8976341273587937e-09, 0.09843202655767098, 0.9951437766211223, 3.1128322072748738e-09, 0.0, 0.0, 0.0, 1.0]}, {"left_foot_pose": [0.9999979804728691, -0.0020081093049623693, 8.091479412506886e-05, 0.03904418121590882, 0.002009738834917563, 0.9991872296193259, -0.040259671080039264, -0.00035588819008021584, -3.2088667697019228e-09, 0.04025975239214515, 0.9991892475088611, 0.0022867273809214564, 0.0, 0.0, 0.0, 1.0], "right_foot_pose": [0.9999994646709567, -0.0010325460728494056, 6.712977741474816e-05, 0.019687075979644978, 0.001034725953843601, 0.9978924991728312, -0.06488057827117172, -0.14042623460778514, 3.884944466351217e-09, 0.06488061299963668, 0.9978930333742148, 4.1921492596741494e-09, 0.0, 0.0, 0.0, 1.0]}, {"left_foot_pose": [0.9999979299457081, -0.0020347193169130188, 4.647652001737721e-06, 0.03954215272647007, 0.002034724624923515, 0.9999953163034593, -0.002286321684742111, -0.00035561399936195545, 4.392662756399422e-09, 0.0022863264086239437, 0.9999973863523617, 4.594574186389533e-09, 0.0, 0.0, 0.0, 1.0], "right_foot_pose": [0.9999994646710195, -0.0010343394293154064, 2.8277538447590443e-05, 0.019687076127147693, 0.0010347258932673058, 0.99962585417778, -0.027332782545317298, -0.1404262341934559, 4.4161746467387055e-09, 0.027332797172787787, 0.9996263893068806, 4.859713159666157e-09, 0.0, 0.0, 0.0, 1.0]}, {"left_foot_pose": [0.9999979299458676, -0.0020333753373674166, -7.408588157744058e-05, 0.039542152601326035, 0.0020347245465776403, 0.9993349171855375, 0.03640855929304705, -0.0003556141494981072, 4.341794837350631e-09, -0.036408634669720344, 0.9993369858668737, 4.470286828206493e-09, 0.0, 0.0, 0.0, 1.0], "right_foot_pose": [0.9999994646711018, -0.001034659144721228, -1.1745805399249841e-05, 0.01968707601030741, 0.0010347258137696999, 0.9999350802888413, 0.01134744685992373, -0.14042623431481763, 4.303201902291209e-09, -0.011347452938995693, 0.999935615583222, 4.876879060311534e-09, 0.0, 0.0, 0.0, 1.0]}, {"left_foot_pose": [0.9999979299459664, -0.002029265887212996, -0.0001489420759628493, 0.03954215231476534, 0.0020347244980553087, 0.997315339060174, 0.07319818557524596, -0.00035561430189279264, 3.6359952173714203e-09, -0.0731983371071375, 0.997317403560547, 3.735642899183045e-09, 0.0, 0.0, 0.0, 1.0], "right_foot_pose": [0.9999994646711599, -0.0010335338290907096, -4.965095383651734e-05, 0.01968707583093952, 0.0010347257574252592, 0.9988477033517652, 0.04798119268537014, -0.14042623432695944, 3.5554080937757877e-09, -0.047981218374774905, 0.9988482380638575, 4.231928842080013e-09, 0.0, 0.0, 0.0, 1.0]}, {"left_foot_pose": [0.99999792994597, -0.0020234230691314817, -0.0002141561565065123, 0.039542152317094, 0.002034724496352619, 0.9944437983333871, 0.1052491893198732, -0.00035561389509909756, 2.6240353809329605e-09, -0.10524940719714244, 0.9944458568894798, 2.7144213612939616e-09, 0.0, 0.0, 0.0, 1.0], "right_foot_pose": [0.9999994318631361, -0.0010624411668212195, -8.655733520434658e-05, 0.020313969797274668, 0.0010659612586013144, 0.9966986781125627, 0.08118256447825198, -0.14042526452386953, 1.988304916368052e-08, -0.08118261062221047, 0.9966992443724246, 0.0028303686429548697, 0.0, 0.0, 0.0, 1.0]}, {"left_foot_pose": [0.9999979299459134, -0.00201707513217511, -0.0002674169034839362, 0.03954215224877212, 0.002034724524132595, 0.9913239615184255, 0.13142550443322237, -0.0003556138088965325, 1.6674125604332478e-09, -0.13142577649505155, 0.9913260136164458, 1.7696540691169993e-09, 0.0, 0.0, 0.0, 1.0], "right_foot_pose": [0.9999993151582154, -0.0011628046010540793, -0.00013254644118831336, 0.022408723103056416, 0.0011703346089680497, 0.9935699508528435, 0.11321388200738038, -0.1404220448217353, 4.8538155571609154e-08, -0.11321395959747099, 0.9935706312850937, 0.01089335977219271, 0.0, 0.0, 0.0, 1.0]}, {"left_foot_pose": [0.999997929945835, -0.002011307352664376, -0.0003078096472291685, 0.039542152064182594, 0.0020347245626397515, 0.9884892331589932, 0.15127754567251755, -0.000355614010876624, 8.822439873093732e-10, -0.15127785882765388, 0.9884912793892121, 1.0040530559751737e-09, 0.0, 0.0, 0.0, 1.0], "right_foot_pose": [0.9999991104374917, -0.0013200648259540882, -0.00019118859795041259, 0.02569019474066169, 0.001333838152848027, 0.9896818360611325, 0.14327625150892187, -0.1404170100939343, 8.194264188871393e-08, -0.14327637907038673, 0.9896827164301053, 0.02053485729105263, 0.0, 0.0, 0.0, 1.0]}, {"left_foot_pose": [0.9999979299457649, -0.0020069756706244213, -0.00033489228683260594, 0.0395421517978484, 0.00203472459715297, 0.9863603025955351, 0.16458801098336173, -0.0003556143067031253, 3.2365689984196734e-10, -0.16458835169082592, 0.9863623444189756, 4.821993429549032e-10, 0.0, 0.0, 0.0, 1.0], "right_foot_pose": [0.9999988115298966, -0.0015200531545999732, -0.0002576377323425985, 0.02986257850823369, 0.0015417323961673692, 0.9859493516296168, 0.16703741821028079, -0.14041061315414124, 1.120006716021668e-07, -0.16703761689974175, 0.9859505233734815, 0.02802781686467705, 0.0, 0.0, 0.0, 1.0]}, {"left_foot_pose": [0.9999979299457229, -0.002005100856800383, -0.00034594049190763196, 0.03954215158624715, 0.0020347246177024095, 0.9854388612990344, 0.1700179712189082, -0.00035561443388770243, 2.4660073799744342e-11, -0.1700183231661149, 0.9854409012151786, 2.5726012292670575e-10, 0.0, 0.0, 0.0, 1.0], "right_foot_pose": [0.9999984170856092, -0.001751475041192726, -0.0003133072862427246, 0.0346300769785545, 0.0017792768921750881, 0.9843857862493267, 0.17601550501031424, -0.14040329989710335, 1.2847541702353817e-07, -0.17601578385325314, 0.9843873444099676, 0.030000003761256826, 0.0, 0.0, 0.0, 1.0]}, {"left_foot_pose": [0.9999979299457255, -0.0020052363138745428, -0.0003451544448739468, 0.03954215161530674, 0.0020347246165755423, 0.9855054355747355, 0.16963164901747071, -0.0003556144157781504, 3.894359647205028e-11, -0.169632000164996, 0.9855074756286853, 2.6920789902851183e-10, 0.0, 0.0, 0.0, 1.0], "right_foot_pose": [0.9999979360295856, -0.0020001583831857463, -0.0003567954744936174, 0.039696863780349825, 0.00203173240142756, 0.9844689361590826, 0.1755471042234898, -0.14039552366880145, 1.320490443667723e-07, -0.17554746681238673, 0.9844709680309198, 0.03000000419887735, 0.0, 0.0, 0.0, 1.0]}, {"left_foot_pose": [0.9999979299457646, -0.0020075580151191967, -0.0003313834674874731, 0.03954215168503635, 0.0020347245972353275, 0.9866465043208046, 0.16286354843043024, -0.0003556144101801951, 3.1776379774698373e-10, -0.16286388556814438, 0.9866485467367029, 5.324088669933502e-10, 0.0, 0.0, 0.0, 1.0], "right_foot_pose": [0.999997390846145, -0.0022520765319251914, -0.000382690731401108, 0.04476713087937632, 0.002284360060601768, 0.9858740126153818, 0.16747302155499424, -0.14038774232396262, 1.2278538238883384e-07, -0.167473458