{"LoopMode": "Wrap", "FrameDuration": 0.0167, "EnableCycleOffsetPosition": true, "EnableCycleOffsetRotation": false, "Debug_info": [{"left_foot_pose": [0.9999999999983908, -1.794056280177827e-06, -2.37156835280686e-08, 6.316094444742714e-05, 1.7942130228252487e-06, 0.9999126399113818, 0.013217887207605323, -4.2751497446487374e-05, -2.222551141447386e-14, -0.01321788720762682, 0.9999126399129914, 1.1823278467382181e-11, 0.0, 0.0, 0.0, 1.0], "right_foot_pose": [0.9999999999932017, 3.6871033692574972e-06, -3.942453369323499e-08, 9.856283056834089e-05, -3.6873141375560456e-06, 0.9999428396147351, -0.010691935728574206, -0.1402658325884321, 7.87957576863546e-15, 0.010691935728646728, 0.9999428396215326, 9.819707547098488e-12, 0.0, 0.0, 0.0, 1.0]}, {"left_foot_pose": [0.9999999999983907, -1.7941096314832503e-06, -1.9261485073550927e-08, 6.316094442758027e-05, 1.7942130240790304e-06, 0.999942374391892, 0.01073535711036868, -4.27514969393826e-05, -3.2692313538522054e-14, -0.010735357110386179, 0.9999423743935014, 2.5921695345765272e-11, 0.0, 0.0, 0.0, 1.0], "right_foot_pose": [0.9999999999932019, 3.6869941258644066e-06, -4.857851487740843e-08, 9.856283065587317e-05, -3.6873141384835894e-06, 0.9999132125625323, -0.013174495408920564, -0.14026583258980657, 1.1568389834380946e-14, 0.01317449540900996, 0.99991321256933, 2.2892208961788896e-11, 0.0, 0.0, 0.0, 1.0]}, {"left_foot_pose": [0.9999999999983911, -1.794165624909453e-06, -1.3041795199308104e-08, 6.316094438078516e-05, 1.7942130250381256e-06, 0.9999735816683074, 0.007268834998699337, -4.275149595397987e-05, -4.3426839363412296e-14, -0.007268834998711258, 0.9999735816699173, 4.519935814517595e-11, 0.0, 0.0, 0.0, 1.0], "right_foot_pose": [0.9999999999932017, 3.68680349057549e-06, -6.136433927663914e-08, 9.856283073509615e-05, -3.6873141390229757e-06, 0.9998615121325033, -0.016642011372057203, -0.14026583259139655, 1.5156130189431723e-14, 0.016642011372170175, 0.9998615121393003, 4.108931250801362e-11, 0.0, 0.0, 0.0, 1.0]}, {"left_foot_pose": [0.9999999999983908, -1.7942057925833448e-06, -5.094519639447242e-09, 6.316094431148937e-05, 1.7942130256638359e-06, 0.9999959687590376, 0.0028394475617271237, -4.275149441503208e-05, -5.442929998717493e-14, -0.002839447561731915, 0.9999959687606472, 6.932928536818039e-11, 0.0, 0.0, 0.0, 1.0], "right_foot_pose": [0.9999999999932019, 3.68649523269457e-06, -7.770753140958959e-08, 9.856283079326775e-05, -3.6873141391405126e-06, 0.9997779125649937, -0.021074286075397696, -0.14026583259306666, 1.825401362792146e-14, 0.021074286075540793, 0.9997779125717903, 6.403141905586551e-11, 0.0, 0.0, 0.0, 1.0]}, {"left_foot_pose": [0.9999999999983908, -1.7942072370770931e-06, 4.557600796795959e-09, 6.316094422402325e-05, 1.7942130259539578e-06, 0.999996773861752, -0.0025401304827812896, -4.2751492190008095e-05, -6.592186666060644e-14, 0.0025401304827851563, 0.9999967738633617, 9.861819000311911e-11, 0.0, 0.0, 0.0, 1.0], "right_foot_pose": [0.9999999999932017, 3.6860231280285043e-06, -9.756566315968413e-08, 9.856283082273718e-05, -3.6873141388485183e-06, 0.9996498778513145, -0.0264598128915464, -0.14026583259470538, 2.0917433657508565e-14, 0.02645981289172612, 0.9996498778581102, 9.193457106704273e-11, 0.0, 0.0, 0.0, 1.0]}, {"left_foot_pose": [0.999999999998391, -1.7941423309397669e-06, 1.592725490388109e-08, 6.316094412270528e-05, 1.7942130259056532e-06, 0.9999605989174527, -0.00887697073504569, -4.275148906315515e-05, -7.884815829515775e-14, 0.008876970735059756, 0.9999605989190623, 1.3406224047551873e-10, 0.0, 0.0, 0.0, 1.0], "right_foot_pose": [0.9999999999932018, 3.68532926471928e-06, -1.209700978277681e-07, 9.856283081913676e-05, -3.687314138161081e-06, 0.9994617022841231, -0.03280709761205011, -0.14026583259620268, 2.2979941015078592e-14, 0.032807097612272976, 0.9994617022909176, 1.2566862134244516e-10, 0.0, 0.0, 0.0, 1.0]}, {"left_foot_pose": [0.9999999999983908, -1.793977499896773e-06, 2.907076718242725e-08, 6.316094401287754e-05, 1.7942130254937165e-06, 0.9998687314403262, -0.016202465389400882, -4.275148471030721e-05, -9.298581661487135e-14, 0.016202465389426747, 0.9998687314419357, 1.7732686152793775e-10, 0.0, 0.0, 0.0, 1.0], "right_foot_pose": [0.999999999993202, 3.684341024797849e-06, -1.4804309833585024e-07, 9.856283077948519e-05, -3.687314137087131e-06, 0.999193691857286, -0.04014929811354707, -0.14026583259741515, 2.3664712391926662e-14, 0.04014929811381984, 0.9991936918640787, 1.6672747210622063e-10, 0.0, 0.0, 0.0, 1.0]}, {"left_foot_pose": [0.9999999999983908, -1.7936711898137086e-06, 4.409126447283503e-08, 6.31609439025842e-05, 1.79421302469675e-06, 0.9996980114191133, -0.024574091264012117, -4.275147866676654e-05, -1.1022164645282778e-13, 0.02457409126405145, 0.9996980114207225, 2.3074808730427776e-10, 0.0, 0.0, 0.0, 1.0], "right_foot_pose": [0.9999999999932017, 3.6829665827636144e-06, -1.79004707112653e-07, 9.856283070190849e-05, -3.687314135587088e-06, 0.9988209434756268, -0.04854609006771344, -0.14026583259812211, 2.291683677709538e-14, 0.048546090068043286, 0.9988209434824169, 2.1720848036865803e-10, 0.0, 0.0, 0.0, 1.0]}, {"left_foot_pose": [0.9999999999983911, -1.7931710754049335e-06, 6.113809475353313e-08, 6.316094380494525e-05, 1.7942130234506847e-06, 0.9994192756178312, -0.03407508650482388, -4.2751470262062524e-05, -1.3099890530272174e-13, 0.03407508650487849, 0.9994192756194402, 2.9761591802124343e-10, 0.0, 0.0, 0.0, 1.0], "right_foot_pose": [0.9999999999932017, 3.681088949585624e-06, -2.1417204743026304e-07, 9.856283058614086e-05, -3.6873141336474798e-06, 0.9983117296973444, -0.058083477298629255, -0.1402658325979795, 2.057064609361119e-14, 0.05808347729902395, 0.998311729704131, 2.800538620451043e-10, 0.0, 0.0, 0.0, 1.0]}, {"left_foot_pose": [0.999999999998391, -1.7924105461447612e-06, 8.040397952994247e-08, 6.316094374250977e-05, 1.7942130216580089e-06, 0.9989953990219167, -0.044812863441459724, -4.275145855638096e-05, -1.5692634328548642e-13, 0.04481286344153162, 0.998995399023525, 3.822842875589316e-10, 0.0, 0.0, 0.0, 1.0], "right_foot_pose": [0.9999999999932019, 3.6785585269992138e-06, -2.5395406244579565e-07, 9.856283043470533e-05, -3.68731413117516e-06, 0.9976254794477735, -0.06887236559755829, -0.14026583259643957, 1.5350499843344585e-14, 0.06887236559802633, 0.9976254794545556, 3.591102137878721e-10, 0.0, 0.0, 0.0, 1.0]}, {"left_foot_pose": [0.9999999999983911, -1.7913045350364656e-06, 1.0211963458187732e-07, 6.316094375400257e-05, 1.7942130192032672e-06, 0.9983789700165229, -0.056916010274164666, -4.2751442279154866e-05, -1.8861329821044019e-13, 0.05691601027425606, 0.99837897001813, 4.902423883512697e-10, 0.0, 0.0, 0.0, 1.0], "right_foot_pose": [0.9999999999932017, 3.6751842763790376e-06, -2.988411192950366e-07, 9.856283025683531e-05, -3.687314128118777e-06, 0.9967103829951061, -0.08104574273922525, -0.14026583259264888, 6.813646643824179e-15, 0.08104574273977608, 0.9967103830018816, 4.5913071955450135e-10, 0.0, 0.0, 0.0, 1.0]}, {"left_foot_pose": [0.9999999999983906, -1.7897450449720185e-06, 1.2654255954206523e-07, 6.316094390398291e-05, 1.7942130159616132e-06, 0.9975097970732829, -0.07052804222151488, -4.275141983738941e-05, -2.291114493902018e-13, 0.07052804222162817, 0.9975097970748886, 6.27775595396507e-10, 0.0, 0.0, 0.0, 1.0], "right_foot_pose": [0.9999999999932019, 3.670724351984075e-06, -3.493825751488508e-07, 9.856283007533053e-05, -3.6873141243577954e-06, 0.9955008517170039, -0.09475259477778776, -0.14026583258533643, -6.148638600871209e-15, 0.09475259477843172, 0.9955008517237715, 5.853659085230944e-10, 0.0, 0.0, 0.0, 1.0]}, {"left_foot_pose": [0.9999999999983908, -1.7875978134356776e-06, 1.5392981389531574e-07, 6.316094429405687e-05, 1.7942130117414888e-06, 0.9963130498192281, -0.08579223016503389, -4.275138945414314e-05, -2.794740771344822e-13, 0.08579223016517173, 0.9963130498208318, 8.012263907897221e-10, 0.0, 0.0, 0.0, 1.0], "right_foot_pose": [0.9999999999932019, 3.6648796693504418e-06, -4.0613104684841433e-07, 9.856282993844368e-05, -3.6873141197476446e-06, 0.9939157737918828, -0.11014279183898895, -0.1402658325727562, -2.486711838320778e-14, 0.11014279183973756, 0.9939157737986396, 7.427671186444051e-10, 0.0, 0.0, 0.0, 1.0]}, {"left_foot_pose": [0.9999999999983908, -1.7847044265720528e-06, 1.8447336069819046e-07, 6.316094506737028e-05, 1.7942130064061708e-06, 0.9947004372634956, -0.1028155635329224, -4.275134990738491e-05, -3.4153198039477395e-13, 0.10281556353308764, 0.9947004372650969, 1.013348523148938e-09, 0.0, 0.0, 0.0, 1.0], "right_foot_pose": [0.9999999999932018, 3.6573005362583225e-06, -4.695084293016256e-07, 9.85628299343567e-05, -3.68731411428279e-06, 0.9918603124870325, -0.12733075237164784, -0.14026583255288155, -5.150558215723049e-14, 0.1273307523725133, 0.9918603124937756, 9.32511123874491e-10, 0.0, 0.0, 0.0, 1.0]}, {"left_foot_pose": [0.9999999999983908, -1.7809005810845054e-06, 2.1815913558990228e-07, 6.316094636694213e-05, 1.794212999971587e-06, 0.9925803857888414, -0.12159020414513871, -4.2751303030920396e-05, -4.1367541410452186e-13, 0.12159020414533424, 0.9925803857904391, 1.2512319791380122e-09, 0.0, 0.0, 0.0, 1.0], "right_foot_pose": [0.9999999999932017, 3.647631058956987e-06, -5.39511806341177e-07, 9.856283019446176e-05, -3.6873141079925336e-06, 0.9892379491722463, -0.14631568577528586, -0.14026583252458708, -8.706324934828252e-14, 0.14631568577628035, 0.9892379491789712, 1.1410038538994804e-09, 0.0, 0.0, 0.0, 1.0]}, {"left_foot_pose": [0.9999999999983908, -1.7760749696213524e-06, 2.544758665457343e-07, 6.316094812565816e-05, 1.7942129933993995e-06, 0.9898908578618245, -0.1418312007929241, -4.275126016749231e-05, -4.883021977795796e-13, 0.1418312007931522, 0.9898908578634177, 1.45516142191493e-09, 0.0, 0.0, 0.0, 1.0], "right_foot_pose": [0.9999999999932017, 3.635647624697991e-06, -6.151029460222072e-07, 9.85628308183381e-05, -3.687314101738552e-06, 0.9859880397332738, -0.1668160228795196, -0.1402658324916145, -1.2943354764406672e-13, 0.16681602288065348, 0.9859880397399765, 1.3125095316146584e-09, 0.0, 0.0, 0.0, 1.0]}, {"left_foot_pose": [0.9999999999983906, -1.7703326064923438e-06, 2.9175796473216505e-07, 6.316094953823542e-05, 1.794212988748414e-06, 0.9866903791208499, -0.16261025720149203, -4.2751251133690826e-05, -5.366113194740055e-13, 0.1626102572017536, 0.9866903791224381, 1.4745869039711756e-09, 0.0, 0.0, 0.0, 1.0], "right_foot_pose": [0.9999999999932019, 3.6216398345995846e-06, -6.928276577445005e-07, 9.856283158181279e-05, -3.6873140976299406e-06, 0.9821891239054843, -0.18789498361633092, -0.14026583247032387, -1.6746819124412286e-13, 0.18789498361760806, 0.9821891239121613, 1.313005072722806e-09, 0.0, 0.0, 0.0, 1.0]}, {"left_foot_pose": [0.9999999999984344, -1.740160252173593e-06, 3.228056824067572e-07, 6.3293246002035e-05, 1.7698477928480783e-06, 0.9832200085253558, -0.1824237233264025, -4.357491804339586e-05, 5.750660149573811e-11, 0.18242372332668788, 0.9832200085268957, 0.0006652965942754441, 0.0, 0.0, 0.0, 1.0], "right_foot_pose": [0.9999999999932019, 3.607221054081794e-06, -7.64357190874444e-07, 9.856283002510622e-05, -3.6873141509202595e-06, 0.9782787270390391, -0.20729383061075723, -0.1402658326098541, -2.906184162973221e-13, 0.2072938306121662, 0.9782787270456896, 9.398321912379437e-10, 0.0, 0.0, 0.0, 1.0]}, {"left_foot_pose": [0.9999999999987803, -1.5293205728525723e-06, 3.1907260322763945e-07, 6.442784915021385e-05, 1.5622511663834615e-06, 0.9788965808050827, -0.20435626754684727, -5.0624246453866845e-05, 1.871635504429125e-10, 0.20435626754709607, 0.9788965808062775, 0.005804997908687104, 0.0, 0.0, 0.0, 1.0], "right_foot_pose": [0.9999999999932019, 3.5942749907270526e-06, -8.230876860637847e-07, 9.856285230993585e-05, -3.68731420515856e-06, 0.9747677320399724, -0.22322156831285953, -0.1402658327702035, -3.834390660041703e-13, 0.2232215683143768, 0.9747677320465991, 5.023447907648304e-10, 0.0, 0.0, 0.0, 1.0]}, {"left_foot_pose": [0.9999999999993089, -1.1453150065029848e-06, 2.6670859071267134e-07, 6.655912326780942e-05, 1.1759591141917886e-06, 0.9738803904574449, -0.22706163278077743, -6.386045446987038e-05, 3.148287670059425e-10, 0.22706163278093386, 0.9738803904581185, 0.013875948453460574, 0.0, 0.0, 0.0, 1.0], "right_foot_pose": [0.9999999999932019, 3.58440904734882e-06, -8.650421074452251e-07, 9.856287398237413e-05, -3.687314207637215e-06, 0.9720920903894276, -0.2345995903421761, -0.14026583276564483, -3.0366590855072327e-13, 0.23459959034377073, 0.9720920903960362, 1.9834029557630473e-10, 0.0, 0.0, 0.0, 1.0]}, {"left_foot_pose": [0.9999999999997884, -6.312878905087659e-07, 1.6049217249626318e-07, 6.948779590602134e-05, 6.513692927717226e-07, 0.9690082043037361, -0.24702854084422213, -8.204691824038879e-05, 4.2789435689901423e-10, 0.24702854084427403, 0.9690082043039419, 0.02228276594185933, 0.0, 0.0, 0.0, 1.0], "right_foot_pose": [0.9999999999932019, 3.5787420055339322e-06, -8.881956895523635e-07, 9.856287551519198e-05, -3.687314188478955e-06, 0.9705552008091091, -0.24087881220396692, -0.14026583266258066, -1.7786988247708572e-13, 0.24087881220560428, 0.970555200815707, 3.909012002978329e-11, 0.0, 0.0, 0.0, 1.0]}, {"left_foot_pose": [1.0000000000000002, -2.8028790155112735e-08, 6.983284950302043e-09, 7.301488182081102e-05, 2.8881199724356265e-08, 0.9659564207912518, -0.2587048378599715, -0.00010395101754342648, 5.056345657101122e-10, 0.25870483785997134, 0.9659564207912525, 0.028430073817416558, 0.0, 0.0, 0.0, 1.0], "right_foot_pose": [0.9999999999932019, 3.577990631309512e-06, -8.912175598063909e-07, 9.856285788392378e-05, -3.6873141575068758e-06, 0.9703514426195535, -0.24169831979671494, -0.14026583256183742, -7.899626524651406e-14, 0.2416983197983579, 0.9703514426261504, 2.497301671011698e-11, 0.0, 0.0, 0.0, 1.0]}, {"left_foot_pose": [0.9999999999997884, 6.293210326313483e-07, -1.670111002827325e-07, 7.694214420215512e-05, -6.511047479041574e-07, 0.9667499767602288, -0.2557234491275174, -0.00012834384693229117, 5.258321572732453e-10, 0.25572344912757167, 0.9667499767604337, 0.030000000248594075, 0.0, 0.0, 0.0, 1.0], "right_foot_pose": [0.9999999999932017, 3.582485205745833e-06, -8.72974936116956e-07, 9.856284157209802e-05, -3.6873141293190305e-06, 0.9715703830771728, -0.23675090435662452, -0.1402658325550337, -1.9316115076363975e-14, 0.23675090435823384, 0.9715703830837777, 1.867716120651508e-10, 0.0, 0.0, 0.0, 1.0]}, {"left_foot_pose": [0.9999999999990916, 1.3075711891650897e-06, -3.284565187056343e-07, 8.107108150122951e-05, -1.3481935508366582e-06, 0.9699588734442265, -0.24326895368088086, -0.00015398763272993915, 4.978396466410553e-10, 0.24326895368110238, 0.9699588734451079, 0.030000000711664858, 0.0, 0.0, 0.0, 1.0], "right_foot_pose": [0.9999999999932017, 3.5917073814437473e-06, -8.342203691169794e-07, 9.856285084976019e-05, -3.6873141360428474e-06, 0.9740714383834713, -0.22624065265101995, -0.1402658325066738, 1.2607911473702432e-14, 0.22624065265255783, 0.9740714383900932, 5.426542618036656e-10, 0.0, 0.0, 0.0, 1.0]}, {"left_foot_pose": [0.9999999999979564, 1.970441560231018e-06, -4.536619516160374e-07, 8.520236591905973e-05, -2.021991326032402e-06, 0.9745530791169948, -0.22415685574948793, -0.000179645891542915, 4.2966715453529796e-10, 0.22415685574994673, 0.974553079118987, 0.03000000142405105, 0.0, 0.0, 0.0, 1.0], "right_foot_pose": [0.9999999999932019, 3.604997443456293e-06, -7.747767586941083e-07, 9.856286028976068e-05, -3.6873141434919644e-06, 0.9776757031913487, -0.21011953592111793, -0.14026583244472815, 2.2492957882053166e-14, 0.21011953592254617, 0.977675703197995, 1.0938933509008208e-09, 0.0, 0.0, 0.0, 1.0]}, {"left_foot_pose": [0.9999999999965365, 2.5811849644820507e-06, -5.152211793868948e-07, 8.913690733682753e-05, -2.6321034511717216e-06, 0.9806789236866069, -0.19562425368535294, -0.00020408886796940626, 3.241693143011073e-10, 0.19562425368603117, 0.9806789236900039, 0.028526429969334632, 0.0, 0.0, 0.0, 1.0], "right_foot_pose": [0.9999999999932018, 3.6215798707220077e-06, -6.931410570510071e-07, 9.856283717788075e-05, -3.6873141016903213e-06, 0.98217287001914, -0.1879799281433249, -0.1402658326565453, 1.7329287597254688e-14, 0.18797992814460268, 0.9821728700258167, 1.8288098951879661e-09, 0.0, 0.0, 0.0, 1.0]}, {"left_foot_pose": [0.9999999999950766, 3.100356000644086e-06, -4.854803886123479e-07, 9.267658107779976e-05, -3.1381361502071145e-06, 0.9879706664065889, -0.15464139908276237, -0.00022607867400776388, 1.969932459073751e-10, 0.15464139908352414, 0.9879706664114536, 0.0224635397085804, 0.0, 0.0, 0.0, 1.0], "right_foot_pose": [0.9999999999932019, 3.6401730073287177e-06, -5.877289181444274e-07, 9.856282080222616e-05, -3.6873140365279937e-06, 0.9872153473920836, -0.15939215118672526, -0.14026583300952927, 1.6644353790217753e-15, 0.1593921511878086, 0.9872153473987947, 2.794463195565644e-09, 0.0, 0.0, 0.0, 1.0]}, {"left_foot_pose": [0.9999999999938766, 3.4790941032532342e-06, -3.7918799544740336e-07, 9.56218048556927e-05, -3.4996970305789133e-06, 0.9941155214326626, -0.10832511266746256, -0.000244372435303666, 8.341080595776654e-11, 0.10832511266812601, 0.9941155214387508, 0.01408007241327041, 0.0, 0.0, 0.0, 1.0], "right_foot_pose": [0.9999999999932019, 3.658530661591843e-06, -4.5982363489074535e-07, 9.856281471770413e-05, -3.687313978559916e-06, 0.9921939592772551, -0.12470423874162723, -0.1402658332745908, -4.8201411785869864e-14, 0.12470423874247483, 0.9921939592840001, 3.879591065070187e-09, 0.0, 0.0, 0.0, 1.0]}, {"left_foot_pose": [0.9999999999932425, 3.6693795604083943e-06, -2.2693798190649704e-07, 9.777340365976058e-05, -3.6763905129062164e-06, 0.9980931278537966, -0.06172607323902889, -0.00025773401408547315, 8.84865018442222e-12, 0.06172607323944583, 0.9980931278605416, 0.0059714047436477055, 0.0, 0.0, 0.0, 1.0], "right_foot_pose": [0.9999999999932017, 3.6739727773546677e-06, -3.133821499523809e-07, 9.856280639511082e-05, -3.687313973635141e-06, 0.9963818615205124, -0.08498932885558153, -0.1402658333329032, -1.9076624604569962e-13, 0.08498932885615913, 0.9963818615272858, 4.7605069816714085e-09, 0.0, 0.0, 0.0, 1.0]}, {"left_foot_pose": [0.9999999999932023, 3.6867568173160402e-06, -6.409637848266244e-08, 9.907914056695593e-05, -3.6873139510037724e-06, 0.9998489055944987, -0.017382921730475634, -0.0002658320618237793, 8.854744303962755e-14, 0.017382921730593585, 0.9998489056012958, 4.981038650986314e-09, 0.0, 0.0, 0.0, 1.0], "right_foot_pose": [0.9999999999932017, 3.6839425113362324e-06, -1.5765130478853236e-07, 9.856280758686939e-05, -3.6873142475737674e-06, 0.9990855782520833, -0.042755202199311566, -0.14026583274348198, -5.620626398774117e-13, 0.04275520219960205, 0.9990855782588752, 4.940602316150233e-09, 0.0, 0.0, 0.0, 1.0]}, {"left_foot_pose": [0.9999999999932024, 3.686235852787251e-06, 8.916030058696198e-08, 9.907910970817053e-05, -3.6873139707850186e-06, 0.9997076151647737, 0.024180243339668395, -0.00026583229160647565, -1.5150949627124988e-13, -0.024180243339832992, 0.99970761517157, 4.465775103879022e-09, 0.0, 0.0, 0.0, 1.0], "right_foot_pose": [0.9999999999932018, 3.687311809138898e-06, -4.276281939687091e-09, 9.856277495477407e-05, -3.6873142887460323e-06, 0.9999993272732137, -0.0011599308270743513, -0.14026583290925615, -7.478345106468004e-13, 0.0011599308270820675, 0.9999993272800118, 4.53198244904085e-09, 0.0, 0.0, 0.0, 1.0]}, {"left_foot_pose": [0.9999999999932023, 3.680193500743666e-06, 2.2904022761720188e-07, 9.907911169958616e-05, -3.6873138768626207e-06, 0.9980689600216915, 0.062115626275709344, -0.0002658322541490548, -4.1800900589415465e-13, -0.06211562627613183, 0.9980689600284769, 3.4024607090121783e-09, 0.0, 0.0, 0.0, 1.0], "right_foot_pose": [0.9999999999992643, 1.2123101273365798e-06, 4.3056721576998433e-08, 0.0001480474567567365, -1.213073502549951e-06, 0.9993237170981474, 0.036771027231645805, -0.14026595345300719, 1.5502856391025597e-09, -0.03677102723167114, 0.9993237170988828, 0.0004502020151102015, 0.0, 0.0, 0.0, 1.0]}, {"left_foot_pose": [0.9999999999932022, 3.670920388663349e-06, 3.473124463581467e-07, 9.907917290630882e-05, -3.6873137150098228e-06, 0.9955541435032741, 0.09419101517590053, -0.0002658320034952203, -6.27162454343676e-13, -0.09419101517654108, 0.9955541435100422, 2.2986869629981754e-09, 0.0, 0.0, 0.0, 1.0], "right_foot_pose": [0.9999999994771314, -3.225513768050671e-05, -2.3114969383006877e-06, 0.0008190605362259572, 3.233785410775085e-05, 0.9974658734407887, 0.07114654085243761, -0.14026762657065814, 1.0797841678914583e-08, -0.07114654088998634, 0.9974658739623071, 0.0059213148656163395, 0.0, 0.0, 0.0, 1.0]}, {"left_foot_pose": [0.9999999999932023, 3.6608033772354095e-06, 4.4136271282184353e-07, 9.907918824934431e-05, -3.687313711751156e-06, 0.9928104147563809, 0.11969745334662421, -0.000265832069900958, -6.568937361618754e-13, -0.11969745334743814, 0.9928104147631304, 1.3637297888169364e-09, 0.0, 0.0, 0.0, 1.0], "right_foot_pose": [0.9999999950642575, -9.882075827834533e-05, -1.0292840299241204e-05, 0.002159395640345115, 9.935534316341741e-05, 0.9946452145687409, 0.10334837813927686, -0.14027098044280634, 2.475925326871828e-08, -0.10334837865182471, 0.9946452194777987, 0.014887514460024731, 0.0, 0.0, 0.0, 1.0]}, {"left_foot_pose": [0.9999999999932023, 3.6518346441942965e-06, 5.102806902023553e-07, 9.907914965996148e-05, -3.687313744327632e-06, 0.9903780869668667, 0.1383880227557793, -0.00026583230849964046, -6.382067010477616e-13, -0.13838802275672032, 0.9903780869735995, 6.57846228879766e-10, 0.0, 0.0, 0.0, 1.0], "right_foot_pose": [0.9999999814776763, -0.0001907849052809751, -2.5411942829454843e-05, 0.004021665197213222, 0.00019246985555560628, 0.9912732219774558, 0.13182322384841144, -0.14027564682764435, 4.0297169489651414e-08, -0.13182322629777216, 0.9912732403371157, 0.023894347318860025, 0.0, 0.0, 0.0, 1.0]}, {"left_foot_pose": [0.9999999999932021, 3.6455290426280455e-06, 5.535349273943362e-07, 9.907906865861149e-05, -3.6873137802837622e-06, 0.9886679997902107, 0.15011857372499957, -0.0002658325442293271, -6.494261430440121e-13, -0.15011857372602033, 0.988667999796932, 2.245416838575487e-10, 0.0, 0.0, 0.0, 1.0], "right_foot_pose": [0.9999999536972347, -0.0003007870148451857, -4.6181162095979275e-05, 0.006258483926812623, 0.00030431155945284243, 0.9884443581326456, 0.15158383248294272, -0.14028125365773036, 5.3060654336336e-08, -0.1515838395176538, 0.9884444038979043, 0.029487368131256762, 0.0, 0.0, 0.0, 1.0]}, {"left_foot_pose": [0.9999999999932023, 3.642838820136358e-06, 5.709714567258411e-07, 9.907904120208496e-05, -3.687313801627854e-06, 0.9879384085514565, 0.1548473470719475, -0.00026583257907481644, -7.053731222713213e-13, -0.1548473470730004, 0.9879384085581725, 6.982198846872123e-11, 0.0, 0.0, 0.0, 1.0], "right_foot_pose": [0.999999908617397, -0.00042213713986803003, -6.756798415224673e-05, 0.008722456295626943, 0.00042751046054582856, 0.9874527809234928, 0.15791397240670743, -0.14028742395549473, 5.884119537361344e-08, -0.15791398686213784, 0.9874528711555306, 0.03000000099390339, 0.0, 0.0, 0.0, 1.0]}, {"left_foot_pose": [0.9999999999932024, 3.6439337281850864e-06, 5.639415474600199e-07, 9.907905976610482e-05, -3.6873138030427972e-06, 0.9882353507782577, 0.15294081031097725, -0.00026583257276364264, -7.96170315556575e-13, -0.15294081031201712, 0.9882353507849763, 1.5617731413675173e-10, 0.0, 0.0, 0.0, 1.0], "right_foot_pose": [0.9999998461555756, -0.0005479249168864591, -8.641244406498247e-05, 0.011266189828008503, 0.0005546970539443185, 0.9878074516854628, 0.15567957703517174, -0.14029379270059097, 5.813685769695142e-08, -0.1556796010174652, 0.9878076036491313, 0.03000000097171481, 0.0, 0.0, 0.0, 1.0]}, {"left_foot_pose": [0.9999999999932021, 3.6486752506752514e-06, 5.324023088503629e-07, 9.907903674921824e-05, -3.687313832758464e-06, 0.989521247385152, 0.1443873296371165, -0.0002658325177087627, -9.209294282350101e-13, -0.14438732963809828, 0.989521247391879, 5.12245149075774e-10, 0.0, 0.0, 0.0, 1.0], "right_foot_pose": [0.999999769817577, -0.0006713138542617975, -9.850127804344441e-05, 0.013742299038167349, 0.0006785018718361769, 0.9894167540110809, 0.1451000569172393, -0.14029999086317993, 5.1136324928403445e-08, -0.1451000903510583, 0.989416981752442, 0.02968896154791998, 0.0, 0.0, 0.0, 1.0]}, {"left_foot_pose": [0.999999999993202, 3.656597328694541e-06, 4.7495242716515064e-07, 9.907893437617196e-05, -3.6873139044670763e-06, 0.991669697689612, 0.1288068735378585, -0.0002658322388629725, -1.0604398047029937e-12, -0.1288068735387344, 0.9916696976963538, 1.1802708116404048e-09, 0.0, 0.0, 0.0, 1.0], "right_foot_pose": [0.9999996867199141, -0.0007856789220636306, -9.62741135820888e-05, 0.016003390212861214, 0.0007915554763278644, 0.9925814112160352, 0.12157925624181103, -0.1403056447491549, 3.763653332643123e-08, -0.12157929435975322, 0.9925817221684987, 0.024531034498087793, 0.0, 0.0, 0.0, 1.0]}, {"left_foot_pose": [0.9999999999932025, 3.6664215283195837e-06, 3.91965657042733e-07, 9.907886711860254e-05, -3.687313913566458e-06, 0.9943340176228753, 0.10630080613220283, -0.0002658319961323669, -1.2225295301151423e-12, -0.10630080613292567, 0.994334017629635, 2.0909010634007075e-09, 0.0, 0.0, 0.0, 1.0], "right_foot_pose": [0.9999996070686734, -0.0008829246384810336, -7.941398647858646e-05, 0.017902072337099974, 0.0008864888594920028, 0.9959812220820938, 0.08955791085862136, -0.14031039428225844, 2.195323537914723e-08, -0.0895579460681271, 0.995981613432727, 0.015674811439471664, 0.0, 0.0, 0.0, 1.0]}, {"left_foot_pose": [0.9999999999932023, 3.676276339577425e-06, 2.8508905552941553e-07, 9.907882869755179e-05, -3.6873138586525236e-06, 0.9970066541772835, 0.07731579083617404, -0.0002658319408915203, -1.4729837817445753e-12, -0.07731579083669984, 0.9970066541840614, 3.142690017943206e-09, 0.0, 0.0, 0.0, 1.0], "right_foot_pose": [0.999999543096117, -0.0009545202014908801, -5.194941346080944e-05, 0.01929096114593691, 0.0009559328200969061, 0.99852229694768, 0.054335151520653206, -0.14031387348984947, 8.647876365455355e-09, -0.054335176354860994, 0.9985227531761536, 0.0065747378462689895, 0.0, 0.0, 0.0, 1.0]}, {"left_foot_pose": [0.9999999999932023, 3.6839249249057825e-06, 1.580491553742472e-07, 9.907884352858055e-05, -3.6873137085821204e-06, 0.9990809835520659, 0.042862434497368984, -0.0002658322077232385, -1.9151189100235826e-12, -0.042862434497660605, 0.9990809835588581, 4.089170752008542e-09, 0.0, 0.0, 0.0, 1.0], "right_foot_pose": [0.9999995074540469, -0.000992358337980628, -1.7793049748131088e-05, 0.020022667464150306, 0.000992517840433238, 0.9998388193747051, 0.0179262427667372, -0.14031571240920201, 9.253747067006675e-10, -0.017926251597158355, 0.9998393118414957, 0.0006852654292739749, 0.0, 0.0, 0.0, 1.0]}, {"left_foot_pose": [0.9999999999932023, 3.6872616050990277e-06, 1.9564203701456668e-08, 9.907878859542167e-05, -3.6873135071558107e-06, 0.9999859273235651, 0.005305199452843894, -0.0002658323700361481, -2.2703480726472285e-12, -0.00530519945288019, 0.9999859273303633, 4.524351622514633e-09, 0.0, 0.0, 0.0, 1.0], "right_foot_pose": [0.9999995036805578, -0.0009961196180093054, 1.960471757318101e-05, 0.020098562911529894, 0.0009963125204142747, 0.9998058874447258, -0.019677265872734474, -0.1403159066827651, -1.486889451733163e-12, 0.019677275638950262, 0.9998063836680725, 4.452961263612387e-09, 0.0, 0.0, 0.0, 1.0]}, {"left_foot_pose": [0.9999999999932021, 3.685390265391478e-06, -1.1907234565018837e-07, 9.907869543273543e-05, -3.6873133348374476e-06, 0.9994784423135368, -0.03229308497048383, -0.0002658322760249292, -2.378441179823625e-12, 0.032293084970703136, 0.9994784423203313, 4.315319726555522e-09, 0.0, 0.0, 0.0, 1.0], "right_foot_pose": [0.9999995036805575, -0.0009946709447251417, 5.716948829210398e-05, 0.020098562777313943, 0.0009963125205838229, 0.9983518530539714, -0.057381049703388205, -0.14031590653665044, -1.6567613913594865e-12, 0.05738107818273443, 0.9983523485556525, 4.129085365289775e-09, 0.0, 0.0, 0.0, 1.0]}, {"left_foot_pose": [0.9999999999988012, 1.545456714222677e-06, -9.978200399277301e-08, 0.00014170108516263664, -1.5486701419315517e-06, 0.9977653847884975, -0.06681494530016503, -0.0002658131700937205, -3.7005763993852503e-09, 0.0668149453002392, 0.9977653847896949, 0.00019663540711681304, 0.0, 0.0, 0.0, 1.0], "right_foot_pose": [0.9999995036805572, -0.000992084355772282, 9.169116519242703e-05, 0.020098562762350326, 0.0009963125206191945, 0.9957556921261597, -0.09203047842814822, -0.1403159065559514, -1.7552769755591206e-12, 0.09203052410468823, 0.9957561863393146, 3.2609872371858195e-09, 0.0, 0.0, 0.0, 1.0]}, {"left_foot_pose": [0.99999999839198, -5.6429348517206974e-05, 5.636419846467542e-06, 0.0013027840020906655, 5.671013875603605e-05, 0.9950969149960367, -0.09890463360900544, -0.0002652443245620851, -2.765996099924706e-08, 0.09890463376960672, 0.995096916596017, 0.0050294509915141256, 0.0, 0.0, 0.0, 1.0], "right_foot_pose": [0.9999995036805576, -0.0009889426769987065, 0.00012095875253931976, 0.020098562929542454, 0.0009963125203495962, 0.9926023874856323, -0.12140637429387613, -0.14031590687957524, -1.758977342844558e-12, 0.12140643455025159, 0.99260288013374, 2.2851441988658294e-09, 0.0, 0.0, 0.0, 1.0]}, {"left_foot_pose": [0.9999999831388708, -0.00018207192986736075, 2.3918013811744683e-05, 0.003832381227828767, 0.0001836362040811033, 0.9915239898530134, -0.12992360764582758, -0.00026399172405768695, -5.984250465239374e-08, 0.1299236098473818, 0.9915240065697969, 0.013763762026390895, 0.0, 0.0, 0.0, 1.0], "right_foot_pose": [0.9999995036805576, -0.0009858193203981032, 0.00014421825726469, 0.020098562960790156, 0.0009963125203462763, 0.9894674725216952, -0.1447519539864319, -0.14031590685810108, -1.6021448720688763e-12, 0.14475202582967808, 0.9894679636138829, 1.4228557637663286e-09, 0.0, 0.0, 0.0, 1.0]}, {"left_foot_pose": [0.9999999335733756, -0.0003598972413309847, 5.7682070361615576e-05, 0.007436745544379826, 0.0003644903793325894, 0.9874393702223999, -0.15799796606777805, -0.0002621997089751506, -9.451510749382912e-08, 0.15799797659706588, 0.9874394358092172, 0.022945112167666246, 0.0, 0.0, 0.0, 1.0], "right_foot_pose": [0.9999995036805575, -0.0009831911913313958, 0.0001611636424158691, 0.020098562872219044, 0.0009963125204214265, 0.9868296176460677, -0.16176004790391688, -0.14031590663717278, -1.4154558634324363e-12, 0.16176012818861477, 0.9868301074290361, 7.538004526130848e-10, 0.0, 0.0, 0.0, 1.0]}, {"left_foot_pose": [0.9999998291606367, -0.0005751904863235475, 0.00010408939678198067, 0.011822138671237638, 0.0005845328758240726, 0.9840546397179383, -0.1778654670556288, -0.00026001669430832444, -1.23129352990426e-07, 0.17786549751287983, 0.9840548078204189, 0.029119055565133167, 0.0, 0.0, 0.0, 1.0], "right_foot_pose": [0.9999995036805576, -0.0009814203838581905, 0.00017161779799485622, 0.020098562696055568, 0.0009963125204678993, 0.9850522570164709, -0.1722528905653501, -0.14031590640259906, -1.2797918199006573e-12, 0.17225297605785217, 0.9850527459173002, 3.325606942605752e-10, 0.0, 0.0, 0.0, 1.0]}, {"left_foot_pose": [0.9999996563599882, -0.0008148927531527767, 0.00015241295027725117, 0.01669481409580558, 0.0008290234544010525, 0.9829848896877207, -0.1836845648543522, -0.00025759665160693737, -1.3640634960103524e-07, 0.18368462808689637, 0.9829852274599863, 0.030000004176753248, 0.0, 0.0, 0.0, 1.0], "right_foot_pose": [0.9999995036805572, -0.0009807369982150734, 0.00017548099267756338, 0.020098562606141877, 0.0009963125204769537, 0.9843663423982044, -0.1761303815783719, -0.14031590635973368, -1.1989839965854082e-12, 0.17613046899534915, 0.9843668309586007, 1.866732254884873e-10, 0.0, 0.0, 0.0, 1.0]}, {"left_foot_pose": [0.9999994133136414, -0.0010653391116493543, 0.00019602283383376095, 0.021761011766032515, 0.001083223132982825, 0.9835120406517395, -0.1808394108613949, -0.00025508223009977973, -1.3551999996912963e-07, 0.1808395171018473, 0.9835126176386114, 0.03000000434572151, 0.0, 0.0, 0.0, 1.0], "right_foot_pose": [0.9999995036805578, -0.000981156952993741, 0.00017311750926369358, 0.020098562633207136, 0.0009963125204581898, 0.984787851284322, -0.17375815182077117, -0.1403159063724418, -1.1693094505989491e-12, 0.17375823806036392, 0.9847883400539215, 2.6333536046196926e-10, 0.0, 0.0, 0.0, 1.0]}, {"left_foot_pose": [0.9999991123644978, -0.0013139619968578651, 0.0002208485632751669, 0.026726992116663822, 0.0013323926610278778, 0.9861810410402997, -0.1656658655923676, -0.00025261810796115697, -1.1801447831084156e-07, 0.16566601279846851, 0.9861819163843174, 0.0298923268454786, 0.0, 0.0, 0.0, 1.0], "right_foot_pose": [0.9999995036805576, -0.0009832811259203017, 0.00016061402753270805, 0.020098562627434462, 0.0009963125204630813, 0.9869198849760161, -0.16120839928579653, -0.14031590641080055, -1.2206727970653026e-12, 0.16120847929670015, 0.9869203748037861, 6.640014094116964e-10, 0.0, 0.0, 0.0, 1.0]}, {"left_foot_pose": [0.999998780399218, -0.0015461360761525424, 0.0002205976223194891, 0.03129900890946217, 0.0015617938625179005, 0.9899813420479772, -0.14118960017231316, -0.00025035641058244323, -8.919579267329343e-08, 0.14118977250537876, 0.9899825494117925, 0.025396601737905006, 0.0, 0.0, 0.0, 1.0], "right_foot_pose": [0.9999995036805572, -0.0009857991203049564, 0.00014435627141829515, 0.020098562484590896, 0.0009963125205938125, 0.9894471973843227, -0.14489047915467168, -0.14031590670233823, -1.2886164926411666e-12, 0.14489055106667031, 0.9894476884664476, 1.3178996227658502e-09, 0.0, 0.0, 0.0, 1.0]}, {"left_foot_pose": [0.9999984570215293, -0.0017465162942923535, 0.00018877339651199592, 0.03518329917180429, 0.0017566885206213266, 0.9942112340026842, -0.10742874954267406, -0.0002484334046070763, -5.4569941546777935e-08, 0.10742891539848473, 0.9942127680412797, 0.01679617486597068, 0.0, 0.0, 0.0, 1.0], "right_foot_pose": [0.9999995036805571, -0.0009888859066055685, 0.00012142200195298162, 0.020098562409575478, 0.0009963125206688243, 0.992545406645753, -0.12187133833587666, -0.1403159069417268, -1.4048115067675049e-12, 0.12187139882302266, 0.9925458992655803, 2.2177324074390548e-09, 0.0, 0.0, 0.0, 1.0]}, {"left_foot_pose": [0.9999981905525457, -0.00189761366768708, 0.0001339925525587826, 0.03808612583834264, 0.0019023384649841024, 0.9975154059445265, -0.07042297928724793, -0.0002469911511064956, -2.4027444718512976e-08, 0.07042310675975381, 0.9975172108962858, 0.007545492064653811, 0.0, 0.0, 0.0, 1.0], "right_foot_pose": [0.9999995036805573, -0.0009920416213116175, 9.215237598281845e-05, 0.020098562379260738, 0.0009963125206550179, 0.9957127994744881, -0.09249339611042007, -0.1403159069962082, -1.6300946574213451e-12, 0.0924934420167151, 0.995713293666355, 3.2833242999408263e-09, 0.0, 0.0, 0.0, 1.0]}, {"left_foot_pose": [0.99999803186059, -0.0019829455617190717, 6.482164981728503e-05, 0.03971374621568039, 0.0019840047749461864, 0.9994642273162404, -0.03266989501367056, -0.000246176402805472, -4.296828954831041e-09, 0.03266995932122518, 0.9994661944047685, 0.0010990038661882334, 0.0, 0.0, 0.0, 1.0], "right_foot_pose": [0.9999995036805573, -0.0009946583525035008, 5.738815553935658e-05, 0.020098562411386228, 0.0009963125205482994, 0.9983392142936826, -0.057600525734005086, -0.1403159067444821, -2.0812529488541823e-12, 0.057600554322282005, 0.9983397097890908, 4.306708212276078e-09, 0.0, 0.0, 0.0, 1.0]}, {"left_foot_pose": [0.9999980073684909, -0.0019962785390508202, -1.1447413714467641e-05, 0.039959019583435916, 0.0019963113606742203, 0.9999815662621777, 0.00573427212417107, -0.0002460491748754994, -1.6827668242757661e-12, -0.00573428355048202, 0.9999835588609263, 4.82921054534291e-09, 0.0, 0.0, 0.0, 1.0], "right_foot_pose": [0.9999995036805578, -0.000996126510707834, 1.925130782593501e-05, 0.020098562434217503, 0.0009963125203409212, 0.9998128057430253, -0.019322547286044926, -0.1403159065145977, -2.4855941565007697e-12, 0.019322556876207885, 0.9998133019698056, 4.822970495199641e-09, 0.0, 0.0, 0.0, 1.0]}, {"left_foot_pose": [0.9999980073684914, -0.0019943359740631802, -8.87866567987521e-05, 0.03995901943603086, 0.0019963113604519055, 0.9990084911169352, 0.04447526747774719, -0.00024604933081945855, -1.8473559106945224e-12, -0.04447535610073965, 0.9990104817766998, 4.534050600246697e-09, 0.0, 0.0, 0.0, 1.0], "right_foot_pose": [0.9999995036805577, -0.0009961254605969064, -1.9305558108689898e-05, 0.020098562324539982, 0.0009963125201579038, 0.9998117518315559, 0.01937700340293174, -0.14031590663237545, -2.567142442615108e-12, -0.019377013020117646, 0.9998122480578131, 4.658400339085933e-09, 0.0, 0.0, 0.0, 1.0]}, {"left_foot_pose": [0.9999980073684913, -0.0019898280597276086, -0.00016075863933475307, 0.039959019288216956, 0.0019963113603346924, 0.9967503737721526, 0.08052767925395256, -0.0002460493917336628, -1.9204912666353452e-12, -0.08052783971625971, 0.9967523599323121, 3.6449996215770497e-09, 0.0, 0.0, 0.0, 1.0], "right_foot_pose": [0.9999995031991138, -0.0009952709625359658, -5.511112641087307e-05, 0.02010825821312159, 0.0009967956285616246, 0.9984700166390573, 0.05528681824156028, -0.14031589112538706, 1.442497506705948e-09, -0.05528684570955005, 0.9984705126800132, 4.4882592835478186e-05, 0.0, 0.0, 0.0, 1.0]}, {"left_foot_pose": [0.9999980073684909, -0.001983885815813852, -0.00022238731608860852, 0.039959019462373103, 0.001996311360621317, 0.9937737677495175, 0.11139889260616768, -0.0002460490202217114, -1.930014583741149e-12, -0.11139911458354992, 0.9937757479783867, 2.6126838192919166e-09, 0.0, 0.0, 0.0, 1.0], "right_foot_pose": [0.9999994529347151, -0.0010419310188344694, -9.224978305515921e-05, 0.02109591806991063, 0.0010460068211895956, 0.9961048199478216, 0.08817082026638767, -0.14031440543255946, 2.2540948660116502e-08, -0.08817086852509524, 0.9961053648804076, 0.004191587552432964, 0.0, 0.0, 0.0, 1.0]}, {"left_foot_pose": [0.9999980073684909, -0.0019777035822645386, -0.0002719330603242658, 0.03995901949699414, 0.0019963113606350433, 0.9906769455842854, 0.1362174887037004, -0.00024604901251032603, -1.7712231235491813e-12, -0.1362177601354981, 0.9906789196423172, 1.6727691176665616e-09, 0.0, 0.0, 0.0, 1.0], "right_foot_pose": [0.999999320665727, -0.001157223885677948, -0.00013964584672942324, 0.023496509168627198, 0.001165619183650866, 0.9928023234926947, 0.119758873572798, -0.14031080991571593, 5.289207878286662e-08, -0.11975895499036872, 0.9928029979304113, 0.01264619650703911, 0.0, 0.0, 0.0, 1.0]}, {"left_foot_pose": [0.9999980073684911, -0.0019722959477053775, -0.00030871952148050103, 0.03995901940788654, 0.0019963113605546015, 0.987968137824199, 0.1546446681432531, -0.0002460492278102411, -1.5662380334753797e-12, -0.15464497629370272, 0.9879701064845643, 9.261869673982126e-10, 0.0, 0.0, 0.0, 1.0], "right_foot_pose": [0.99999910100172, -0.001325972739500043, -0.0001994794378280449, 0.027014219816865866, 0.0013408936365216105, 0.9888811697481469, 0.14870182958454845, -0.14030554874178472, 8.688747698626413e-08, -0.14870196338256833, 0.9888820587340851, 0.0219542502397752, 0.0, 0.0, 0.0, 1.0]}, {"left_foot_pose": [0.9999980073684912, -0.0019684443121481135, -0.0003323944013201202, 0.03995901922634409, 0.0019963113604992417, 0.9860387655350561, 0.16650395671891768, -0.00024604948363943224, -1.405207659784253e-12, -0.16650428850060678, 0.9860407303508857, 4.3072073685479495e-10, 0.0, 0.0, 0.0, 1.0], "right_foot_pose": [0.9999987877338286, -0.001534324908501893, -0.0002652884246094219, 0.03135324672951259, 0.0015570905110282242, 0.9853909321875544, 0.17030057613432484, -0.14029906262593095, 1.163921293221316e-07, -0.17030078276278626, 0.9853921267142176, 0.028661302671999275, 0.0, 0.0, 0.0, 1.0]}, {"left_foot_pose": [0.9999980073684911, -0.00196713529449901, -0.00034005555592921555, 0.0399590191072446, 0.001996311360480421, 0.9853830486772424, 0.17034160419725936, -0.0002460495570482616, -1.3171498086579736e-12, -0.17034194362598115, 0.9853850121864672, 2.2692044077121665e-10, 0.0, 0.0, 0.0, 1.0], "right_foot_pose": [0.9999983809535586, -0.0017711586043148249, -0.00031794254120086357, 0.03621778278148378, 0.00