{"LoopMode": "Wrap", "FrameDuration": 0.005, "EnableCycleOffsetPosition": true, "EnableCycleOffsetRotation": false, "Debug_info": [{"left_foot_pose": [0.9796672793133655, -0.2003578909143192, -0.01042772224001729, 0.025272923004292003, 0.20062906529899732, 0.9783431404899512, 0.050918342603736365, 0.0012773683457316144, -1.2084820008875732e-09, -0.05197513833196073, 0.9986483790581022, 4.05671850972622e-09, 0.0, 0.0, 0.0, 1.0], "right_foot_pose": [0.9949038343648626, -0.10068469813742591, -0.00538069949626327, 0.020000001045893515, 0.10082837083923185, 0.9934861719501372, 0.05309299179523537, -0.14505000049543337, -1.3071596424868678e-09, -0.05336494827916574, 0.9985750759432973, 3.7053622878313597e-09, 0.0, 0.0, 0.0, 1.0]}, {"left_foot_pose": [0.9796672793017471, -0.20023706256126167, -0.012535575070619845, 0.025272921438184506, 0.20062906535573025, 0.9777531379479608, 0.06121094156605421, 0.00127736876855655, -1.2745153403017805e-09, -0.062481357297629825, 0.9980461311934671, 3.4106492699526036e-09, 0.0, 0.0, 0.0, 1.0], "right_foot_pose": [0.994902859174708, -0.10063005629480029, -0.00647244745799234, 0.02000258322122852, 0.10083799286968197, 0.9928513298299733, 0.06385871944274658, -0.14504960538748107, 7.153348481969933e-08, -0.06418589116744271, 0.9979379596823822, 1.1923231732817452e-05, 0.0, 0.0, 0.0, 1.0]}, {"left_foot_pose": [0.9796672792999738, -0.20010259653290063, -0.014524900336302196, 0.025272921353127156, 0.2006290653643894, 0.9770965432638871, 0.07092477192614308, 0.0012773690832429008, -1.1110719584052742e-09, -0.07239679552683916, 0.9973759090721243, 3.1383152812591852e-09, 0.0, 0.0, 0.0, 1.0], "right_foot_pose": [0.9948345664897539, -0.10122645471689179, -0.007575630837905554, 0.020182918888008394, 0.10150953313161463, 0.9920608258968825, 0.07423700158409757, -0.14502206953240437, 7.381065719410175e-07, -0.0746225340379483, 0.9972118518214724, 0.0008178781245741368, 0.0, 0.0, 0.0, 1.0]}, {"left_foot_pose": [0.979667279298847, -0.19995821584116752, -0.016393101866729362, 0.025272921282224053, 0.2006290653698911, 0.97639153553591, 0.08004715774237746, 0.001277369322402029, -9.414699413141944e-10, -0.08170851394711612, 0.9966562691061324, 2.8736021964737013e-09, 0.0, 0.0, 0.0, 1.0], "right_foot_pose": [0.9946614257743336, -0.10281958909792495, -0.00876242970319835, 0.020634862657015324, 0.10319228689298339, 0.9910702897875467, 0.0844454417137156, -0.14495306710822112, 1.5381269948567362e-06, -0.08489883861491998, 0.9963895760190751, 0.0027443409713229436, 0.0, 0.0, 0.0, 1.0]}, {"left_foot_pose": [0.9796672792983218, -0.19980762823869208, -0.018136525848499552, 0.025272921223055498, 0.20062906537245498, 0.9756562196351309, 0.08856025753723638, 0.0012773694849997084, -7.680612408130863e-10, -0.09039830078555111, 0.9959056919282501, 2.5989019686312176e-09, 0.0, 0.0, 0.0, 1.0], "right_foot_pose": [0.9943852333662481, -0.10534091799023192, -0.010064723549463373, 0.021340928050757445, 0.10582063908867442, 0.9898795495561312, 0.0945540570965381, -0.14484526828686825, 2.4528392996539463e-06, -0.09508821360992181, 0.9954688501537642, 0.005588802736605503, 0.0, 0.0, 0.0, 1.0]}, {"left_foot_pose": [0.9796672792983113, -0.19965449067283678, -0.01975110696684228, 0.02527292117560071, 0.20062906537250685, 0.9749084523493633, 0.09644422048793297, 0.0012773695747631082, -5.946264436540884e-10, -0.09844589322028997, 0.9951424049391426, 2.3114543126756537e-09, 0.0, 0.0, 0.0, 1.0], "right_foot_pose": [0.9940056488444028, -0.10872144721692047, -0.011507257730502662, 0.022283629044311505, 0.1093287247406354, 0.9884876779258966, 0.10459130238817839, -0.14470134310947352, 3.4647113741258738e-06, -0.10522241920678027, 0.9944487128476099, 0.009148759364825773, 0.0, 0.0, 0.0, 1.0]}, {"left_foot_pose": [0.9796672792986866, -0.1995021009469176, -0.021235196944604677, 0.025272921140169578, 0.20062906537067454, 0.9741643367715365, 0.10369099811923653, 0.0012773696001699593, -4.263170956116743e-10, -0.10584307573119611, 0.9943828454472462, 2.018185826790919e-09, 0.0, 0.0, 0.0, 1.0], "right_foot_pose": [0.9935207959656819, -0.11289189907968938, -0.013109046719667004, 0.023445480053132642, 0.11365046398039022, 0.9868941213508187, 0.11455813057237693, -0.14452396133180404, 4.5562288177870015e-06, -0.11530573431263942, 0.9933300496883519, 0.01322171062415229, 0.0, 0.0, 0.0, 1.0]}, {"left_foot_pose": [0.9796672792993587, -0.19935350368975382, -0.022587661162956015, 0.02527292111850372, 0.20062906536739214, 0.9734387397514038, 0.11029505012014953, 0.00127736957026577, -2.646893407318021e-10, -0.11258419301935267, 0.9936421888598442, 1.7202163860030595e-09, 0.0, 0.0, 0.0, 1.0], "right_foot_pose": [0.9929278212988557, -0.1177832349967589, -0.014881237999769516, 0.02480899573071399, 0.11871959256215382, 0.9851024892230585, 0.12441360081763449, -0.14431579254805166, 5.708214397336351e-06, -0.12530042011195267, 0.9921188460497988, 0.017605157829742382, 0.0, 0.0, 0.0, 1.0]}, {"left_foot_pose": [0.979667279300234, -0.19921162752734214, -0.023806497566540633, 0.025272921111804073, 0.2006290653631181, 0.972745961699088, 0.11624660050788112, 0.001277369495241736, -1.1164443584443335e-10, -0.1186592662038017, 0.9929350323883109, 1.4212970175786488e-09, 0.0, 0.0, 0.0, 1.0], "right_foot_pose": [0.9922234102113442, -0.123327436827701, -0.016824017180205333, 0.02635669085327732, 0.12446969181688455, 0.9831252904251349, 0.13405953582458777, -0.1440795062612001, 6.897840849028971e-06, -0.13511109004076471, 0.9908304563851557, 0.022096602531529702, 0.0, 0.0, 0.0, 1.0]}, {"left_foot_pose": [0.9796672793012058, -0.19907920261384757, -0.024889615368837388, 0.025272921119846907, 0.2006290653583727, 0.9720993338902916, 0.12153544003079055, 0.0012773693866904023, 3.0179229647689625e-11, -0.12405787414221886, 0.9922749839955225, 1.1286894335826858e-09, 0.0, 0.0, 0.0, 1.0], "right_foot_pose": [0.9914042598906391, -0.12945841200535937, -0.01892387464935528, 0.028071080305288744, 0.13083422107816786, 0.9809879308058522, 0.14333557202635222, -0.14381777189394665, 8.097096688734236e-06, -0.1445793871003166, 0.9894932039989631, 0.02649354604412029, 0.0, 0.0, 0.0, 1.0]}, {"left_foot_pose": [0.9796672793021787, -0.19895871507700427, -0.025835083889451504, 0.025272921141764503, 0.20062906535362143, 0.9715109960256119, 0.12615214122898158, 0.0012773692565393301, 1.5871514221383513e-10, -0.1287703937100138, 0.9916744353384174, 8.50245970851482e-10, 0.0, 0.0, 0.0, 1.0], "right_foot_pose": [0.9904675091061966, -0.13611314013743878, -0.021150094252547887, 0.02993467910874896, 0.13774655465384522, 0.9787327616090642, 0.1520133811020919, -0.14353325876838793, 9.271511373145824e-06, -0.15347766754489278, 0.9881521165686071, 0.030593489360232505, 0.0, 0.0, 0.0, 1.0]}, {"left_foot_pose": [0.9796672793030633, -0.19885244874464147, -0.026640673625014554, 0.025272921175867588, 0.2006290653493031, 0.9709920999799349, 0.13008581749607426, 0.0012773691173948052, 2.7198982502761745e-10, -0.13278571235195663, 0.991144769746168, 5.961554583322481e-10, 0.0, 0.0, 0.0, 1.0], "right_foot_pose": [0.9894111244280136, -0.14323297888224942, -0.023450812749469, 0.031930002453042554, 0.14514002463263861, 0.9764224537845636, 0.1597922557415358, -0.14322863604497824, 1.037933590428586e-05, -0.1615038869682352, 0.9868720759989213, 0.03419393318812679, 0.0, 0.0, 0.0, 1.0]}, {"left_foot_pose": [0.9796672793037763, -0.19876246633474298, -0.027303916167246936, 0.025272921219818792, 0.2006290653458218, 0.9705527179540171, 0.13332441565794642, 0.0012773689826378557, 3.680980244794124e-10, -0.13609152673330174, 0.9906962684654668, 3.7951340681185997e-10, 0.0, 0.0, 0.0, 1.0], "right_foot_pose": [0.9882342426234839, -0.15076467675999786, -0.02575061063046046, 0.03403956566879603, 0.15294797016326805, 0.9741399627285123, 0.1663077010791384, -0.1429065726632861, 1.1372083898527772e-05, -0.168289468644789, 0.9857376195590437, 0.03709237803633262, 0.0, 0.0, 0.0, 1.0]}, {"left_foot_pose": [0.9796672793042444, -0.1986905917593269, -0.027822124414739094, 0.025272921270826705, 0.200629065343536, 0.970201756064863, 0.13585481466637794, 0.0012773688661611047, 4.452182532976953e-10, -0.1386744434817937, 0.990338022457492, 2.1642888869966015e-10, 0.0, 0.0, 0.0, 1.0], "right_foot_pose": [0.9869374689822842, -0.1586605960324729, -0.027950806526168288, 0.03624588408483719, 0.16110379315856768, 0.9719833358142734, 0.17115479172164258, -0.1425697373153389, 1.219689763489778e-05, -0.17342205789915513, 0.9848475971871271, 0.03908632434291265, 0.0, 0.0, 0.0, 1.0]}, {"left_foot_pose": [0.9796672793044063, -0.1986383770168104, -0.028192499648499694, 0.025272921326094364, 0.20062906534274458, 0.9699467926820744, 0.13766334844632663, 0.00127736878194519, 5.016746299661802e-10, -0.14052051288650164, 0.990077767378965, 1.259629345273794e-10, 0.0, 0.0, 0.0, 1.0], "right_foot_pose": [0.9855231313643731, -0.16687750507328492, -0.029934191926221643, 0.038531472742162384, 0.1695410197618563, 0.9700537417097463, 0.17392981576782748, -0.1422207984881463, 1.2801169897649787e-05, -0.17648693009805683, 0.9843029835069552, 0.039973272679336425, 0.0, 0.0, 0.0, 1.0]}, {"left_foot_pose": [0.9796672793087662, -0.19865722923763243, -0.028059350017193577, 0.02527292144337262, 0.20062906532145527, 0.9700388475798931, 0.13701318306685964, 0.0012773687690302762, 2.374282895715385e-10, -0.1398568534520216, 0.9901717328537011, 1.1641963088004914e-10, 0.0, 0.0, 0.0, 1.0], "right_foot_pose": [0.9839954920266835, -0.17541844366570816, -0.0313247712372419, 0.040878840248155114, 0.17819335425661262, 0.9686851073907181, 0.17290544010588674, -0.14186242621612957, 1.303618522818727e-05, -0.17572003966916763, 0.9844401797411176, 0.04000000296427951, 0.0, 0.0, 0.0, 1.0]}, {"left_foot_pose": [0.97966727930799, -0.1986511768613009, -0.028102166907577733, 0.025272921523161636, 0.2006290653252448, 0.9700092939440208, 0.13722225697364784, 0.0012773687833047068, 2.40937313841894e-10, -0.14007026663015704, 0.9901415658410458, 9.75146283166417e-11, 0.0, 0.0, 0.0, 1.0], "right_foot_pose": [0.9823609003907626, -0.18407327689885575, -0.0329255237645046, 0.04327050310685922, 0.1869948159917735, 0.967025325200426, 0.1729015882321878, -0.14149729128214739, 1.325339884877459e-05, -0.17600866215254138, 0.9843886177072647, 0.04000000308683338, 0.0, 0.0, 0.0, 1.0]}, {"left_foot_pose": [0.9796672793069904, -0.1986649515794573, -0.028004622282255157, 0.025272921601928112, 0.20062906533012623, 0.9700765555533807, 0.13674594878989824, 0.0012773687972666148, 2.281114672079641e-10, -0.13958407280066493, 0.9902102234477183, 1.0567339364664363e-10, 0.0, 0.0, 0.0, 1.0], "right_foot_pose": [0.9806279346592289, -0.19283228227767343, -0.03441750539417752, 0.045688977038472606, 0.19587969161815486, 0.9653837084355429, 0.17223658699247074, -0.14112806319557783, 1.3324831056260706e-05, -0.1756416989180591, 0.9844541601433897, 0.040000003173231005, 0.0, 0.0, 0.0, 1.0]}, {"left_foot_pose": [0.9796672793057916, -0.1986983767672301, -0.02776647128564831, 0.02527292167801737, 0.20062906533598013, 0.9702397699535371, 0.1355830628910531, 0.0012773688106301143, 1.9902735507064266e-10, -0.13839705152414222, 0.9903768253192442, 1.409168406962813e-10, 0.0, 0.0, 0.0, 1.0], "right_foot_pose": [0.9788074670685221, -0.20163400439117538, -0.035772485014087745, 0.04811677657279657, 0.2047826707398225, 0.9637689663635727, 0.17091938813123625, -0.14075741146247217, 1.3250249293005774e-05, -0.17462275838982233, 0.9846354107367663, 0.04000000322121794, 0.0, 0.0, 0.0, 1.0]}, {"left_foot_pose": [0.9796672793044238, -0.1987510190397937, -0.0273871190692402, 0.025272921750011616, 0.20062906534265995, 0.9704968209373331, 0.13373069464510354, 0.001277368823137926, 1.5371578614848843e-10, -0.13650623788374927, 0.9906392113271242, 2.0353433521913544e-10, 0.0, 0.0, 0.0, 1.0], "right_foot_pose": [0.9769127002713951, -0.2104174370752865, -0.0369604954393082, 0.050536416237936234, 0.21363889130644775, 0.9621924126831649, 0.1689502444399003, -0.14038800558717263, 1.3030852425793477e-05, -0.1729458387750862, 0.9849313360232678, 0.04000000323093546, 0.0, 0.0, 0.0, 1.0]}, {"left_foot_pose": [0.9796672793029282, -0.19882218529951612, -0.026865600606060813, 0.025272921816281848, 0.20062906534996267, 0.9708443241264271, 0.13118413184643424, 0.001277368834501657, 9.231342894389446e-11, -0.13390682187337244, 0.9909939268511053, 2.939162940807094e-10, 0.0, 0.0, 0.0, 1.0], "right_foot_pose": [0.97495915800178, -0.21912200533705245, -0.037949795856212484, 0.05293041056282871, 0.2223839923824295, 0.9606679188285447, 0.16632050284220548, -0.14002251507187846, 1.2669293704688076e-05, -0.17059512452207226, 0.9853412116260982, 0.040000003204617454, 0.0, 0.0, 0.0, 1.0]}, {"left_foot_pose": [0.9796672793013355, -0.19891089182067312, -0.02620074390975131, 0.025272921864118773, 0.2006290653577393, 0.971277476011462, 0.12793765171553384, 0.0012773688537250057, 1.4106410110395545e-11, -0.13059296193864997, 0.9914360686862728, 4.129396685703668e-10, 0.0, 0.0, 0.0, 1.0], "right_foot_pose": [0.9729646331341351, -0.22768803829389736, -0.03870374514222525, 0.0552812748273975, 0.23095415675428912, 0.95921394258485, 0.16299935530161835, -0.1396636090456634, 1.2168518877779867e-05, -0.16753139875469544, 0.9858667406314214, 0.039988083174702774, 0.0, 0.0, 0.0, 1.0]}, {"left_foot_pose": [0.9796672792995957, -0.19901692545025548, -0.025382774750927935, 0.025272921830293046, 0.20062906536623495, 0.9717952357675844, 0.12394352693746041, 0.00127736895479349, -8.704108394426344e-11, -0.12651594019629847, 0.9919645744058848, 5.912292669330022e-10, 0.0, 0.0, 0.0, 1.0], "right_foot_pose": [0.9709490954947212, -0.23609442322476373, -0.03895224358299314, 0.05757152671952998, 0.23928613379501015, 0.958005918103634, 0.15800888282577577, -0.13931395395526175, 1.1463820780841226e-05, -0.16273931362943445, 0.9866691014053302, 0.03918213489696757, 0.0, 0.0, 0.0, 1.0]}, {"left_foot_pose": [0.9796672792979391, -0.1991389148432698, -0.024407262608085126, 0.02527292179317162, 0.2006290653743251, 0.9723909071603617, 0.11918012333805715, 0.0012773690756471686, -2.0365081275015706e-10, -0.12165367346239327, 0.9925726087965087, 8.294281025889028e-10, 0.0, 0.0, 0.0, 1.0], "right_foot_pose": [0.9689345530447269, -0.24429151445926411, -0.03856796441626762, 0.059783674248239285, 0.24731726952357902, 0.9570869655263584, 0.1510586264168603, -0.1389762221016375, 1.0555410183055222e-05, -0.15590444632128503, 0.9877721414910612, 0.037255688737473105, 0.0, 0.0, 0.0, 1.0]}, {"left_foot_pose": [0.9796672792964658, -0.19927430613991504, -0.023276013153396113, 0.0252729217507715, 0.2006290653815188, 0.9730520197548669, 0.11365625796722985, 0.0012773692024376192, -3.3412633119895405e-10, -0.11601516178254731, 0.9932474426025827, 1.1087458381964233e-09, 0.0, 0.0, 0.0, 1.0], "right_foot_pose": [0.9669448761743816, -0.2521969478676473, -0.037607258958252274, 0.061900232184471625, 0.25498550223469246, 0.9563757352578831, 0.14257575761701174, -0.1386530838873608, 9.499026304323857e-06, -0.14745220410759044, 0.9890691823192056, 0.0344112440543337, 0.0, 0.0, 0.0, 1.0]}, {"left_foot_pose": [0.979667279295286, -0.19942018625189759, -0.02199116171173709, 0.025272921701545603, 0.20062906538727981, 0.9737643490119777, 0.10738235755983115, 0.0012773693233419647, -4.76502711176868e-10, -0.10961104829595993, 0.9939745560583843, 1.4154203434313395e-09, 0.0, 0.0, 0.0, 1.0], "right_foot_pose": [0.965005583529306, -0.25972666887674356, -0.0361425127993953, 0.06390371572767453, 0.2622293341476977, 0.9558001474289823, 0.1329731344565158, -0.138347209354135, 8.34979962576764e-06, -0.1377974442757411, 0.9904604304470499, 0.030851300356100217, 0.0, 0.0, 0.0, 1.0]}, {"left_foot_pose": [0.9796672792945159, -0.19957325401790518, -0.020555733029660343, 0.02527292164446034, 0.2006290653910397, 0.9745117754410385, 0.10037319187449566, 0.001277369427893328, -6.283305787976133e-10, -0.10245640930396226, 0.9947374951174507, 1.7385504286204778e-09, 0.0, 0.0, 0.0, 1.0], "right_foot_pose": [0.9631435873229922, -0.2667982356302268, -0.034251009666806345, 0.06577664019410777, 0.26898778810079765, 0.9553070154118871, 0.12261352355051482, -0.1380612682573425, 7.1580719577698385e-06, -0.12730753225724847, 0.9918632930899961, 0.026778357111502088, 0.0, 0.0, 0.0, 1.0]}, {"left_foot_pose": [0.9796672792942583, -0.1997299282984473, -0.018973076241982845, 0.025272921579010326, 0.2006290653922983, 0.9752768124233071, 0.0926451146539717, 0.0012773695072040275, -7.878940290322787e-10, -0.09456793796700712, 0.9955184102309055, 2.071173885176414e-09, 0.0, 0.0, 0.0, 1.0], "right_foot_pose": [0.9613868999751634, -0.273332949916428, -0.03200510968780804, 0.06750152081685871, 0.27520034251530257, 0.9548658581030911, 0.11178535015156343, -0.13779793015346692, 5.967011364395262e-06, -0.11627678839317446, 0.9932168486515739, 0.022394913622016788, 0.0, 0.0, 0.0, 1.0]}, {"left_foot_pose": [0.9796672792946178, -0.1998864173016169, -0.017246508568578664, 0.025272921504970226, 0.20062906539054184, 0.9760409447290953, 0.08421432379859042, 0.0012773695530851458, -9.530249075012826e-10, -0.08596216836876519, 0.9962984018903878, 2.407577200103095e-09, 0.0, 0.0, 0.0, 1.0], "right_foot_pose": [0.959764302538503, -0.27925656838831586, -0.02946612605623734, 0.06906087268275853, 0.28080684384398896, 0.9544674439130809, 0.10069466202538786, -0.13755986448727323, 4.812246686297317e-06, -0.10491743192630808, 0.9944809361947721, 0.01790346893532637, 0.0, 0.0, 0.0, 1.0]}, {"left_foot_pose": [0.9796672792957276, -0.20003855851642918, -0.015381709397092476, 0.025272921422929542, 0.2006290653851221, 0.976783846917642, 0.0751085516001092, 0.0012773695565093052, -1.117281700498602e-09, -0.0766674083782862, 0.9970567228059585, 2.7355077855673038e-09, 0.0, 0.0, 0.0, 1.0], "right_foot_pose": [0.9583049752243452, -0.28449862766602174, -0.0266853015050887, 0.07043721074798985, 0.2857473962198139, 0.9541182233629728, 0.08948095551725566, -0.13734974066061617, 3.723415036849085e-06, -0.09337530028243433, 0.9956309824846258, 0.013506521806325597, 0.0, 0.0, 0.0, 1.0]}, {"left_foot_pose": [0.9796672792976515, -0.20018194746866005, -0.013386925755860462, 0.025272921334526948, 0.20062906537572878, 0.9774840120429059, 0.065368068098781, 0.0012773695110497637, -1.2775190910950525e-09, -0.0667247638299292, 0.9977714196607562, 3.050838290330482e-09, 0.0, 0.0, 0.0, 1.0], "right_foot_pose": [0.9570380901550445, -0.28899177883555816, -0.02370328580271461, 0.07161304983898437, 0.28996222854874987, 0.9538358297177926, 0.07822477843760747, -0.1371702280130555, 2.725410968524697e-06, -0.0817371501340126, 0.9966539210179942, 0.009406570769419309, 0.0, 0.0, 0.0, 1.0]}, {"left_foot_pose": [0.9796672793004232, -0.20031225954314225, -0.011270339162094726, 0.02527292124258501, 0.2006290653621951, 0.9781203231070419, 0.05503282344991219, 0.0012773694113891228, -1.4315369507302018e-09, -0.05617501403380224, 0.9984209371794561, 3.354094876839575e-09, 0.0, 0.0, 0.0, 1.0], "right_foot_pose": [0.955992366136843, -0.29267121483976904, -0.02054643259287564, 0.07257090466585608, 0.29339154024050473, 0.9536456837201943, 0.06694261749548845, -0.13702399583830438, 1.8395710850855107e-06, -0.07002478079977727, 0.9975452521417558, 0.005806114558509455, 0.0, 0.0, 0.0, 1.0]}, {"left_foot_pose": [0.9796672793040959, -0.200425107150375, -0.009044240414314045, 0.02527292115495039, 0.20062906534425992, 0.9786713556128389, 0.04416283326529321, 0.001277369249363721, -1.5624955837121116e-09, -0.04507942021244304, 0.998983406205184, 3.618515723169402e-09, 0.0, 0.0, 0.0, 1.0], "right_foot_pose": [0.9551955849251477, -0.29547315649870515, -0.017233929563400276, 0.07329328976846346, 0.29597532758377787, 0.9535751513569409, 0.0556150714848274, -0.13691371341556305, 1.0862713711534592e-06, -0.05822408868568691, 0.9983035387573967, 0.0029076532573729247, 0.0, 0.0, 0.0, 1.0]}, {"left_foot_pose": [0.9796672793085598, -0.20051608025594045, -0.00673226640578837, 0.025272921084445003, 0.2006290653224636, 0.9791155754555826, 0.0328735159074748, 0.0012773690209259628, -1.657974704196892e-09, -0.03355579620687791, 0.9994368456990784, 3.828864530985854e-09, 0.0, 0.0, 0.0, 1.0], "right_foot_pose": [0.9546740681760649, -0.2973336121181469, -0.01378936753217555, 0.07376271933841841, 0.2976531934179864, 0.9536491390208565, 0.044225514048501065, -0.13684204996738486, 4.866348785918312e-07, -0.04632540069502673, 0.998926402319114, 0.0009136903125389895, 0.0, 0.0, 0.0, 1.0]}, {"left_foot_pose": [0.9796672793135951, -0.20058169996325903, -0.004359298355055976, 0.025272921047696573, 0.20062906529787589, 0.979435995248571, 0.02128636580402827, 0.0012773687255966167, -1.7160423588274104e-09, -0.021728158028036005, 0.9997639157064578, 3.996238548409359e-09, 0.0, 0.0, 0.0, 1.0], "right_foot_pose": [0.9544521138734786, -0.2981888362855016, -0.01022644792422578, 0.07396170726763698, 0.2983641438283841, 0.9538913208904434, 0.03271369143708848, -0.1368116748475619, 6.23382286768948e-08, -0.03427485732405116, 0.9994124444669538, 2.6733807858815573e-05, 0.0, 0.0, 0.0, 1.0]}, {"left_foot_pose": [0.9796672793427632, -0.2006195217697665, -0.001956852068897489, 0.02527291975497936, 0.20062906515544923, 0.9796206791372515, 0.009555271922954953, 0.001277367953070799, -1.3308591315456231e-09, -0.009753588649372218, 0.9999524326229023, 4.2656347828962105e-09, 0.0, 0.0, 0.0, 1.0], "right_foot_pose": [0.9544456308174791, -0.2983124676180058, -0.0065733915964765735, 0.07396751180238034, 0.29838488201218316, 0.9542139983259856, 0.021026354541655995, -0.13681079004394617, -1.4304961665173323e-09, -0.022029912900237522, 0.9997573120200763, 4.0665505199322105e-09, 0.0, 0.0, 0.0, 1.0]}, {"left_foot_pose": [0.979667279363618, -0.2006285808029973, 0.0004408052439211659, 0.025272918703034438, 0.20062906505361572, 0.9796649147843597, -0.00215243960812836, 0.0012773672372597862, -5.278798844998523e-10, 0.0021971129988479924, 0.9999975863443228, 4.491077787438513e-09, 0.0, 0.0, 0.0, 1.0], "right_foot_pose": [0.9544456308136625, -0.29837078902970116, -0.0029000128453880946, 0.07396751068349347, 0.2983848820243911, 0.9544005514407693, 0.009276291761548981, -0.1368107904455883, -6.333395346480052e-10, -0.009719036132703739, 0.9999527690529443, 3.9367840168336166e-09, 0.0, 0.0, 0.0, 1.0]}, {"left_foot_pose": [0.9796672793701746, -0.20060924668724497, 0.0028199069163453833, 0.02527291820062243, 0.2006290650215987, 0.9795705068781483, -0.013769543312980853, 0.0012773668458483153, 6.385062089934937e-11, 0.014055326323671796, 0.9999012190221271, 4.5910217572053824e-09, 0.0, 0.0, 0.0, 1.0], "right_foot_pose": [0.9544456308067107, -0.29838391553934257, 0.0007594612496995659, 0.07396751014960486, 0.29838488204662666, 0.954442539233985, -0.0024292934371087545, -0.13681079055482326, -3.58545713548403e-11, 0.0025452402624062827, 0.9999967608707573, 3.796203761063932e-09, 0.0, 0.0, 0.0, 1.0]}, {"left_foot_pose": [0.9796672793655051, -0.20056252839581287, 0.005166618242984651, 0.025272918190197297, 0.20062906504440003, 0.9793423823673948, -0.02522848307699742, 0.0012773668544952994, 1.3464599631789312e-10, 0.025752093166091814, 0.9996683598561902, 4.5353145128324e-09, 0.0, 0.0, 0.0, 1.0], "right_foot_pose": [0.9544456308009178, -0.298352834226592, 0.004373117194563639, 0.07396751016682471, 0.2983848820651569, 0.954343119172531, -0.013988318090708277, -0.1368107904864016, 4.4458973567647005e-11, 0.014655961142286742, 0.9998925956336489, 3.628752846818184e-09, 0.0, 0.0, 0.0, 1.0]}, {"left_foot_pose": [0.9796672793531405, -0.20049012872095537, 0.007465256209362004, 0.02527291865837039, 0.20062906510477685, 0.9789888561295705, -0.03645267904145808, 0.0012773672635273577, -3.238721125917738e-10, 0.03720924427573012, 0.9993074962895205, 4.311844277460342e-09, 0.0, 0.0, 0.0, 1.0], "right_foot_pose": [0.9544456308009237, -0.29827996855685734, 0.007911902599696612, 0.07396751069285358, 0.298384882065139, 0.9541100433271119, -0.025307852088037604, -0.13681079026424042, -4.0713505760263177e-10, 0.026515760974504664, 0.999648395397073, 3.4415953975575064e-09, 0.0, 0.0, 0.0, 1.0]}, {"left_foot_pose": [0.9796672793367567, -0.2003945230950638, 0.009698294201562534, 0.025272919627502118, 0.2006290651847789, 0.9785220157553999, -0.047356550603606405, 0.0012773679900893922, -1.0178650310890214e-09, 0.04833942278815468, 0.9988309667829234, 3.931241034094146e-09, 0.0, 0.0, 0.0, 1.0], "right_foot_pose": [0.9544456308110062, -0.2981689443380572, 0.011349821941736353, 0.0739675116861837, 0.2983848820328881, 0.953754909665729, -0.03630474435575693, -0.13681078982420683, -1.1017438116611019e-09, 0.038037519909241854, 0.9992763116771827, 3.2623368312334478e-09, 0.0, 0.0, 0.0, 1.0]}, {"left_foot_pose": [0.9796653389505875, -0.20028835229080477, 0.01184903352454779, 0.02527409421045218, 0.20063853981433089, 0.9779554853113288, -0.05785538082718162, 0.0012776709281491685, -6.843393631605182e-08, 0.059056284052752234, 0.9982546545415538, 1.1923134295238613e-05, 0.0, 0.0, 0.0, 1.0], "right_foot_pose": [0.9544456308314325, -0.29802442148782277, 0.014662263932871355, 0.07396751295880342, 0.2983848819675497, 0.9532926238250763, -0.046900272642205636, -0.13681078915764094, -1.4339684472709548e-09, 0.049138758201142836, 0.9987919615427675, 3.118690618253428e-09, 0.0, 0.0, 0.0, 1.0]}, {"left_foot_pose": [0.9795296844238981, -0.2008115858548425, 0.014010864316056916, 0.025355972796796293, 0.20129976982585504, 0.9771544080314146, -0.06817378919228742, 0.0012987917057133303, -6.911053282694506e-07, 0.06959863397538585, 0.9975750749433769, 0.0008178781763364326, 0.0, 0.0, 0.0, 1.0], "right_foot_pose": [0.9544456308358994, -0.29785249938991465, 0.017816463887169457, 0.0739675133118939, 0.29838488195326157, 0.9527426955847339, -0.056989632668348764, -0.13681078923047393, -1.3000691710068127e-09, 0.05970966937704573, 0.9982157859816102, 2.911753851919663e-09, 0.0, 0.0, 0.0, 1.0]}, {"left_foot_pose": [0.979187757211867, -0.20230217613199167, 0.01628390796630856, 0.025561168428167837, 0.20295648825369902, 0.976031526087495, -0.07855650169809547, 0.001351729068618834, -1.4563001834199806e-06, 0.08022648948805643, 0.9967766602315201, 0.002744340449024385, 0.0, 0.0, 0.0, 1.0], "right_foot_pose": [0.9544456308393804, -0.29765943647086135, 0.020794173498030588, 0.07396751360688489, 0.29838488194212665, 0.952125144037811, -0.06651445195866078, -0.13681078925192658, -1.1497765695893213e-09, 0.06968909506391341, 0.9975687595495223, 2.7166619162577454e-09, 0.0, 0.0, 0.0, 1.0]}, {"left_foot_pose": [0.9786479602576689, -0.2046903866321903, 0.018708701287631017, 0.025881741825014657, 0.20554359605198133, 0.9745866431191862, -0.08906573513813992, 0.0014344351455049618, -2.3506239259850797e-06, 0.0910094537619121, 0.9958500285286104, 0.005588801702798685, 0.0, 0.0, 0.0, 1.0], "right_foot_pose": [0.9544456308418331, -0.2974513683367344, 0.02358434314411628, 0.07396751383707321, 0.29838488193428137, 0.9514595951860311, -0.07543938600955663, -0.13681078923096165, -9.856036332065673e-10, 0.07904000381476634, 0.9968714449701935, 2.5118214938557593e-09, 0.0, 0.0, 0.0, 1.0]}, {"left_foot_pose": [0.9779165958108109, -0.20790584923607222, 0.02131406791823571, 0.026309753833522704, 0.2089955301591425, 0.972819480240179, -0.0997152307259443, 0.0015448620458409553, -3.3607481737888316e-06, 0.10196772390642435, 0.9947877076391974, 0.009148758162173296, 0.0, 0.0, 0.0, 1.0], "right_foot_pose": [0.9544456308433001, -0.2972345438891268, 0.026175631475806697, 0.07396751400035971, 0.2983848819295884, 0.9507660374326105, -0.08372815715491005, -0.1368107891757998, -8.129323348855573e-10, 0.08772438648240591, 0.996144784665505, 2.29006010682431e-09, 0.0, 0.0, 0.0, 1.0]}, {"left_foot_pose": [0.9769984597763364, -0.21187795192782413, 0.02411935076941721, 0.026837265549454287, 0.21324635887787052, 0.9707314089312892, -0.11048313056573886, 0.001680961726659106, -4.471928061391666e-06, 0.11308521212407074, 0.993585293157491, 0.013221709535643188, 0.0, 0.0, 0.0, 1.0], "right_foot_pose": [0.9544456308439183, -0.29701476108200947, 0.028561678213151413, 0.07396751409918462, 0.2983848819276117, 0.9500630167342796, -0.09136042070177676, -0.13681078909449335, -6.39090424357769e-10, 0.09572092735215852, 0.9954082097646387, 2.0552897994630115e-09, 0.0, 0.0, 0.0, 1.0]}, {"left_foot_pose": [0.9758973944362646, -0.2165369139781834, 0.027130064823287503, 0.027456338266140957, 0.21822986848826895, 0.96832993515739, -0.12129658353671503, 0.0018406860602754177, -5.666036012853935e-06, 0.12429361030596478, 0.9922454829350478, 0.017605157005026316, 0.0, 0.0, 0.0, 1.0], "right_foot_pose": [0.9544456308438077, -0.29679739262458493, 0.030738339161601562, 0.07396751413714958, 0.29838488192796503, 0.9493677188138087, -0.09832292057856844, -0.1368107889938152, -4.670215470890134e-10, 0.10301573765941331, 0.9946797262408072, 1.8080631714045836e-09, 0.0, 0.0, 0.0, 1.0]}, {"left_foot_pose": [0.9746167979648455, -0.22178792741438164, 0.030532153182917472, 0.02815903264830648, 0.22387964864239498, 0.9655151354900612, -0.13288501067978992, 0.0020219867606002494, -6.964914099430868e-06, 0.13634749133314814, 0.9906610730005736, 0.02209660163068044, 0.0, 0.0, 0.0, 1.0], "right_foot_pose": [0.9544456308615931, -0.296579119469025, 0.03277748654477909, 0.07396751389089316, 0.29838488187107487, 0.9486695272848388, -0.104845554373781, -0.13681078908142033, -4.696030797257894e-10, 0.10984968773801138, 0.9939482109767397, 1.4471431969420578e-09, 0.0, 0.0, 0.0, 1.0]}, {"left_foot_pose": [0.9731600950824624, -0.227624675275729, 0.03385906886954484, 0.02893741205327444, 0.2301291578030999, 0.9625745173235116, -0.1431463213926425, 0.002222815900414017, -8.24195021057032e-06, 0.14709624674011382, 0.9891221836189111, 0.026493545464409934, 0.0, 0.0, 0.0, 1.0], "right_foot_pose": [0.9544456308315515, -0.2963863786810245, 0.034476837426154386, 0.073967513826011, 0.29838488196716856, 0.9480530056862397, -0.11028127956605216, -0.136810788977336, -2.6152974143169393e-10, 0.11554485251033557, 0.9933022636933655, 1.1904853422506356e-09, 0.0, 0.0, 0.0, 1.0]}, {"left_foot_pose": [0.971531156323191, -0.23396284504339412, 0.03726391595800218, 0.029783537370674157, 0.2369118236876519, 0.9594442534621331, -0.1527727472276464, 0.002441125034542555, -9.503440925745216e-06, 0.15725174605609918, 0.9875585492880882, 0.030593489074062008, 0.0, 0.0, 0.0, 1.0], "right_foot_pose": [0.9544456308303579, -0.2962111851493204, 0.035950960783759374, 0.07396751372436067, 0.2983848819709878, 0.947492612958703, -0.11499656777421471, -0.13681078887446657, -1.4287599360642204e-10, 0.12048519486279183, 0.9927151242017395, 9.463014885580101e-10, 0.0, 0.0, 0.0, 1.0]}, {"left_foot_pose": [0.9697346807180479, -0.24075417560418982, 0.040645737068146254, 0.030689470476049228, 0.24416111258384798, 0.9562106425607794, -0.16138946110362953, 0.002674865765134208, -1.0699700080054763e-05, 0.16642906591893483, 0.9860534295376027, 0.0341939331854161, 0.0, 0.0, 0.0, 1.0], "right_foot_pose": [0.9544456308293248, -0.296057219055959, 0.037197591799259196, 0.0739675135923261, 0.29838488197429225, 0.9470001205773492, -0.11898417472787698, -0.13681078878266295, -3.748192461478198e-11, 0.12466312474560484, 0.9921991258455441, 7.257469139543282e-10, 0.0, 0.0, 0.0, 1.0]}, {"left_foot_pose": [0.9677765310371519, -0.2479598818555903, 0.0438689293675976, 0.03164727321121316, 0.25181061501671137, 0.9529852614736877, -0.1685541621522113, 0.0029219894875899266, -1.1772990420524907e-05, 0.17416942442371974, 0.9847157008280653, 0.03709237835387554, 0.0, 0.0, 0.0, 1.0], "right_foot_pose": [0.9544456308285395, -0.29592769979859423, 0.0382143204077271, 0.0739675134371134, 0.2983848819768042, 0.9465858264529623, -0.12223639133274211, -0.13681078871230445, 5.329238674650449e-11, 0.12807056512046647, 0.9917650580403228, 5.420180831938737e-10, 0.0, 0.0, 0.0, 1.0]}, {"left_foot_pose": [0.9656640248965004, -0.2555500468834984, 0.04676713117706848, 0.03264900712276081, 0.25979413168969345, 0.9498973812426175, -0.17378715213736737, 0.0031804472850909572, -1.2660556873245493e-05, 0.17996982704403483, 0.9836721309427502, 0.039086325072282296, 0.0, 0.0, 0.0, 1.0], "right_foot_pose": [0.9544456308280808, -0.29582538125952806, 0.03899848196842597, 0.07396751326681122, 0.29838488197827107, 0.9462585394491504, -0.12474469418125063, -0.13681078867387603, 1.280947442553976e-10, 0.13069858576976015, 0.9914221500843042, 4.1002886502772284e-10, 0.0, 0.0, 0.0, 1.0]}, {"left_foot_pose": [0.9634061812558841, -0.2635002014363337, 0.04915459043636364, 0.03368673314160591, 0.2680457605354963, 0.9470776958108224, -0.1766219362271058, 0.0034481898446397687, -1.3300475078470424e-05, 0.18333434468390195, 0.9830506181689848, 0.03997327393222186, 0.0, 0.0, 0.0, 1.0], "right_foot_pose": [0.9544456308280174, -0.29575250898454564, 0.039547328894044644, 0.0739675130902831, 0.2983848819784733, 0.9460254424099449, -0.12650029454416478, -0.13681078867749696, 1.8560042970671935e-10, 0.13253797849074864, 0.9911779276485054, 3.460987885173239e-10, 0.0, 0.0, 0.0, 1.0]}, {"left_foot_pose": [0.9610139205438749, -0.27175191572638746, 0.0510209841136979, 0.03475250552116629, 0.2764999897531689, 0.9445204663465965, -0.17728182173845802, 0.0037231664628848034, -1.3689027642582402e-05, 0.1844776001346696, 0.9828367183114216, 0.0400000041666623, 0.0, 0.0, 0.0, 1.0], "right_foot_pose": [0.9544456308283763, -0.29570974479813916, 0.03986583279001595, 0.07396751300582871, 0.2983848819773249, 0.9458886523199315, -0.12751909511818918, -0.1368107886996623, 2.2292930269856718e-10, 0.13360540499472034, 0.9910346087580375, 3.15277158546845e-10, 0.0, 0.0, 0.0, 1.0]}, {"left_foot_pose": [0.9585002215577856, -0.2801925031415036, 0.0526259105097064, 0.035838388325215784, 0.28509178360748266, 0.9420374658151961, -0.1768843913972883, 0.0040033314982830075, -1.3898980513503779e-05, 0.1845469430355945, 0.9828237001736562, 0.04000000427840914, 0.0, 0.0, 0.0, 1.0], "right_foot_pose": [0.9544456308291318, -0.29569584103921803, 0.03996883014662412, 0.07396751294127744, 0.29838488197490853, 0.9458441782764389, -0.12784855348962001, -0.13681078872085378, 2.430564283719145e-10, 0.13395058795196785, 0.9909880120300761, 3.034598752837958e-10, 0.0, 0.0, 0.0, 1.0]}, {"left_foot_pose": [0.9558802406624205, -0.28876189874922215, 0.053940071763926074, 0.03693644410349818, 0.293756643017894, 0.9396361132200001, -0.17547367157402805, 0.004286637219470504, -1.3928794849735536e-05, 0.18357706981961538, 0.9830053200478793, 0.04000000433566475, 0.0, 0.0, 0.0, 1.0], "right_foot_pose": [0.9544456308302897, -0.2957109103508572, 0.03985718615805145, 0.07396751287315946, 0.2983848819712057, 0.9458923805916589, -0.12749143716216638, -0.136810788743599, 2.464390521087898e-10, 0.1335764269551785, 0.9910385149740084, 3.177401536325064e-10, 0.0, 0.0, 0.0, 1.0]}, {"left_foot_pose": [0.9531713799096883, -0.29740138991106, 0.05492480131990395, 0.03803873395505264, 0.302430686821324, 0.9373288071649931, -0.1730618008904181, 0.004571035335727502, -1.3778379638469269e-05, 0.18156850095107852, 0.9833782991669764, 0.040000004336876616, 0.0, 0.0, 0.0, 1.0], "right_foot_pose": [0.9544456308318409, -0.29575466815956536, 0.039531178174122536, 0.07396751280271044, 0.2983848819662432, 0.9460323489984811, -0.12644863329592507, -0.13681078876733577, 2.3292407416338215e-10, 0.13248385150742523, 0.9911851638769411, 3.583523686123691e-10, 0.0, 0.0, 0.0, 1.0]}, {"left_foot_pose": [0.9503933145627991, -0.3060515931526705, 0.05554250591258284, 0.03913731897955704, 0.31105071524335304, 0.9351265731094631, -0.16966362253338688, 0.004854477556375702, -1.3451239549592585e-05, 0.1785237087707538, 0.98393561030476, 0.040000004283705294, 0.0, 0.0, 0.0, 1.0], "right_foot_pose": [0.9544456308337687, -0.29582642776555496, 0.038990542671268474, 0.07396751273100102, 0.29838488196007695, 0.9462618869455014, -0.1247192989557363, -0.13681078879168207, 2.023560077919146e-10, 0.13067197844147876, 0.9914256573491477, 4.257431421295088e-10, 0.0, 0.0, 0.0, 1.0]}, {"left_foot_pose": [0.9475679784786485, -0.31465225305881794, 0.055757383429439936, 0.040224260277235545, 0.3195542614237374, 0.9330392212357757, -0.1652963570126935, 0.005134915590821323, -1.2954456690950055e-05, 0.1744470443451175, 0.9846665570392018, 0.040000004181054295, 0.0, 0.0, 0.0, 1.0], "right_foot_pose": [0.9544456308360377, -0.29592510069578126, 0.03823444201488015, 0.07396751265931262, 0.29838488195281865, 0.9465775127261583, -0.12230075479391736, -0.13681078881630684, 1.5464203832076203e-10, 0.1281380005281458, 0.9917563475071126, 5.203664860120583e-10, 0.0, 0.0, 0.0, 1.0]}, {"left_foot_pose": [0.9447195081409306, -0.32314283101406366, 0.055531627944572545, 0.04129161981463797, 0.32787962850218655, 0.9310777253926049, -0.15996630423624278, 0.005410301139336705, -1.2297416224522655e-05, 0.16933097779777354, 0.9855592421599143, 0.03998808411603179, 0.0, 0.0, 0.0, 1.0], "right_foot_pose": [0.9544456308386299, -0.2960491533047434, 0.03726173104666842, 0.07396751257898442, 0.29838488194452756, 0.9469743206580984, -0.11918933778271946, -0.13681078885835632, 8.906329630213496e-11, 0.12487807990867503, 0.992172094527115, 6.453328635358524e-10, 0.0, 0.0, 0.0, 1.0]}, {"left_foot_pose": [0.9418741486418304, -0.33151504838937634, 0.054505603488240115, 0.04233146171185062, 0.33596590301654217, 0.9294017761188015, -0.15277189060000004, 0.005678584042786247, -1.1423985602099413e-05, 0.16220391869066575, 0.9867572592238101, 0.03918213587768337, 0.0, 0.0, 0.0, 1.0], "right_foot_pose": [0.9544456308416561, -0.2961979892252459, 0.03605951949477181, 0.07396751244985587, 0.2983848819348471, 0.9474504031398991, -0.11534381571098593, -0.13681078902895852, 8.085743109946486e-13, 0.12084901641703034, 0.9926708997603566, 8.384958630203165e-10, 0.0, 0.0, 0.0, 1.0]}, {"left_foot_pose": [0.9390601123207557, -0.33971189081297926, 0.05255413103078237, 0.04333583973786709, 0.3437529713923547, 0.9280253393133738, -0.14353697868920562, 0.005937715612794048, -1.0346850069092087e-05, 0.15285549003084167, 0.9882485512564008, 0.03725568938174819, 0.0, 0.0, 0.0, 1.0], "right_foot_pose": [0.954445630844769, -0.29636927276116987, 0.034623574690460436, 0.07396751235243235, 0.2983848819248901, 0.9479982889576404, -0.11075064953333466, -0.1368107892050121, -1.0413197497862816e-10, 0.116036624806142, 0.9932449354029442, 1.082283214437485e-09, 0.0, 0.0, 0.0, 1.0]}, {"left_foot_pose": [0.9363074047634485, -0.3476299738468118, 0.04981811988023674, 0.04429681595738332, 0.3511814968099614, 0.9268421522061744, -0.13279751952556432, 0.006185648854285807, -9.135209070613704e-06, 0.14183450277380377, 0.9898903847090632, 0.03441124419591507, 0.0, 0.0, 0.0, 1.0], "right_foot_pose": [0.954445630847827, -0.296559045483185, 0.03295861492228232, 0.07396751228183529, 0.29838488191510826, 0.9486053162543112, -0.10542493167446315, -0.13681078937757887, -2.2414714024396224e-10, 0.11045671784079264, 0.9938809352653061, 1.360603477107425e-09, 0.0, 0.0, 0.0, 1.0]}, {"left_foot_pose": [0.9336476147861971, -0.35516774545379254, 0.046454321578466615, 0.04520645254170296, 0.35819286891608015, 0.9257653231934103, -0.12106376431562531, 0.006420336569461392, -7.855801690029825e-06, 0.12967050151006268, 0.9915571395418501, 0.03085130001996568, 0.0, 0.0, 0.0, 1.0], "right_foot_pose": [0.954445630850672, -0.2967628962190613, 0.03106961824254245, 0.0739675122347051, 0.2983848819060086, 0.9492573749809199, -0.09938258546782994, -0.13681078953830647, -3.5740349901523063e-10, 0.10412597885257938, 0.9945641158457269, 1.66126309236736e-09, 0.0, 0.0, 0.0, 1.0]}, {"left_foot_pose": [0.931113665460252, -0.36223076550416367, 0.04261706835814185, 0.04605681149564706, 0.3647291350441293, 0.9247377045543778, -0.10877883905182477, 0.006639731264266502, -6.567827948609816e-06, 0.11682915003443663, 0.9931520274656324, 0.026778356448797606, 0.0, 0.0, 0.0, 1.0], "right_foot_pose": [0.9544456308531298, -0.2969759470747115, 0.02896246889422319, 0.0739675122085135, 0.29838488189814616, 0.9499388621819893, -0.09264243288589367, -0.13681078967910243, -5.017659256852057e-10