{"LoopMode": "Wrap", "FrameDuration": 0.0167, "EnableCycleOffsetPosition": true, "EnableCycleOffsetRotation": false, "Debug_info": [{"left_foot_pose": [0.9999999999441441, 1.056862929482615e-05, 1.299841796418477e-07, -0.0001696827808249324, -1.0569428605714354e-05, 0.999924346629887, 0.012300443288019965, 5.1847080045370336e-05, 2.447907354153945e-11, -0.012300443288706843, 0.9999243466857393, 1.6955561954468124e-11, 0.0, 0.0, 0.0, 1.0], "right_foot_pose": [0.9999999988530557, -4.789203655579453e-05, 4.910856532538758e-07, -0.000498728111389205, 4.789455428947622e-05, 0.9999474253294895, -0.010253988640341775, -0.14038207977171113, 2.456389903264731e-11, 0.010253988652101233, 0.9999474264763736, 1.424100420921448e-11, 0.0, 0.0, 0.0, 1.0]}, {"left_foot_pose": [0.999999999944144, 1.0568969051004894e-05, 9.856993310443871e-08, -0.0001696827758333829, -1.0569428689538066e-05, 0.9999564641858956, 0.00933111039104099, 5.1847081263156625e-05, 5.4574695895766566e-11, -0.009331110391561691, 0.9999564642417498, 3.684889893218468e-11, 0.0, 0.0, 0.0, 1.0], "right_foot_pose": [0.9999999988530557, -4.789036772013313e-05, 6.332702776615026e-07, -0.0004987281074773709, 4.78945545090344e-05, 0.9999125669326441, -0.013223320168628523, -0.14038207977378583, 5.4756166626946356e-11, 0.013223320183792188, 0.999912568079488, 3.3004002308878455e-11, 0.0, 0.0, 0.0, 1.0]}, {"left_foot_pose": [0.999999999944144, 1.0569286460111836e-05, 5.4829650430817636e-08, -0.00016968276902564906, -1.0569428676646951e-05, 0.9999864974012384, 0.005196624239959521, 5.184708330201876e-05, 9.569972950804957e-11, -0.00519662424024885, 0.9999864974570941, 6.393500312507072e-11, 0.0, 0.0, 0.0, 1.0], "right_foot_pose": [0.9999999988530557, -4.788733935569625e-05, 8.313370883364159e-07, -0.0004987281018327655, 4.789455492976796e-05, 0.9998493086030104, -0.01735965991008123, -0.1403820797762237, 9.611201607677294e-11, 0.017359659929987066, 0.9998493097497818, 5.892071552882072e-11, 0.0, 0.0, 0.0, 1.0]}, {"left_foot_pose": [0.9999999999441439, 1.056942840383693e-05, -9.674109848568039e-10, -0.00016968276053233998, -1.0569428446771598e-05, 0.9999999969327227, -7.760697545371382e-05, 5.18470862682658e-05, 1.4714918250387266e-10, 7.76069754595256e-05, 0.9999999969885793, 9.791551597304604e-11, 0.0, 0.0, 0.0, 1.0], "right_foot_pose": [0.9999999988530557, -4.7882283462140614e-05, 1.0841553738652274e-06, -0.0004987280944710897, 4.789455566564441e-05, 0.9997436950909844, -0.02263938673941052, -0.14038207977883316, 1.4803353653202089e-10, 0.022639386765369425, 0.9997436962376347, 9.150323554418804e-11, 0.0, 0.0, 0.0, 1.0]}, {"left_foot_pose": [0.9999999999441442, 1.0569204826252913e-05, -6.866238039269563e-08, -0.0001696827502914266, -1.056942785259623e-05, 0.9999790271467257, -0.006476507930691117, 5.184709036672522e-05, 2.094011167670067e-10, 0.006476507931055007, 0.999979027202581, 1.393007445504857e-10, 0.0, 0.0, 0.0, 1.0], "right_foot_pose": [0.9999999988530557, -4.7874350037662114e-05, 1.3911097481725058e-06, -0.0004987280852439558, 4.789455687051859e-05, 0.9995779683028129, -0.029049664193103352, -0.1403820797814459, 2.1113595795012754e-10, 0.029049664226411462, 0.9995779694492736, 1.3102995771729908e-10, 0.0, 0.0, 0.0, 1.0]}, {"left_foot_pose": [0.9999999999441439, 1.0568385556552206e-05, -1.4834964928731935e-07, -0.00016968273802532514, -1.0569426701711835e-05, 0.9999018713103707, -0.014008841433426455, 5.1847095935605644e-05, 2.842541491960537e-10, 0.014008841434211867, 0.9999018713662216, 1.8952151653595095e-10, 0.0, 0.0, 0.0, 1.0], "right_foot_pose": [0.9999999988530556, -4.7862476203511875e-05, 1.7527493665905703e-06, -0.00049872807380135, 4.789455875775243e-05, 0.9993299211944114, -0.036601998738902346, -0.14038207978388997, 2.87406912725864e-10, 0.03660199878086893, 0.9993299223405878, 1.7864704160430733e-10, 0.0, 0.0, 0.0, 1.0]}, {"left_foot_pose": [0.999999999944144, 1.0566689929268855e-05, -2.404228247045815e-07, -0.0001696827232343839, -1.0569424726479469e-05, 0.9997420593355879, -0.022711553969859962, 5.184710348552293e-05, 3.748609804832113e-10, 0.022711553971132427, 0.9997420593914299, 2.5099644584969383e-10, 0.0, 0.0, 0.0, 1.0], "right_foot_pose": [0.9999999988530552, -4.7845331903691116e-05, 2.1710018550116604e-06, -0.000498728059566801, 4.789456163169586e-05, 0.9989717616988647, -0.045336707361448896, -0.14038207978594375, 3.8026294608829866e-10, 0.04533670741342929, 0.9989717628446306, 2.3639692980914617e-10, 0.0, 0.0, 0.0, 1.0]}, {"left_foot_pose": [0.9999999999441443, 1.0563770504018051e-05, -3.4557884737183354e-07, -0.00016968270519912356, -1.0569421543230649e-05, 0.9994668409888364, -0.032650170781851735, 5.1847113743893475e-05, 4.856874833997628e-10, 0.032650170783680495, 0.9994668410446631, 3.271814139060858e-10, 0.0, 0.0, 0.0, 1.0], "right_foot_pose": [0.999999998853055, -4.78212419391072e-05, 2.64920086284785e-06, -0.0004987280417175634, 4.789456592948318e-05, 0.9984684816655078, -0.05532349253875985, -0.14038207978726974, 4.945581758460171e-10, 0.055323492602189064, 0.9984684828106972, 3.072084531208219e-10, 0.0, 0.0, 0.0, 1.0]}, {"left_foot_pose": [0.9999999999441442, 1.05591918863263e-05, -4.647950331839545e-07, -0.0001696826829807438, -1.0569416602672005e-05, 0.9990351992285567, -0.0439166322780622, 5.184712770333125e-05, 6.224509743742896e-10, 0.04391663228052173, 0.9990351992843587, 4.226383340522055e-10, 0.0, 0.0, 0.0, 1.0], "right_foot_pose": [0.9999999988530548, -4.7788086729184534e-05, 3.191993160345502e-06, -0.0004987280191642249, 4.789457227260288e-05, 0.9977757807065802, -0.06665950150942108, -0.14038207978732967, 6.365716358248038e-10, 0.06665950158584534, 0.9977757818509762, 3.948877266846118e-10, 0.0, 0.0, 0.0, 1.0]}, {"left_foot_pose": [0.9999999999441441, 1.0552406657338061e-05, -5.992695416569912e-07, -0.0001696826554643508, -1.056940914202785e-05, 0.9983955910201686, -0.056623702808779534, 5.1847146637940336e-05, 7.917293594209846e-10, 0.056623702811950595, 0.9983955910759348, 5.429331637052393e-10, 0.0, 0.0, 0.0, 1.0], "right_foot_pose": [0.9999999988530544, -4.774319100230737e-05, 3.8050823902294037e-06, -0.0004987279905747003, 4.7894581514246945e-05, 0.996837737805761, -0.07946396788735093, -0.1403820797852769, 8.136744309504646e-10, 0.07946396797845282, 0.9968377389490827, 5.039206482648773e-10, 0.0, 0.0, 0.0, 1.0]}, {"left_foot_pose": [0.9999999999441443, 1.0542734240195836e-05, -7.502891071211412e-07, -0.0001696826215733426, -1.056939818523538e-05, 0.9974839536432244, -0.07089260971759105, 5.184717197292965e-05, 9.994008820884833e-10, 0.07089260972156126, 0.9974839536989394, 6.937925720040816e-10, 0.0, 0.0, 0.0, 1.0], "right_foot_pose": [0.9999999988530537, -4.7683229341873364e-05, 4.494646220487826e-06, -0.0004987279545805075, 4.789459472694561e-05, 0.9955848382169319, -0.09386600885663507, -0.14038207977984982, 1.032797074239828e-09, 0.09386600896424499, 0.9955848393588183, 6.38566928501394e-10, 0.0, 0.0, 0.0, 1.0]}, {"left_foot_pose": [0.9999999999441445, 1.052935925156797e-05, -9.1893764053739e-07, -0.0001696825808883235, -1.0569382719667811e-05, 0.9962235027323202, -0.08682587455382006, 5.184720475311794e-05, 1.2464494230456049e-09, 0.08682587455868285, 0.9962235027879642, 8.784133281869444e-10, 0.0, 0.0, 0.0, 1.0], "right_foot_pose": [0.9999999988530528, -4.760423143088657e-05, 5.266033076156958e-06, -0.0004987279104386972, 4.7894612983225464e-05, 0.9939340955206365, -0.10997732251550867, -0.14038207976938097, 1.296090401877776e-09, 0.10997732264158501, 0.993934096660633, 8.002833187803482e-10, 0.0, 0.0, 0.0, 1.0]}, {"left_foot_pose": [0.9999999999441447, 1.0511395005627957e-05, -1.105440575244401e-06, -0.0001696825353343958, -1.0569362398825255e-05, 0.9945305281248229, -0.1044462948890494, 5.18472440564962e-05, 1.5181364388013369e-09, 0.10444629489489922, 0.9945305281803717, 1.0897788921271356e-09, 0.0, 0.0, 0.0, 1.0], "right_foot_pose": [0.9999999988530517, -4.750191541498889e-05, 6.1208040665896985e-06, -0.0004987278599065857, 4.78946365263977e-05, 0.9917960679559049, -0.12783018928762432, -0.14038207975227163, 1.5894329879299404e-09, 0.12783018943416335, 0.9917960690934531, 9.808254000653882e-10, 0.0, 0.0, 0.0, 1.0]}, {"left_foot_pose": [0.9999999999441451, 1.0488129001949827e-05, -1.3077053799827949e-06, -0.00016968249349837231, -1.0569339630548127e-05, 0.9923369440487976, -0.12356127777011633, 5.1847282913925624e-05, 1.757739411857862e-09, 0.12356127777703625, 0.9923369441042226, 1.2904419616210916e-09, 0.0, 0.0, 0.0, 1.0], "right_foot_pose": [0.9999999988530505, -4.737293117928198e-05, 7.050111807682931e-06, -0.000498727812116195, 4.7894662349685704e-05, 0.9891009942032923, -0.14723865311853346, -0.14038207972888322, 1.8539827881601184e-09, 0.1472386532873208, 0.989100995337754, 1.1449237113936306e-09, 0.0, 0.0, 0.0, 1.0]}, {"left_foot_pose": [0.9999999999441453, 1.0459734160524636e-05, -1.5180855926224326e-06, -0.0001696824798918695, -1.0569324447585345e-05, 0.9896559052513864, -0.1434614550649386, 5.184729996175058e-05, 1.8136889669596546e-09, 0.14346145507297053, 0.9896559053066614, 1.3681001539977977e-09, 0.0, 0.0, 0.0, 1.0], "right_foot_pose": [0.9999999988530496, -4.721844054355793e-05, 8.019919968127714e-06, -0.0004987277940751696, 4.78946786183332e-05, 0.985873983645289, -0.16748876403349638, -0.14038207970669409, 1.927798612672175e-09, 0.1674887642255065, 0.9858739847760528, 1.1939915028902348e-09, 0.0, 0.0, 0.0, 1.0]}, {"left_foot_pose": [0.9999999999448044, 1.0366789155807313e-05, -1.7094405716513213e-06, -0.000170041158623751, -1.0506783614828874e-05, 0.9867004247431931, -0.1625492900667702, 5.138146028024412e-05, 1.5915202632928017e-09, 0.16254929007575875, 0.9867004247976529, 0.00027556385465173083, 0.0, 0.0, 0.0, 1.0], "right_foot_pose": [0.9999999988530506, -4.705296913070251e-05, 8.939615996350886e-06, -0.0004987278719698982, 4.789466187166406e-05, 0.9824201457345897, -0.18668330123749496, -0.1403820798225473, 1.5447602608854115e-09, 0.1866833014515384, 0.9824201468613893, 9.023789770967738e-10, 0.0, 0.0, 0.0, 1.0]}, {"left_foot_pose": [0.9999999999612488, 8.64978229886192e-06, -1.6384492739220383e-06, -0.00017981123558563665, -8.803592813561105e-06, 0.982567648902428, -0.18590539328608158, 3.8729915564968825e-05, 1.8460707109075214e-09, 0.18590539329330164, 0.982567648940501, 0.007016315427952294, 0.0, 0.0, 0.0, 1.0], "right_foot_pose": [0.9999999988530521, -4.689807948429551e-05, 9.719345589798406e-06, -0.0004987279170669825, 4.7894629521110214e-05, 0.9791885095531577, -0.20295285281357897, -0.140382080148099, 1.0275004678093212e-09, 0.20295285304630695, 0.9791885106762458, 5.313878781443293e-10, 0.0, 0.0, 0.0, 1.0]}, {"left_foot_pose": [0.9999999999870304, 4.9744840570891405e-06, -1.092907893407531e-06, -0.0002011093849338477, -5.093126455508712e-06, 0.9767678314929359, -0.21430026442972103, 1.1186495510857875e-05, 1.4840239356299415e-09, 0.21430026443250777, 0.9767678315056032, 0.019077234876109482, 0.0, 0.0, 0.0, 1.0], "right_foot_pose": [0.9999999988530539, -4.6772427498245454e-05, 1.030688847730747e-05, -0.0004987279410113476, 4.7894591802486735e-05, 0.9765678882008404, -0.21520956633258495, -0.14038208015000567, 4.975238621794329e-10, 0.2152095665793953, 0.976567889320916, 2.9772997262034195e-10, 0.0, 0.0, 0.0, 1.0]}, {"left_foot_pose": [0.9999999999999815, -1.8758164626991349e-07, 4.7917545875634474e-08, -0.0002314723665919588, 1.9360257188038992e-07, 0.9701589611445476, -0.24246977154048627, -2.80454368616484e-05, -1.004757907732197e-09, 0.24246977154049093, 0.9701589611445658, 0.03148892251796419, 0.0, 0.0, 0.0, 1.0], "right_foot_pose": [0.9999999988530555, -4.6692683893972614e-05, 1.066219656431526e-05, -0.0004987280111131736, 4.789456299824265e-05, 0.974905190126125, -0.2226204572164373, -0.14038207994246746, 1.1586828534047258e-10, 0.22262045747176507, 0.9749051912442884, 1.1018331386170033e-10, 0.0, 0.0, 0.0, 1.0]}, {"left_foot_pose": [0.9999999999780507, -6.397562630560028e-06, 1.7236300018376268e-06, -0.0002684263619353209, 6.6256835502899205e-06, 0.9657678807391618, -0.259407788026284, -7.577478885143624e-05, -5.048923518524605e-09, 0.2594077880320101, 0.9657678807603516, 0.039281992630813646, 0.0, 0.0, 0.0, 1.0], "right_foot_pose": [0.9999999988530558, -4.66713332769346e-05, 1.075523174198816e-05, -0.0004987280900709557, 4.789455459315361e-05, 0.9744600942502832, -0.22456073214130823, -0.14038207975691294, 4.633450233131738e-12, 0.22456073239886654, 0.9744600953679348, 6.192532597815159e-12, 0.0, 0.0, 0.0, 1.0]}, {"left_foot_pose": [0.9999999999051576, -1.3313281732777376e-05, 3.5273291588147358e-06, -0.0003094728723904749, 1.377263571733887e-05, 0.9667436492948209, -0.25574736823366845, -0.00012881889899513457, -5.186297833718807e-09, 0.25574736825799316, 0.9667436493864917, 0.040000000180356016, 0.0, 0.0, 0.0, 1.0], "right_foot_pose": [0.9999999988530548, -4.671319760144335e-05, 1.057199578763406e-05, -0.0004987280737348815, 4.78945709349751e-05, 0.9753329021258565, -0.22073904896248941, -0.14038207975176387, 2.1147939650427514e-10, 0.22073904921565504, 0.975332903244512, 1.2300635510165137e-10, 0.0, 0.0, 0.0, 1.0]}, {"left_foot_pose": [0.9999999997752075, -2.0561968239786167e-05, 5.176015854980007e-06, -0.000352146633304481, 2.120343511892308e-05, 0.9697947372967055, -0.24392246116753802, -0.0001839708897407033, -4.1470370523131734e-09, 0.24392246122245523, 0.9697947375146871, 0.04000000058605863, 0.0, 0.0, 0.0, 1.0], "right_foot_pose": [0.9999999988530534, -4.681046459501947e-05, 1.0132811569141521e-05, -0.0004987279877898667, 4.789460789502635e-05, 0.9773608894200577, -0.21157903851312954, -0.14038207972104189, 6.993636482214756e-10, 0.21157903875576656, 0.9773608905410458, 4.133008657536408e-10, 0.0, 0.0, 0.0, 1.0]}, {"left_foot_pose": [0.9999999995942388, -2.7755751180668162e-05, 6.4141780875553675e-06, -0.00039397624288470344, 2.8487249787902947e-05, 0.974337062424922, -0.22509395365858068, -0.00023803220548410803, -1.9196658420144358e-09, 0.2250939537499683, 0.9743370628202584, 0.039987464253807635, 0.0, 0.0, 0.0, 1.0], "right_foot_pose": [0.9999999988530501, -4.6957196353454917e-05, 9.42977032419883e-06, -0.0004987278583976795, 4.7894664165244373e-05, 0.9804202902433966, -0.19691635834829738, -0.14038207970917022, 1.5019457233266166e-09, 0.19691635857407988, 0.9804202913679034, 8.854834296356806e-10, 0.0, 0.0, 0.0, 1.0]}, {"left_foot_pose": [0.9999999993807102, -3.4553012803199066e-05, 6.683596364576813e-06, -0.00043247540664576397, 3.519348123992025e-05, 0.9817707700621862, -0.1900688133622186, -0.0002878194576141288, 5.690591676343141e-09, 0.19006881347972968, 0.9817707706702257, 0.03470144645365423, 0.0, 0.0, 0.0, 1.0], "right_foot_pose": [0.9999999988530468, -4.714683330297613e-05, 8.431031423561654e-06, -0.000498727726055761, 4.789474056472211e-05, 0.984374210106908, -0.17608921654233975, -0.14038208034521904, 2.759040497012692e-09, 0.1760892167441756, 0.9843742112359624, 1.6150808676562711e-09, 0.0, 0.0, 0.0, 1.0]}, {"left_foot_pose": [0.9999999991639819, -4.047044248298433e-05, 5.846402784948851e-06, -0.00046518529451917105, 4.0890549846591296e-05, 0.9896960183045833, -0.14318446033008322, -0.0003301145589002727, 8.576908226598673e-09, 0.14318446044944086, 0.989696019132038, 0.023218297705478175, 0.0, 0.0, 0.0, 1.0], "right_foot_pose": [0.9999999988530437, -4.7361618561164206e-05, 7.126676504709816e-06, -0.0004987274836564507, 4.7894805696847387e-05, 0.9888543442660561, -0.14888614284827115, -0.14038208084149, 4.24368457457784e-09, 0.14888614301883593, 0.9888543454002588, 2.591391407014143e-09, 0.0, 0.0, 0.0, 1.0]}, {"left_foot_pose": [0.999999998980833, -4.493951699644475e-05, 4.332979478050867e-06, -0.0004896426140203186, 4.514792167921212e-05, 0.995366510113739, -0.09615356730596226, -0.00036171193548836106, 8.192210205073667e-09, 0.09615356740359064, 0.9953665111282196, 0.010507407573085825, 0.0, 0.0, 0.0, 1.0], "right_foot_pose": [0.9999999988530424, -4.7573475440996814e-05, 5.538885676670532e-06, -0.0004987272396845327, 4.789483047962709e-05, 0.9932764293552659, -0.11576671625876926, -0.1403820809429554, 5.780444848118862e-09, 0.1157667163912737, 0.993276430494544, 3.6091107186164706e-09, 0.0, 0.0, 0.0, 1.0]}, {"left_foot_pose": [0.9999999988702131, -4.746943401165441e-05, 2.495546567228082e-06, -0.0005033636908306025, 4.753498567184267e-05, 0.9986127447813629, -0.052655329271200806, -0.0003794179743722807, 7.434070718901304e-09, 0.05265532933033717, 0.9986127459096015, 0.0015381662635658017, 0.0, 0.0, 0.0, 1.0], "right_foot_pose": [0.9999999988530444, -4.775056369300806e-05, 3.714068301186295e-06, -0.0004987270626380155, 4.789478663603298e-05, 0.9969773474835814, -0.07769276871557572, -0.14038208047548995, 7.0315375263495865e-09, 0.07769276880434998, 0.9969773486270957, 4.4251463118816226e-09, 0.0, 0.0, 0.0, 1.0]}, {"left_foot_pose": [0.9999999988530546, -4.789152694623764e-05, 5.418734457816369e-07, -0.0005054321640642113, 4.7894591820453625e-05, 0.9999342398418276, -0.011467942189229075, -0.0003820793900267197, 7.379449888058033e-09, 0.01146794220202869, 0.9999342409887022, 4.689151726633423e-09, 0.0, 0.0, 0.0, 1.0], "right_foot_pose": [0.9999999988530501, -4.7862505690787174e-05, 1.7550860865747428e-06, -0.0004987270006142725, 4.78946732184929e-05, 0.9993226455058464, -0.03680010713702725, -0.14038208002884667, 7.448066146956967e-09, 0.036800107178878515, 0.9993226466520324, 4.743842138554832e-09, 0.0, 0.0, 0.0, 1.0]}, {"left_foot_pose": [0.9999999988530607, -4.787358097769303e-05, -1.4143365922305265e-06, -0.0005054322481234142, 4.789446790744242e-05, 0.9995681251003584, 0.02938640824386266, -0.00038207959440422594, 6.8931808433729e-09, -0.029386408277897177, 0.9995681262467937, 4.287158177074257e-09, 0.0, 0.0, 0.0, 1.0], "right_foot_pose": [0.9999999988530563, -4.7894118154840274e-05, -2.0178821863422836e-07, -0.0004987271328572199, 4.789454275233018e-05, 0.999991715392153, 0.004070239940318626, -0.14038208016954118, 6.845994063819902e-09, -0.004070239945314965, 0.9999917165390859, 4.489656223183314e-09, 0.0, 0.0, 0.0, 1.0]}, {"left_foot_pose": [0.9999999988530637, -4.778585523951e-05, -3.2226669008918718e-06, -0.0005054324746582636, 4.7894399601817604e-05, 0.9977413200660302, 0.06717332758634795, -0.00038207967380392803, 5.4530194753433255e-09, -0.06717332766365218, 0.997741321210359, 3.337447353202183e-09, 0.0, 0.0, 0.0, 1.0], "right_foot_pose": [0.9999999988414623, -4.809385839448299e-05, -2.013941851341824e-06, -0.0004938963087795715, 4.8136006703668404e-05, 0.9991295665755743, 0.04171458830469227, -0.1403820905354666, 5.973345951548973e-09, -0.041714588353307575, 0.9991295677330916, 6.292557891481032e-05, 0.0, 0.0, 0.0, 1.0]}, {"left_foot_pose": [0.9999999988530639, -4.7656362455706656e-05, -4.769106147771901e-06, -0.000505432615456453, 4.7894396762755374e-05, 0.9950379853968079, 0.09949575530438218, -0.00038207910073386267, 3.8359955262670134e-09, -0.09949575541868033, 0.9950379865380353, 2.3030321399941656e-09, 0.0, 0.0, 0.0, 1.0], "right_foot_pose": [0.9999999973543393, -7.252722380731326e-05, -5.5788232455884924e-06, -1.7823732198502758e-06, 7.274146846263235e-05, 0.9970705823410778, 0.07648691743496037, -0.14038328524009816, 1.5096762899431523e-08, -0.07648691763841386, 0.9970705849789042, 0.005851061740747288, 0.0, 0.0, 0.0, 1.0]}, {"left_foot_pose": [0.9999999988530623, -4.7515076543414105e-05, -6.0161731942333974e-06, -0.0005054327713227184, 4.789443426155274e-05, 0.9920855108069279, 0.125564075089498, -0.00038207907946890326, 2.371617258049378e-09, -0.12556407523362498, 0.9920855119447749, 1.4204837930908987e-09, 0.0, 0.0, 0.0, 1.0], "right_foot_pose": [0.9999999912155739, -0.00013171706761610025, -1.4814388159366815e-05, 0.0011943337886099617, 0.00013254754273135495, 0.9937599410298698, 0.111539957125052, -0.1403862124206379, 3.022942888715449e-08, -0.11153995810884838, 0.9937599497590327, 0.0175440072218283, 0.0, 0.0, 0.0, 1.0]}, {"left_foot_pose": [0.9999999988530597, -4.7388175319617095e-05, -6.94569220360728e-06, -0.0005054329907025032, 4.789448610137364e-05, 0.9894322302434095, 0.1449960670558749, -0.000382079405292955, 1.192681115020239e-09, -0.14499606722223338, 0.9894322313782217, 7.02749587688789e-10, 0.0, 0.0, 0.0, 1.0], "right_foot_pose": [0.9999999757593092, -0.0002178259995602911, -3.214365317116678e-05, 0.00294705310998196, 0.00022018487296162405, 0.9893181781586127, 0.1457720613956764, -0.14039051427613172, 4.7355413115741684e-08, -0.14577206493960732, 0.9893182021388469, 0.030172355194767013, 0.0, 0.0, 0.0, 1.0]}, {"left_foot_pose": [0.9999999988530575, -4.729654246481143e-05, -7.544745453501792e-06, -0.0005054332442483487, 4.789453113836418e-05, 0.9875157231859275, 0.1575204563435786, -0.0003820798138291174, 3.8180989738278035e-10, -0.15752045652426372, 0.9875157243185492, 2.2630319146399458e-10, 0.0, 0.0, 0.0, 1.0], "right_foot_pose": [0.9999999461148883, -0.0003233727261895226, -5.657119636087488e-05, 0.005108989630571264, 0.000328283744107251, 0.9850719780647503, 0.17214264509813743, -0.14039582685798646, 6.046386161974065e-08, -0.172142654393616, 0.985072031142046, 0.038766719200322354, 0.0, 0.0, 0.0, 1.0]}, {"left_foot_pose": [0.9999999988530563, -4.725402091089235e-05, -7.806774839968149e-06, -0.0005054333680198229, 4.7894553194234404e-05, 0.9866262706451929, 0.1629987723232026, -0.00038207992385097967, 2.1749971835846495e-11, -0.1629987725101541, 0.9866262717767981, 7.913380367652323e-11, 0.0, 0.0, 0.0, 1.0], "right_foot_pose": [0.9999998989867374, -0.0004420386838631113, -8.141447687226241e-05, 0.007532772599261001, 0.0004494735927713895, 0.9834854734015048, 0.1809865232046492, -0.14040177365622625, 6.69108140020869e-08, -0.18098654151626753, 0.9834855727411438, 0.04000000112007597, 0.0, 0.0, 0.0, 1.0]}, {"left_foot_pose": [0.9999999988530568, -4.726275427986025e-05, -7.75370067779189e-06, -0.0005054333488232493, 4.789454892094152e-05, 0.986808921376362, 0.16188931526859243, -0.0003820799100906309, 8.607425105573543e-11, -0.16188931545427446, 0.9868089225081763, 1.4462634562173449e-10, 0.0, 0.0, 0.0, 1.0], "right_foot_pose": [0.9999998338902296, -0.0005669995118573438, -0.00010359086119226648, 0.010070998386783998, 0.0005763848613574401, 0.9837377655872329, 0.17960978909271522, -0.14040799765160564, 6.757958383332646e-08, -0.17960981896597872, 0.9837379289887136, 0.04000000120052789, 0.0, 0.0, 0.0, 1.0]}, {"left_foot_pose": [0.9999999988530579, -4.732114667687283e-05, -7.388787715444581e-06, -0.0005054332654053946, 4.789452063063298e-05, 0.988030171119717, 0.15426074893912045, -0.000382079906960554, 5.496634388238531e-10, -0.1542607491160747, 0.9880301722529271, 4.6206840437212904e-10, 0.0, 0.0, 0.0, 1.0], "right_foot_pose": [0.9999997538448768, -0.0006914422150160462, -0.00011923862047024671, 0.012576278320608742, 0.0007016481892472044, 0.9854690521457099, 0.16985362802382076, -0.14041414099001354, 6.200150460031588e-08, -0.16985366987704237, 0.9854692947166321, 0.04000000142731771, 0.0, 0.0, 0.0, 1.0]}, {"left_foot_pose": [0.9999999988530605, -4.74242744127237e-05, -6.69465549946089e-06, -0.0005054332907702309, 4.7894469551428913e-05, 0.990187054291581, 0.1397483281455712, -0.0003820794571965753, 1.4981455989826982e-09, -0.13974832830592535, 0.9901870554272564, 1.1657766071926368e-09, 0.0, 0.0, 0.0, 1.0], "right_foot_pose": [0.9999996655246992, -0.0008091272250297646, -0.00011943041135769513, 0.014901234829144577, 0.0008178939336811123, 0.9892902859000479, 0.14595910822321037, -0.14041983135520902, 5.1857592687443975e-08, -0.14595915708490287, 0.989290616787131, 0.03574107322729048, 0.0, 0.0, 0.0, 1.0]}, {"left_foot_pose": [0.9999999988530629, -4.755843053949382e-05, -5.663113842978772e-06, -0.0005054331704257206, 4.789441685584401e-05, 0.9929917640933267, 0.11818356124668543, -0.00038207900339100147, 2.800716587922856e-09, -0.11818356138236781, 0.9929917652322106, 2.1306673092524875e-09, 0.0, 0.0, 0.0, 1.0], "right_foot_pose": [0.9999995788641605, -0.0009122651507492206, -0.00010021874058734745, 0.016898454724234378, 0.0009177535071978035, 0.9940236003789849, 0.10916152993660362, -0.14042471951380955, 3.5533780202747846e-08, -0.10916157594087189, 0.9940240189945632, 0.024729072392182735, 0.0, 0.0, 0.0, 1.0]}, {"left_foot_pose": [0.9999999988530641, -4.76993290307783e-05, -4.3181669787663885e-06, -0.0005054329893627599, 4.789438941762959e-05, 0.9959353430897527, 0.09007102803246267, -0.00038207883820129927, 4.287509058188141e-09, -0.09007102813597297, 0.9959353442320088, 3.1911423573061093e-09, 0.0, 0.0, 0.0, 1.0], "right_foot_pose": [0.9999995061230886, -0.0009914306568251715, -6.941780424628973e-05, 0.018420549668080183, 0.0009938579267011873, 0.9975585929204988, 0.06982740104640894, -0.1404284533322615, 1.93010435571031e-08, -0.06982743555170291, 0.9975590855905591, 0.011904694884573665, 0.0, 0.0, 0.0, 1.0]}, {"left_foot_pose": [0.9999999988530631, -4.781804366239822e-05, -2.703636859112876e-06, -0.000505432789252971, 4.789441428776102e-05, 0.9984120926885424, 0.05633197031358954, -0.0003820791626225721, 5.659117999781436e-09, -0.05633197037846946, 0.9984120938336436, 4.161793902557331e-09, 0.0, 0.0, 0.0, 1.0], "right_foot_pose": [0.9999994604081384, -0.001038315938532413, -3.291570973900537e-05, 0.019320139604018686, 0.001038837538830713, 0.9994976236911807, 0.031676822003649074, -0.14043066893425146, 8.624497518028939e-09, -0.03167683910516873, 0.9994981630119715, 0.002237330532726685, 0.0, 0.0, 0.0, 1.0]}, {"left_foot_pose": [0.999999998853059, -4.788575648586489e-05, -9.150825109873516e-07, -0.0005054326640354071, 4.789449874422366e-05, 0.9998199819962199, 0.018973700408633387, -0.0003820796826679365, 6.347781943679351e-09, -0.018973700430699156, 0.9998199831429494, 4.706150871780501e-09, 0.0, 0.0, 0.0, 1.0], "right_foot_pose": [0.9999994509585358, -0.0010478755322915066, 6.28455148311097e-06, 0.019501275517722558, 0.0010478943776557506, 0.9999814306209023, -0.0060033599548212765, -0.14043112232333552, 6.3392252054637095e-09, 0.006003363244273781, 0.999981979652512, 4.303624762114211e-09, 0.0, 0.0, 0.0, 1.0]}, {"left_foot_pose": [0.999999998853054, -4.78859359146183e-05, 9.111278264648722e-07, -0.0005054327990871026, 4.789460277711676e-05, 0.9998166034863384, -0.01915090335075513, -0.0003820795960499685, 6.098201468638522e-09, 0.019150903372428092, 0.9998166046330801, 4.699041912525903e-09, 0.0, 0.0, 0.0, 1.0], "right_foot_pose": [0.9999994509584289, -0.0010468705374303859, 4.631325831156529e-05, 0.019501275366245525, 0.001047894479419187, 0.9990220484664831, -0.04420235960886901, -0.1404311221779612, 6.181769598594348e-09, 0.04420238387134362, 0.9990225969717053, 4.130609576602495e-09, 0.0, 0.0, 0.0, 1.0]}, {"left_foot_pose": [0.999999998853051, -4.782283607840376e-05, 2.6221382855582533e-06, -0.0005054329548230921, 4.789466813720421e-05, 0.9984946161930526, -0.05484978705145911, -0.0003820795957344414, 4.881413932675921e-09, 0.054849787114135524, 0.9984946173382885, 4.012887876159166e-09, 0.0, 0.0, 0.0, 1.0], "right_foot_pose": [0.999999450958374, -0.0010445257544019536, 8.395772119130307e-05, 0.019501275103662983, 0.0010478945321603737, 0.9967842628057261, -0.08012512302577132, -0.14043112202235172, 5.019350245236144e-09, 0.08012516701258031, 0.9967848100825004, 3.3828318271589275e-09, 0.0, 0.0, 0.0, 1.0]}, {"left_foot_pose": [0.9999999961402655, -8.751708534574151e-05, 7.76077929365459e-06, 0.00029108493009150056, 8.786051267884612e-05, 0.9961065831129698, -0.0881570607469158, -0.000381655331765483, -1.5314335529244498e-08, 0.08815706108851885, 0.9961065869575586, 0.004767534227899856, 0.0, 0.0, 0.0, 1.0], "right_foot_pose": [0.99999945095838, -0.0010413982099960798, 0.00011650195802521202, 0.019501275180477964, 0.0010478945261781208, 0.9937996738963155, -0.111180529233491, -0.1404311226771661, 3.5962361545609428e-09, 0.11118059027251717, 0.9938002195344166, 2.4403284462626296e-09, 0.0, 0.0, 0.0, 1.0]}, {"left_foot_pose": [0.9999999800088576, -0.00019844253580336596, 2.4552901926548276e-05, 0.0025251175598416603, 0.0001999557022891926, 0.9924607687548578, -0.12256256565621858, -0.0003804382591031316, -4.616559806318243e-08, 0.12256256811554551, 0.9924607885941494, 0.016023724283483268, 0.0, 0.0, 0.0, 1.0], "right_foot_pose": [0.9999994509584235, -0.0010380937391550528, 0.0001429833564358169, 0.019501275093853382, 0.0010478944849008755, 0.9906463639477299, -0.13645029686406188, -0.14043112276172687, 2.2567219657022284e-09, 0.13645037177864627, 0.9906469078543926, 1.5875254930075577e-09, 0.0, 0.0, 0.0, 1.0]}, {"left_foot_pose": [0.9999999317543422, -0.00036485209610691955, 5.8088382080330547e-05, 0.005903020823330951, 0.0003694472966951596, 0.9875977790984718, -0.15700474587878638, -0.00037858468214043567, -8.444650149925482e-08, 0.15700475662448973, 0.9875978464928319, 0.028799951799245577, 0.0, 0.0, 0.0, 1.0], "right_foot_pose": [0.9999994509584791, -0.0010351560581601008, 0.0001628946762535283, 0.01950127483290153, 0.0010478944318470995, 0.9878431251407507, -0.15545051312046076, -0.14043112246004483, 1.1543415261270483e-09, 0.15545059846809875, 0.9878436675081287, 8.659693032098126e-10, 0.0, 0.0, 0.0, 1.0]}, {"left_foot_pose": [0.9999998308733167, -0.0005715651103883545, 0.00010754842492722838, 0.010131052807789928, 0.0005815954986937269, 0.982792422786895, -0.1847125211222616, -0.0003762574606671759, -1.22544576028435e-07, 0.1847125524321252, 0.9827925889901671, 0.03812683223658315, 0.0, 0.0, 0.0, 1.0], "right_foot_pose": [0.9999994509585266, -0.0010330240442363316, 0.0001759089798076879, 0.019501274454351042, 0.001047894386447148, 0.9858087094101018, -0.16786926570562072, -0.14043112204244607, 3.834041708473476e-10, 0.1678693578724641, 0.9858092506603329, 3.7493489563056315e-10, 0.0, 0.0, 0.0, 1.0]}, {"left_foot_pose": [0.9999996624375791, -0.0008058891665764515, 0.00016021042311449723, 0.014915497297301477, 0.0008216597276209633, 0.9808400620285045, -0.19481298107470257, -0.0003736317422567588, -1.4313038914824116e-07, 0.19481304695161356, 0.9808403931004316, 0.040000004660864855, 0.0, 0.0, 0.0, 1.0], "right_foot_pose": [0.9999994509585506, -0.00103199700938165, 0.00018183720608117612, 0.01950127419968881, 0.0010478943634204298, 0.9848286949029799, -0.17352620439892236, -0.14043112189976314, 2.5639021541679717e-11, 0.1735262996720268, 0.9848292356150554, 2.2684104594716814e-10, 0.0, 0.0, 0.0, 1.0]}, {"left_foot_pose": [0.9999994222938204, -0.0010544679419034317, 0.00020858903618216942, 0.01996258575404687, 0.001074900928125329, 0.9810165409694862, -0.19392109460360402, -0.00037086657338791795, -1.45717241445086e-07, 0.1939212067867378, 0.9810171076787371, 0.04000000515551432, 0.0, 0.0, 0.0, 1.0], "right_foot_pose": [0.9999994509585477, -0.001032123563191518, 0.00018111751262334694, 0.019501274219089818, 0.0010478943663720086, 0.9849494547088538, -0.17283944453199526, -0.14043112192213708, 6.80535864714486e-11, 0.17283953942799662, 0.9849499954872423, 2.5950008114561385e-10, 0.0, 0.0, 0.0, 1.0]}, {"left_foot_pose": [0.9999991200920739, -0.0013036482462704271, 0.0002455938287310406, 0.024978571756463515, 0.0013265802127708454, 0.9827312164654406, -0.18503404110945418, -0.00036811817678885153, -1.3341887293260267e-07, 0.1850342040964482, 0.9827320811464215, 0.040000005166124564, 0.0, 0.0, 0.0, 1.0], "right_foot_pose": [0.9999994509585197, -0.0010333710710462697, 0.00017385881637488906, 0.019501274295333815, 0.0010478943928214318, 0.986139854385903, -0.16591289735608644, -0.14043112193624713, 4.80577420549893e-10, 0.16591298844870253, 0.986140395817969, 5.287513829554946e-10, 0.0, 0.0, 0.0, 1.0]}, {"left_foot_pose": [0.9999987801424219, -0.001542520831096065, 0.00024564843739963155, 0.02966972840041259, 0.001561958277149037, 0.9875643813701732, -0.15720735649227224, -0.00036555708042618554, -9.802492449432441e-08, 0.157207548414297, 0.9875655860354583, 0.03668683576332804, 0.0, 0.0, 0.0, 1.0], "right_foot_pose": [0.9999994509584601, -0.001036404080458336, 0.00015475580828950292, 0.019501274229302618, 0.0010478944499271018, 0.9890340474092392, -0.14768396995788266, -0.1404311223620966, 1.5056497635649574e-09, 0.14768405104100088, 0.9890345904305466, 1.272591740320017e-09, 0.0, 0.0, 0.0, 1.0]}, {"left_foot_pose": [0.9999984400951507, -0.00175355028129874, 0.00021182227705227456, 0.03374227083388954, 0.001766297614443513, 0.9927853778778093, -0.11989192493555706, -0.00036333598929806643, -5.7540670418377855e-08, 0.11989211205674452, 0.9927869265187625, 0.026214761672390847, 0.0, 0.0, 0.0, 1.0], "right_foot_pose": [0.9999994509584029, -0.0010395092748053773, 0.00013230026485084302, 0.01950127431565389, 0.0010478945044604818, 0.9919971407664882, -0.1262559884845857, -0.1404311228246182, 2.7865745246046176e-09, 0.1262560578015165, 0.9919976854148503, 2.2150121251063304e-09, 0.0, 0.0, 0.0, 1.0]}, {"left_foot_pose": [0.999998147454856, -0.0019187776137927195, 0.0001529029956668173, 0.03690245002827036, 0.0019248602174513753, 0.996839097680113, -0.07942360007858115, -0.00036160405248078335, -2.3458395764992847e-08, 0.07942374725966989, 0.9968409443693779, 0.013345677457410693, 0.0, 0.0, 0.0, 1.0], "right_foot_pose": [0.9999994509583702, -0.0010428155812418373, 0.0001030466967864071, 0.019501274502275956, 0.001047894535810399, 0.9951522348536453, -0.09834089374638122, -0.1404311230023905, 4.2656704773079724e-09, 0.09834094773520705, 0.9951527812343899, 3.2743910846622093e-09, 0.0, 0.0, 0.0, 1.0]}, {"left_foot_pose": [0.9999979539207884, -0.0020212613335766232, 8.158957729252302e-05, 0.03885653679957965, 0.0020229073725049436, 0.9991842774829841, -0.04033221388134045, -0.0003605240944742228, -1.0784213377960456e-09, 0.04033229640659339, 0.9991863218972583, 0.0030489715646059984, 0.0, 0.0, 0.0, 1.0], "right_foot_pose": [0.9999994509583904, -0.0010456965018414035, 6.783615497313821e-05, 0.019501274732250343, 0.0010478945165678186, 0.9979015482387168, -0.06474103752531453, -0.1404311227161435, 5.672391266624526e-09, 0.06474107306492578, 0.9979020961288748, 4.299135644703078e-09, 0.0, 0.0, 0.0, 1.0]}, {"left_foot_pose": [0.9999979030646652, -0.0020478878735710865, 4.640155713592467e-06, 0.039354507058260504, 0.0020478931304453198, 0.9999953290338744, -0.0022689301797224662, -0.000360240391733168, 6.380561213182218e-09, 0.002268934924465529, 0.999997425963842, 4.5078011184918054e-09, 0.0, 0.0, 0.0, 1.0], "right_foot_pose": [0.9999994509584759, -0.001047504994682337, 2.8566284763669473e-05, 0.019501274951597987, 0.0010478944347922779, 0.999627643575351, -0.027266758466019336, -0.1404311221042443, 6.417757712029968e-09, 0.027266773429887422, 0.9996281924129207, 4.922670417129016e-09, 0.0, 0.0, 0.0, 1.0]}, {"left_foot_pose": [0.999997903064878, -0.0020465420939171117, -7.437274602591334e-05, 0.03935450693462384, 0.0020478930263779895, 0.9993383467555078, 0.036313562729666946, -0.0003602405390342057, 6.302350500561328e-09, -0.036313638889909836, 0.9993404423071122, 4.383494602022697e-09, 0.0, 0.0, 0.0, 1.0], "right_foot_pose": [0.9999994509585866, -0.0010478273603931952, -1.1846847179026722e-05, 0.01950127484157124, 0.0010478943290894566, 0.999935610440642, 0.011299419904397982, -0.14043112221412352, 6.243033142859609e-09, -0.011299426114792606, 0.9999361594469302, 4.959784638547404e-09, 0.0, 0.0, 0.0, 1.0]}, {"left_foot_pose": [0.9999979030650106, -0.002042427468844269, -0.00014951794990143965, 0.03935450660503611, 0.002047892961754982, 0.9973292599161439, 0.0730078999118248, -0.00036024069547442757, 5.286096608134198e-09, -0.07300805301576223, 0.9973313512543607, 3.66024132530951e-09, 0.0, 0.0, 0.0, 1.0], "right_foot_pose": [0.9999994509586647, -0.0010466954277244627, -5.011037833474038e-05, 0.019501274630769255, 0.0010478942544024463, 0.9988556530825616, 0.04781512545879771, -0.1404311222091369, 5.161483812319001e-09, -0.047815151716695065, 0.9988562014956455, 4.328339887893495e-09, 0.0, 0.0, 0.0, 1.0]}, {"left_foot_pose": [0.9999979030650179, -0.002036565115647033, -0.00021510020377964444, 0.039354506642372895, 0.002047892958121325, 0.994466649707856, 0.10503279846440973, -0.0003602401000667244, 3.8456525238737355e-09, -0.105033018719653, 0.9944687350433085, 2.6875412659221887e-09, 0.0, 0.0, 0.0, 1.0], "right_foot_pose": [0.9999994177393396, -0.0010755449962423008, -8.788596187092165e-05, 0.020128174237127303, 0.0010791297330545332, 0.9966791841531266, 0.08142136915378662, -0.1404301409550127, 2.176259529111167e-08, -0.08142141658568117, 0.9966797644786316, 0.003773827000698206, 0.0, 0.0, 0.0, 1.0]}, {"left_foot_pose": [0.9999979030649451, -0.0020301579889643803, -0.0002689316901502592, 0.039354506573241466, 0.002047892993815356, 0.9913379568486272, 0.131319691765842, -0.000360239956454126, 2.4708982838909054e-09, -0.13131996714030097, 0.9913400356236358, 1.78964559838235e-09, 0.0, 0.0, 0.0, 1.0], "right_foot_pose": [0.9999992996599534, -0.0011755369820619995, -0.0001370853978128694, 0.022222935946359934, 0.0011835031050994504, 0.9932734271561262, 0.11578643368686953, -0.14042689066673014, 5.204807828692607e-08, -0.11578651483798727, 0.9932741227786366, 0.014524481679148382, 0.0, 0.0, 0.0, 1.0]}, {"left_foot_pose": [0.999997903064839, -0.002024300197257429, -0.0003099590886321447, 0.03935450631635582, 0.0020478930453618678, 0.988477477651751, 0.1513541618499723, -0.00036024022931833814, 1.3184175282728717e-09, -0.15135447923317058, 0.9884795504288679, 1.0171000569547672e-09, 0.0, 0.0, 0.0, 1.0], "right_foot_pose": [0.99999909278577, -0.0013316532113679274, -0.0002027988189548451, 0.02550440779415859, 0.0013470069147733907, 0.988610628556943, 0.15048990224137113, -0.14042181285241942, 8.870627924362418e-08, -0.15049003888620194, 0.9886115254213971, 0.027379807745203967, 0.0, 0.0, 0.0, 1.0]}, {"left_foot_pose": [0.9999979030647426, -0.0020198869967226543, -0.00033752427968810077, 0.039354505926861454, 0.0020478930926464763, 0.9863224053314171, 0.16481480174768784, -0.0003602406580400768, 4.84481973055033e-10, -0.16481514735536004, 0.9863244735898183, 4.657755015013976e-10, 0.0, 0.0, 0.0, 1.0], "right_foot_pose": [0.9999987911394521, -0.0015295838578742239, -0.0002794509902182458, 0.029676780697064014, 0.0015549018037683223, 0.9837302204818801, 0.17964530495131892, -0.1404153646811419, 1.2182562471440994e-07, -0.17964552230404607, 0.9837314096419263, 0.03737042049362391, 0.0, 0.0, 0.0, 1.0]}, {"left_foot_pose": [0.9999979030646845, -0.0020179780014109713, -0.000348756391713906, 0.03935450560627992, 0.002047893120976017, 0.9853901824937334, 0.1702997192561767, -0.00036024085232862733, 3.737101439339777e-11, -0.17030007636449654, 0.9853922487975274, 2.704258969532525e-10, 0.0, 0.0, 0.0, 1.0], "right_foot_pose": [0.999998393566077, -0.0017595742184154891, -0.00034170723550462856, 0.03444427486447555, 0.001792446720418287, 0.9816737611866524, 0.19056078749943756, -0.1404079908298207, 1.391783772831241e-07, -0.1905610938681379, 0.9816753381356584, 0.040000004330156026, 0.0, 0.0, 0.0, 1.0]}, {"left_foot_pose": [0.9999979030646874, -0.00201810992291097, -0.00034799219555127785, 0.039354505629033504, 0.0020478931195542175, 0.9854546027998045, 0.16992654870399618, -0.00036024082986398434, 5.6738581230958143e-11, -0.1699269050298385, 0.985456669238674, 2.894537318165469e-10, 0.0, 0.0, 0.0, 1.0], "right_foot_pose": [0.9999979091851863, -0.002007602251424455, -0.000388791018024234, 0.03951106140061453, 0.0020449022556476193, 0.9817707616657941, 0.1900578593821661, -0.1404001478420315, 1.4306749781383926e-07, -0.1900582570460081, 0.9817728143153144, 0.04000000491326479, 0.0, 0.0, 0.0, 1.0]}, {"left_foot_pose": [0.9999979030647408, -0.0020204505419112004, -0.0003341342998542552, 0.039354505710316366, 0.0020478930935596495, 0.9865975851747969, 0.16315946512886606, -0.00036024081488157667, 4.6362261980818466e-10, -0.16315980726535564, 0.9865996540102441, 5.568936631283883e-10, 0.0, 0.0, 0.0, 1.0], "right_foot_pose": [0.9999973606750632, -0.0022593953974889224, -0.00041686370112507495, 0.04458132832244341, 0.0022975297364197897, 0.9834099564240801, 0.18138241084266984, -0.14039229973978357, 1.333299146064137e-07, -0.1813828898