{"LoopMode": "Wrap", "FrameDuration": 0.0167, "EnableCycleOffsetPosition": true, "EnableCycleOffsetRotation": false, "Debug_info": [{"left_foot_pose": [1.0000000000000007, -1.0658006258607588e-13, 9.142298029729549e-12, -1.722971572819902e-12, 2.7245352964101267e-14, 0.9999620375649145, 0.008713405133775453, 1.0063824773531849e-13, -9.143051227951343e-12, -0.00871340513377572, 0.9999620375649145, 2.138260402073655e-11, 0.0, 0.0, 0.0, 1.0], "right_foot_pose": [0.9999999999999998, 2.0330993004855253e-13, 9.115097565626227e-12, -1.4263834224087668e-12, -7.482640223092434e-14, 0.9999007561195519, -0.014088218891978622, -0.14000000000225418, -9.11728671130482e-12, 0.014088218891978437, 0.9999007561195519, 1.646403846589095e-11, 0.0, 0.0, 0.0, 1.0]}, {"left_foot_pose": [1.0000000000000007, -1.499402566464662e-13, 2.0025481273222574e-11, -3.673529773327129e-12, 3.7084552872631565e-14, 0.9999840273199926, 0.005652000078677357, 1.1308575603719007e-12, -2.0026203881862947e-11, -0.005652000078677626, 0.9999840273199928, 4.535542080796873e-11, 0.0, 0.0, 0.0, 1.0], "right_foot_pose": [1.0, 5.283245331858379e-13, 2.0006163392594086e-11, -3.247816324708134e-12, -1.8508230377158995e-13, 0.9998529161651509, -0.017150686168299432, -0.1400000000040077, -2.0012318406275323e-11, 0.017150686168299248, 0.999852916165151, 3.7861956625473425e-11, 0.0, 0.0, 0.0, 1.0]}, {"left_foot_pose": [1.0000000000000007, -4.706668135872106e-14, 3.472994114517292e-11, -6.285663234849384e-12, -1.8863759756780958e-15, 0.9999989931392242, 0.0014190562140248466, 2.9221538383472634e-12, -3.473023288014902e-11, -0.0014190562140251166, 0.9999989931392244, 7.765300902295991e-11, 0.0, 0.0, 0.0, 1.0], "right_foot_pose": [0.9999999999999998, 1.1288810181796999e-12, 3.475775223193977e-11, -5.758099853849767e-12, -3.852344639053992e-13, 0.9997712852838804, -0.021386377014773306, -0.14000000000594884, -3.477391197974704e-11, 0.021386377014773125, 0.9997712852838803, 6.725757450976033e-11, 0.0, 0.0, 0.0, 1.0]}, {"left_foot_pose": [1.0000000000000007, 3.4820169940840056e-13, 5.300815342224042e-11, -9.516705140848949e-12, -1.3810599902016576e-13, 0.999992170461619, -0.003957147389334504, 5.611146963735436e-12, -5.3009446150024684e-11, 0.003957147389334231, 0.9999921704616193, 1.1803875932248076e-10, 0.0, 0.0, 0.0, 1.0], "right_foot_pose": [0.9999999999999998, 2.144215699482129e-12, 5.314687578916731e-11, -8.930020640928755e-12, -7.20754608237804e-13, 0.9996416673109121, -0.026768208305002084, -0.1400000000078534, -5.3185352172510854e-11, 0.026768208305001904, 0.9996416673109119, 1.0414911294498452e-10, 0.0, 0.0, 0.0, 1.0]}, {"left_foot_pose": [1.0000000000000004, 1.2165690375628237e-12, 7.502354293364987e-11, -1.3395220936837315e-11, -4.3140834726104225e-13, 0.9999452905958043, -0.010460201492967952, 9.423288538368269e-12, -7.50324312217405e-11, 0.010460201492967681, 0.9999452905958042, 1.6724661933142926e-10, 0.0, 0.0, 0.0, 1.0], "right_foot_pose": [1.0, 3.763911817550391e-12, 7.537120927381122e-11, -1.2809910367630228e-11, -1.253332448969464e-12, 0.9994460251932097, -0.03328126688534944, -0.1400000000095028, -7.545486146550575e-11, 0.03328126688534925, 0.9994460251932096, 1.488851611441966e-10, 0.0, 0.0, 0.0, 1.0]}, {"left_foot_pose": [1.0000000000000004, 2.7947918865072237e-12, 1.0135214889572805e-10, -1.802133690178346e-11, -9.598974805892509e-13, 0.9998362474692034, -0.018096360040147717, 1.469768577677666e-11, -1.0138621845707758e-10, 0.018096360040147447, 0.9998362474692035, 2.2704524371697232e-10, 0.0, 0.0, 0.0, 1.0], "right_foot_pose": [0.9999999999999998, 6.250488888810864e-12, 1.0205103428972958e-10, -1.752096298851223e-11, -2.0678831000654814e-12, 0.999161867426511, -0.0409336375218121, -0.14000000001064833, -1.0222137313021996e-10, 0.040933637521811915, 0.999161867426511, 2.0270304185165955e-10, 0.0, 0.0, 0.0, 1.0]}, {"left_foot_pose": [1.0000000000000004, 5.4082014944944365e-12, 1.329401033700605e-10, -2.355992129708229e-11, -1.830207698985773e-12, 0.9996382078885345, -0.026897087749413517, 2.1910187206208853e-11, -1.3303770077378626e-10, 0.02689708774941325, 0.9996382078885347, 3.002550499897616e-10, 0.0, 0.0, 0.0, 1.0], "right_foot_pose": [0.9999999999999998, 9.972302399534746e-12, 1.3419504396594556e-10, -2.325968669779085e-11, -3.2824965987160524e-12, 0.9987612527114377, -0.04975902010972026, -0.1400000000109611, -1.345249992699046e-10, 0.049759020109720074, 0.9987612527114378, 2.6768009336874954e-10, 0.0, 0.0, 0.0, 1.0]}, {"left_foot_pose": [1.0000000000000007, 9.51022470406776e-12, 1.7102480542874317e-10, -3.022870845684527e-11, -3.1896238286676163e-12, 0.9993183223462844, -0.036917348537078294, 3.1687050552897666e-11, -1.7125935974234084e-10, 0.03691734853707801, 0.9993183223462849, 3.9074653235271484e-10, 0.0, 0.0, 0.0, 1.0], "right_foot_pose": [1.0, 1.544323820452453e-11, 1.7312701272587098e-10, -3.0286660722404795e-11, -5.0599217997891375e-12, 0.9982094732408767, -0.059815111235972704, -0.14000000000997112, -1.7374102807725716e-10, 0.059815111235972517, 0.9982094732408765, 3.466308559629816e-10, 0.0, 0.0, 0.0, 1.0]}, {"left_foot_pose": [1.0000000000000007, 1.571562646625051e-11, 2.1691837215342934e-10, -3.8264538337641266e-11, -5.235145906506872e-12, 0.9988362843902548, -0.048229420331067384, 4.477155451931836e-11, -2.174242074550937e-10, 0.0482294203310671, 0.9988362843902552, 5.032066152654835e-10, 0.0, 0.0, 0.0, 1.0], "right_foot_pose": [0.9999999999999998, 2.335279092625362e-11, 2.20277629470189e-10, -3.889270231844507e-11, -7.614703059058583e-12, 0.9974636644415897, -0.07117751132735559, -0.14000000000700474, -2.2138119397472396e-10, 0.07117751132735542, 0.9974636644415896, 4.4275836469376273e-10, 0.0, 0.0, 0.0, 1.0]}, {"left_foot_pose": [1.0000000000000007, 2.477619107278054e-11, 2.7135477198569855e-10, -4.7818537615589096e-11, -8.202228277116916e-12, 0.9981433974375189, -0.06090778400079939, 6.182765063811324e-11, -2.7236030301074803e-10, 0.06090778400079911, 0.9981433974375193, 6.419701367721409e-10, 0.0, 0.0, 0.0, 1.0], "right_foot_pose": [0.9999999999999998, 3.4523805685740806e-11, 2.7652286016532897e-10, -4.928394020061434e-11, -1.1194858111337861e-11, 0.9964721042522005, -0.083924641477887, -0.14000000000116047, -2.784448634313731e-10, 0.08392464147788686, 0.9964721042522003, 5.584510909262264e-10, 0.0, 0.0, 0.0, 1.0]}, {"left_foot_pose": [1.0000000000000004, 3.732449741749845e-11, 3.326104391909717e-10, -5.864537414302252e-11, -1.2275675355275763e-11, 0.9971840789425104, -0.07499275100686713, 8.276873630919113e-11, -3.344731436985448e-10, 0.07499275100686682, 0.9971840789425109, 8.068447576725646e-10, 0.0, 0.0, 0.0, 1.0], "right_foot_pose": [1.0, 4.9589906712819045e-11, 3.4025393613745765e-10, -6.123259531591081e-11, -1.597133801760097e-11, 0.9951764478890003, -0.09810115986588526, -0.13999999999147691, -3.4347769935139153e-10, 0.09810115986588508, 0.9951764478890003, 6.91530915863936e-10, 0.0, 0.0, 0.0, 1.0]}, {"left_foot_pose": [1.0000000000000004, 5.286157075845026e-11, 3.9145658936590073e-10, -6.924584898235082e-11, -1.7256164434225082e-11, 0.9959053255143586, -0.09040233742631124, 1.0484770517071862e-10, -3.9463281129466315e-10, 0.0904023374263109, 0.9959053255143585, 9.802439346340286e-10, 0.0, 0.0, 0.0, 1.0], "right_foot_pose": [1.0, 6.777605084689197e-11, 4.0213044005810125e-10, -7.310645870013189e-11, -2.1643370517844172e-11, 0.9935232610539002, -0.11362891245111889, -0.1399999999777764, -4.0722749242113675e-10, 0.11362891245111867, 0.9935232610539001, 8.24582263581064e-10, 0.0, 0.0, 0.0, 1.0]}, {"left_foot_pose": [1.0000000000000002, 6.669926479093678e-11, 4.1916803361630054e-10, -7.475318626580848e-11, -2.1585154594069946e-11, 0.9942893050840792, -0.10671821679272894, 1.1813524984638502e-10, -4.238924650579722e-10, 0.10671821679272865, 0.9942893050840789, 1.0925186935684117e-09, 0.0, 0.0, 0.0, 1.0], "right_foot_pose": [0.9999999999999999, 8.328390989099312e-11, 4.324854363524362e-10, -7.949413063831315e-11, -2.631410548255194e-11, 0.9915021881240561, -0.13009001093554073, -0.1399999999633742, -4.396447839457381e-10, 0.13009001093554054, 0.9915021881240561, 8.980818172465987e-10, 0.0, 0.0, 0.0, 1.0]}, {"left_foot_pose": [1.0000000000000004, 6.352026600611513e-11, 3.4792163594587914e-10, -6.320405193005343e-11, -2.0362401092743033e-11, 0.9924481271661694, -0.12266505160135767, 9.88841057647516e-11, -3.5308600045362366e-10, 0.12266505160135738, 0.9924481271661696, 9.541493983800109e-10, 0.0, 0.0, 0.0, 1.0], "right_foot_pose": [0.9999999999999998, 7.779747459839094e-11, 3.6047553830798015e-10, -6.715262299276137e-11, -2.4260640331232123e-11, 0.9892553092322168, -0.14619826659667015, -0.1399999999608077, -3.679761724997766e-10, 0.14619826659667, 0.9892553092322168, 7.624326031629991e-10, 0.0, 0.0, 0.0, 1.0]}, {"left_foot_pose": [1.0000000000000002, 1.319942689968214e-10, 6.515700756715123e-10, -2.4445011110952713e-09, -3.9127342401205644e-11, 0.9900782055094307, -0.14051742587745658, -1.3458598759757967e-08, -6.63653060665367e-10, 0.1405174258774563, 0.9900782055094308, 0.005517079691450481, 0.0, 0.0, 0.0, 1.0], "right_foot_pose": [0.9999999999999998, 5.6197654830789304e-11, 2.383922503845778e-10, 3.894744453056743e-11, -1.7340977416322733e-11, 0.9871236523014381, -0.15995904184218454, -0.14000000029374599, -2.4431212126735825e-10, 0.15995904184218437, 0.9871236523014378, 4.976854831029165e-10, 0.0, 0.0, 0.0, 1.0]}, {"left_foot_pose": [1.0000000000000002, 1.9772075184586188e-10, 8.36408331483792e-10, -3.878584136197295e-09, -5.908183409643607e-11, 0.9866906792862721, -0.16260843585003873, -1.960399462555551e-08, -8.574275584250807e-10, 0.16260843585003848, 0.9866906792862719, 0.01816899580200506, 0.0, 0.0, 0.0, 1.0], "right_foot_pose": [0.9999999999999998, 2.7145177849033076e-11, 1.080003864117883e-10, 1.1270425708654659e-10, -8.366178672119723e-12, 0.9854076550786444, -0.17021090832378438, -0.14000000033369933, -1.1104495383214978e-10, 0.17021090832378422, 0.9854076550786441, 4.5428549810822005e-10, 0.0, 0.0, 0.0, 1.0]}, {"left_foot_pose": [1.0000000000000002, 1.4961459171622804e-10, 5.595813257208677e-10, -2.53715854007882e-09, -4.395810768468308e-11, 0.9828820380508828, -0.18423598800707752, -1.1973893290079252e-08, -5.775670407227684e-10, 0.18423598800707722, 0.9828820380508827, 0.03163852522097313, 0.0, 0.0, 0.0, 1.0], "right_foot_pose": [0.9999999999999998, 5.022292072213707e-12, 1.8948398405882446e-11, 9.882013126381477e-11, -1.6078991528367339e-12, 0.9843810477176917, -0.17605099515259673, -0.14000000014260097, -1.9536649517969784e-11, 0.17605099515259653, 0.9843810477176917, 2.3955672862063793e-10, 0.0, 0.0, 0.0, 1.0]}, {"left_foot_pose": [1.0000000000000004, 5.878543969183183e-13, 4.790889907013697e-12, 9.53321167222062e-11, 3.6119135380802795e-13, 0.9806746480590183, -0.195645686521124, -4.6502170517048746e-10, -4.813637476199018e-12, 0.1956456865211237, 0.9806746480590183, 0.0396075474867751, 0.0, 0.0, 0.0, 1.0], "right_foot_pose": [0.9999999999999996, 1.7370796988699658e-12, 6.455391776682964e-12, 2.7702079097832128e-11, -5.68346763002553e-13, 0.984246227178862, -0.17680317950810812, -0.13999999998387458, -6.660885916658097e-12, 0.17680317950810795, 0.9842462271788619, 2.9654577404780724e-11, 0.0, 0.0, 0.0, 1.0]}, {"left_foot_pose": [1.0000000000000004, 3.5353058151924244e-11, 1.2798540005576283e-10, 4.5545662107648604e-11, -1.0332266191361051e-11, 0.9816990107268091, -0.1904391040149201, 5.789459189831092e-11, -1.323759280503366e-10, 0.1904391040149198, 0.9816990107268093, 0.04000000023679676, 0.0, 0.0, 0.0, 1.0], "right_foot_pose": [0.9999999999999998, 2.0610458515689723e-11, 8.094042103223832e-11, 1.6661655073772202e-12, -6.3659875147514675e-12, 0.9850648555631327, -0.1721837110018967, -0.13999999998175852, -8.328042102794733e-11, 0.17218371100189656, 0.9850648555631327, 1.6787576190280262e-10, 0.0, 0.0, 0.0, 1.0]}, {"left_foot_pose": [1.0000000000000007, 9.729455205866203e-11, 3.7232750216275985e-10, 7.3335150633999e-11, -2.9291378907980795e-11, 0.9839493197075061, -0.1784481332128111, 1.578862908468981e-10, -3.837137207605159e-10, 0.1784481332128108, 0.9839493197075061, 0.040000000665485536, 0.0, 0.0, 0.0, 1.0], "right_foot_pose": [0.9999999999999999, 5.6369405504405574e-11, 2.3432639162379556e-10, -1.4553711428888935e-11, -1.751992350585962e-11, 0.9866935628204234, -0.16259093790472903, -0.13999999995484602, -2.4037368956742886e-10, 0.16259093790472887, 0.9866935628204231, 4.800845276875521e-10, 0.0, 0.0, 0.0, 1.0]}, {"left_foot_pose": [1.0000000000000007, 3.3507151210267845e-10, 1.441202546192949e-09, -2.3981884162809368e-09, -1.0462568771265185e-10, 0.9875963343956063, -0.15701426778596508, -8.472542761123192e-09, -1.475937579788578e-09, 0.15701426778596478, 0.9875963343956065, 0.037570006673564624, 0.0, 0.0, 0.0, 1.0], "right_foot_pose": [0.9999999999999997, 1.0874911309861131e-10, 4.973166323196659e-10, -1.1298446885400842e-10, -3.4083987105695447e-11, 0.9890267783163441, -0.1477363590088544, -0.1400000002634562, -5.07925875466392e-10, 0.14773635900885423, 0.989026778316344, 1.0200969374762892e-09, 0.0, 0.0, 0.0, 1.0]}, {"left_foot_pose": [1.0000000000000002, 4.0562401430620023e-10, 2.232678264491021e-09, -4.938490012427582e-09, -1.3025339683675767e-10, 0.9925326024626321, -0.12197964194387528, -2.1820287372104064e-08, -2.2654840805360874e-09, 0.12197964194387502, 0.992532602462632, 0.02671518662812357, 0.0, 0.0, 0.0, 1.0], "right_foot_pose": [1.0, 1.5900162090306877e-10, 8.431217946025519e-10, -2.0191390127926132e-10, -5.047425244443035e-11, 0.9918784756751059, -0.12718918779687433, -0.14000000075773072, -8.564977542652657e-10, 0.12718918779687413, 0.9918784756751059, 1.930394649685141e-09, 0.0, 0.0, 0.0, 1.0]}, {"left_foot_pose": [1.0000000000000007, 2.634447625398324e-10, 2.081230132677798e-09, -4.099830093697284e-09, -8.713790315847662e-11, 0.9964435936677539, -0.08426247467582001, -2.1723024877171038e-08, -2.0960269538214153e-09, 0.0842624746758197, 0.9964435936677541, 0.012812779460516469, 0.0, 0.0, 0.0, 1.0], "right_foot_pose": [0.9999999999999998, 1.8367328512818686e-10, 1.2183428155232426e-09, -2.695492593046418e-10, -5.91650171335636e-11, 0.9948439599174156, -0.10141743151862961, -0.14000000093840057, -1.2306889147961377e-09, 0.10141743151862943, 0.9948439599174154, 2.78374977236151e-09, 0.0, 0.0, 0.0, 1.0]}, {"left_foot_pose": [1.0000000000000002, 1.2953836445778464e-10, 1.7519581896330273e-09, -1.9160541875916075e-09, -4.374710401170778e-11, 0.99880464845375, -0.048880202814449214, -9.318218084294894e-09, -1.7561960886404992e-09, 0.04888020281444894, 0.99880464845375, 0.00218090279757064, 0.0, 0.0, 0.0, 1.0], "right_foot_pose": [0.9999999999999998, 1.6411585827483805e-10, 1.5449443946380362e-09, -3.3395248029604045e-10, -5.361556068128356e-11, 0.9974582196397114, -0.07125377234348619, -0.14000000057547418, -1.5527114059442069e-09, 0.07125377234348601, 0.9974582196397114, 3.2895780058272983e-09, 0.0, 0.0, 0.0, 1.0]}, {"left_foot_pose": [1.0000000000000004, 3.834754321716855e-11, 1.6540608882564807e-09, -1.280409119381143e-10, -1.2461781345877046e-11, 0.9998775815769099, -0.015646784331314587, 3.3948809041728367e-10, -1.6544584138011202e-09, 0.015646784331314317, 0.99987758157691, 3.5806435039198448e-09, 0.0, 0.0, 0.0, 1.0], "right_foot_pose": [0.9999999999999998, 9.603915553971058e-11, 1.666588700377502e-09, -3.274573279523655e-10, -3.1822998137176956e-11, 0.9992590327431528, -0.03848877084577195, -0.14000000009326352, -1.6690503976971383e-09, 0.03848877084577177, 0.9992590327431528, 3.4642692464670333e-09, 0.0, 0.0, 0.0, 1.0]}, {"left_foot_pose": [1.0000000000000007, -3.8573268175070155e-11, 1.5092559424445552e-09, -1.4489358784434948e-10, 1.2849950472376987e-11, 0.9998548050098253, 0.017040214164299787, 2.198616653320551e-10, -1.5096942622271657e-09, -0.01704021416430005, 0.9998548050098256, 3.235010592739229e-09, 0.0, 0.0, 0.0, 1.0], "right_foot_pose": [0.9999999999999999, 1.3367945600259476e-11, 1.507222568974953e-09, -3.4980033411384877e-10, -4.662930566086393e-12, 0.9999833224963097, -0.005775355334653399, -0.14000000017592712, -1.507274802132679e-09, 0.005775355334653219, 0.9999833224963097, 3.250302818558204e-09, 0.0, 0.0, 0.0, 1.0]}, {"left_foot_pose": [1.0000000000000004, -7.955243222972994e-11, 1.1368490038243824e-09, 9.743015184619996e-11, 2.6361685185149226e-11, 0.9989084091922256, 0.046711776299539966, 3.214886586111465e-10, -1.1393243242241301e-09, -0.04671177629954023, 0.9989084091922255, 2.5259227903751125e-09, 0.0, 0.0, 0.0, 1.0], "right_foot_pose": [0.9999999784830479, 0.00020738401974851868, 5.076609031705728e-06, 8.38164202730742e-05, -0.00020744612044325188, 0.9997125849776608, 0.023972993208831117, -0.14001036871888234, -1.0353424108953455e-07, -0.023972993746128393, 0.9997126064879033, 0.0005096367655917575, 0.0, 0.0, 0.0, 1.0]}, {"left_foot_pose": [1.0000000000000007, -7.885768873040339e-11, 7.143630686989882e-10, 7.406921539520471e-10, 2.7648666038921922e-11, 0.9974475097130406, 0.07140353889867397, 5.651631766745435e-10, -7.181706814039516e-10, -0.07140353889867425, 0.9974475097130407, 2.0184961549429836e-09, 0.0, 0.0, 0.0, 1.0], "right_foot_pose": [0.9999919814141467, 0.003999125896031266, 0.00020999875284364244, 0.001618025699226364, -0.004004635634234194, 0.9986281404795464, 0.05220919397769362, -0.14020021720668846, -9.195244084217389e-07, -0.05220961630227833, 0.9986361479361355, 0.008780415524337795, 0.0, 0.0, 0.0, 1.0]}, {"left_foot_pose": [1.0000000000000002, -4.7753265846648096e-11, 2.9995722572451293e-10, 9.152927915609377e-10, 2.0440896664652634e-11, 0.99590522678599, 0.09040342504765181, 3.2821087687928685e-10, -3.0304621437918285e-10, -0.09040342504765209, 0.9959052267859901, 1.3823887173858296e-09, 0.0, 0.0, 0.0, 1.0], "right_foot_pose": [0.999930182005206, 0.011777578182316449, 0.0009590449387580635, 0.004774432668244927, -0.01181656083252663, 0.9966469423750369, 0.08096444370574489, -0.1405908219345851, -2.2641400814617592e-06, -0.0809701235434959, 0.9967165289530541, 0.022328667808366114, 0.0, 0.0, 0.0, 1.0]}, {"left_foot_pose": [1.0000000000000004, -8.687298380105065e-12, -3.63192809160749e-11, 6.366390053444478e-10, 1.2393301712922763e-11, 0.9946490671839467, 0.10331134085910217, -9.896805857473323e-11, 3.5227232462111987e-11, -0.10331134085910243, 0.9946490671839466, 7.351024580715126e-10, 0.0, 0.0, 0.0, 1.0], "right_foot_pose": [0.9997436532695342, 0.022509509834412487, 0.0024392036199842714, 0.009148695187580817, -0.022641283815548665, 0.9939431411375592, 0.10753792099899312, -0.14113214560140974, -3.803817622193758e-06, -0.10756558070598805, 0.9941979912637696, 0.03483626606729106, 0.0, 0.0, 0.0, 1.0]}, {"left_foot_pose": [1.0000000000000002, 1.555249193324647e-11, -2.444912605703568e-10, 7.028760277937076e-11, 1.1388198325266729e-11, 0.993953146366511, 0.10980502187110644, -3.505985718757487e-10, 2.447200350750336e-10, -0.1098050218711067, 0.9939531463665108, 5.209094058877817e-10, 0.0, 0.0, 0.0, 1.0], "right_foot_pose": [0.999370545851044, 0.03520340044975778, 0.004385508198598428, 0.01433646832718142, -0.035475513544304595, 0.9917220326445483, 0.12340542089443853, -0.1417741395562549, -4.914655475556877e-06, -0.1234833209957511, 0.9923466478059502, 0.040000007188446304, 0.0, 0.0, 0.0, 1.0]}, {"left_foot_pose": [1.0000000000000002, 1.0555038901617393e-11, -2.904785301183213e-10, -1.738384395336884e-10, 2.144557734662871e-11, 0.9939378054054264, 0.10994379921508014, -3.7313332978961e-10, 2.898779111257878e-10, -0.10994379921508042, 0.9939378054054263, 6.088902784751049e-10, 0.0, 0.0, 0.0, 1.0], "right_foot_pose": [0.9987832647677278, 0.048917990467714494, 0.006246617366157683, 0.0199333347262371, -0.049315210560162685, 0.9907517631458752, 0.12640788674266407, -0.14246675186729155, -5.227370496965777e-06, -0.12656213506392824, 0.9919586815693157, 0.040000007077956534, 0.0, 0.0, 0.0, 1.0]}, {"left_foot_pose": [1.0000000000000004, -2.3921789466970674e-11, -1.7729778756248e-10, -4.3735345280185074e-10, 4.2220402444852244e-11, 0.9945838354325799, 0.1039374537701379, -3.8640263211320303e-10, 1.7385083879486016e-10, -0.10393745377013819, 0.99458383543258, 9.65696404786609e-10, 0.0, 0.0, 0.0, 1.0], "right_foot_pose": [0.9980035943052632, 0.06269238205333089, 0.0076479400006972875, 0.02553495797430649, -0.06315715106395564, 0.9906685976412983, 0.12077625560062394, -0.1431599527594051, -4.822836250530926e-06, -0.1210181592981062, 0.9926502934552722, 0.04000000585350555, 0.0, 0.0, 0.0, 1.0]}, {"left_foot_pose": [1.0000000000000004, -8.127763358963357e-11, 1.1067435856659968e-10, -1.0221255117375538e-09, 7.080493690313231e-11, 0.9958009267841084, 0.09154514851105693, 8.678740018308595e-12, -1.176503604608932e-10, -0.09154514851105722, 0.9958009267841089, 1.911533438481161e-09, 0.0, 0.0, 0.0, 1.0], "right_foot_pose": [0.9971077578695992, 0.07559745591416848, 0.007819453661566327, 0.030736973543783967, -0.07600078409449293, 0.9918211431702213, 0.10254121501882725, -0.1438036919529289, -3.644487810301871e-06, -0.10283892560611714, 0.994698022199148, 0.03506671521795409, 0.0, 0.0, 0.0, 1.0]}, {"left_foot_pose": [1.0000000000000002, -1.3137341771313723e-10, 5.273604331002017e-10, -1.3222049326225404e-09, 9.262681810602758e-11, 0.9973456766320091, 0.07281209585941302, 4.275291717870111e-10, -5.355262958737926e-10, -0.07281209585941328, 0.9973456766320095, 3.11527000723677e-09, 0.0, 0.0, 0.0, 1.0], "right_foot_pose": [0.9962214269592871, 0.08661090606265962, 0.006435791964247093, 0.03513500406407288, -0.086849688904852, 0.9934842105433438, 0.07379874618311058, -0.1443479401596594, -2.0814256140026987e-06, -0.07407883876029607, 0.9972523881363202, 0.02265968261159624, 0.0, 0.0, 0.0, 1.0]}, {"left_foot_pose": [1.0000000000000002, -1.5009505109504163e-10, 9.649415710910632e-10, -1.253870671627902e-09, 9.405816723246991e-11, 0.9983274312445668, 0.057812974535352585, 5.681901702608849e-10, -9.720052766190824e-10, -0.05781297453535286, 0.9983274312445669, 4.022338150055926e-09, 0.0, 0.0, 0.0, 1.0], "right_foot_pose": [0.9955047528805089, 0.09457793445534798, 0.005030040405104659, 0.038324723986562774, -0.094711599033166, 0.9941003482503012, 0.052860293389370885, -0.14474266967324192, -9.475549572572269e-07, -0.05309907647774593, 0.9985892489288639, 0.009063337015005474, 0.0, 0.0, 0.0, 1.0]}, {"left_foot_pose": [1.0000000000000004, -1.0387328261092247e-10, 1.4629071287686227e-09, -9.024620994084773e-10, 6.190135004158504e-11, 0.9995891655073663, 0.02866182478991696, 3.2064429410227913e-10, -1.465283625497386e-09, -0.028661824789917224, 0.9995891655073664, 5.075428084755362e-09, 0.0, 0.0, 0.0, 1.0], "right_foot_pose": [0.9951274986027793, 0.09857088199832324, 0.0022456060758621506, 0.039901776470482826, -0.09859645797169324, 0.9948693867079288, 0.02266366843266701, -0.14493784078219593, -1.0695275521585583e-07, -0.022774648481642595, 0.9997406240553226, 0.0005957971304902734, 0.0, 0.0, 0.0, 1.0]}, {"left_foot_pose": [1.0000000000000004, 2.5563820033959104e-10, 4.965898803277423e-10, 2.7381907280444815e-09, -2.5369011775554e-10, 0.9999923235455922, -0.0039182712882377116, 1.4869835172209855e-09, -4.975877096308851e-10, 0.003918271288237442, 0.9999923235455925, 4.827715310851133e-09, 0.0, 0.0, 0.0, 1.0], "right_foot_pose": [0.9951035011780447, 0.09883518475035323, -0.0007925897808332381, 0.04000000412479196, -0.09883836271001821, 0.9950715054907718, -0.007979788038023988, -0.14494999805873948, -3.1855660002059234e-10, 0.008019053291534415, 0.9999678468752422, 7.580897666559228e-09, 0.0, 0.0, 0.0, 1.0]}, {"left_foot_pose": [1.0000000000000004, 1.8202388592368175e-10, 9.353972041381524e-10, 1.627887969846651e-09, -1.4764074461360533e-10, 0.9993290112664137, -0.0366268650213636, 1.2399117566008755e-09, -9.414368955054265e-10, 0.03662686502136332, 0.9993290112664137, 5.136143739481458e-09, 0.0, 0.0, 0.0, 1.0], "right_foot_pose": [0.9951035011796332, 0.09876353163658452, -0.003845355471820946, 0.04000000281349151, -0.09883836269402324, 0.994350102659919, -0.03871500226234179, -0.1449499987341423, -7.425781612231772e-10, 0.038905502938244865, 0.9992428943160528, 6.4118086534614704e-09, 0.0, 0.0, 0.0, 1.0]}, {"left_foot_pose": [0.9999985603500446, 0.001693047557148501, -0.00011352448063628688, 0.0008066946096302375, -0.0016968490149769013, 0.9978020605133369, -0.06624325428872631, -3.997157590011555e-05, 1.1219808463649342e-06, 0.06624335155553106, 0.9978034968737245, 0.002021439938281702, 0.0, 0.0, 0.0, 1.0], "right_foot_pose": [0.995103501170353, 0.09861992353632844, -0.0065675444569395424, 0.04000000040654306, -0.09883836278745785, 0.9929042566819246, -0.0661219714195639, -0.1449500010924646, -9.182256572318726e-10, 0.06644733060555162, 0.9977899339316854, 4.727198743559313e-09, 0.0, 0.0, 0.0, 1.0]}, {"left_foot_pose": [0.9999296611096828, 0.011808461648164497, -0.0011104353108295478, 0.005638698785383039, -0.011860557231284345, 0.9955683387000935, -0.09328992528724837, -0.0002793629348125798, 3.9037327216769555e-06, 0.09329653375898125, 0.9956383664631056, 0.01250028975454081, 0.0, 0.0, 0.0, 1.0], "right_foot_pose": [0.9951035011696425, 0.09844490561901717, -0.008810364213919187, 0.04000000032670317, -0.09883836279461072, 0.9911421784829368, -0.08870264974722535, -0.14495000166363173, -4.0231039525561823e-10, 0.08913911930101628, 0.9960191852621311, 3.637064607819873e-09, 0.0, 0.0, 0.0, 1.0]}, {"left_foot_pose": [0.9995659057698972, 0.0292533038608103, -0.0034991764220724322, 0.014008284551650573, -0.02946183922277364, 0.9925198423245507, -0.11847515613689373, -0.000693998529632936, 7.212288271348502e-06, 0.11852681892836307, 0.992950851322817, 0.02639832712978852, 0.0, 0.0, 0.0, 1.0], "right_foot_pose": [0.9951035011705753, 0.09827614712946381, -0.010527148875656764, 0.04000000012229727, -0.0988383627852174, 0.9894431204961599, -0.10598721311912755, -0.14495000145304152, 8.312025363626754e-11, 0.10650873301382177, 0.9943117668979836, 2.2227337331814923e-09, 0.0, 0.0, 0.0, 1.0]}, {"left_foot_pose": [0.9986216131366836, 0.0519776316793151, -0.0072938043090202105, 0.02496390821803139, -0.05248689046774588, 0.9889595296402043, -0.1385791292469901, -0.0012367387758923584, 1.0262340295884508e-05, 0.13877094270356657, 0.990324505076921, 0.037397441916271014, 0.0, 0.0, 0.0, 1.0], "right_foot_pose": [0.9951035011717424, 0.09814585749244942, -0.011679581020394016, 0.039999999872653326, -0.09883836277347033, 0.9881313664987219, -0.11758988300712175, -0.144950000920118, 4.536436500142792e-10, 0.11816849494869809, 0.9929935582880484, 9.977822387763347e-10, 0.0, 0.0, 0.0, 1.0]}, {"left_foot_pose": [0.996881605010818, 0.07805174724256189, -0.011618534478991156, 0.03755403510173443, -0.07891175735373475, 0.986039455658796, -0.14662580412550663, -0.001860456950036251, 1.1933210375707239e-05, 0.1470854059262487, 0.9891237957005735, 0.04000001698978928, 0.0, 0.0, 0.0, 1.0], "right_foot_pose": [0.9951035011719183, 0.0980786476145832, -0.012231142116915608, 0.03999999980656077, -0.09883836277169789, 0.9874546984984238, -0.12314299191589198, -0.14495000065188726, 6.410258716578244e-10, 0.12374892846195308, 0.9923135606775301, 5.148989776215807e-10, 0.0, 0.0, 0.0, 1.0]}, {"left_foot_pose": [0.9942902359206122, 0.10551637866237458, -0.015912906300013366, 0.0508270402102728, -0.10670954316311833, 0.9831898076155807, -0.14815827887349772, -0.0025180084373167405, 1.2282228133032698e-05, 0.1490103890163935, 0.9888356303321251, 0.04000001768159471, 0.0, 0.0, 0.0, 1.0], "right_foot_pose": [0.9951035011706912, 0.09808292822681346, -0.0121967679442345, 0.040000000183773914, -0.09883836278405124, 0.9874977955003735, -0.12279691333283047, -0.14495000069113229, 6.202628657205048e-10, 0.12340114696531852, 0.9923568697437651, 4.6468685149791966e-10, 0.0, 0.0, 0.0, 1.0]}, {"left_foot_pose": [0.9909997139217607, 0.13253156702201221, -0.018840136668287658, 0.06383137514369487, -0.13386398652095616, 0.9811472629535896, -0.13939326207316585, -0.003162249438431127, 1.0941070895182868e-05, 0.14066069863814465, 0.9900578608035607, 0.0396775188516755, 0.0, 0.0, 0.0, 1.0], "right_foot_pose": [0.9951035011704248, 0.09821622453917, -0.011072271475788898, 0.04000000019628447, -0.09883836278673488, 0.9888398204777373, -0.11147550169967246, -0.14495000066856945, 3.2848078467481767e-11, 0.11202402722107078, 0.993705498286677, 9.906287248839796e-10, 0.0, 0.0, 0.0, 1.0]}, {"left_foot_pose": [0.987377530533925, 0.15715126157763384, -0.019725445021263655, 0.07561545312082409, -0.15838438094301677, 0.9796967693607044, -0.12291715900352071, -0.003746046869100815, 8.368154592009358e-06, 0.12448984331566013, 0.992220882082824, 0.031913996977750485, 0.0, 0.0, 0.0, 1.0], "right_foot_pose": [0.9951035011683219, 0.09836390715209208, -0.009672834761431605, 0.03999999990027735, -0.09883836280790644, 0.9903266867456931, -0.09738599261059237, -0.1449500010214414, -3.343356257477045e-10, 0.09786518936308392, 0.9951996808233653, 1.888557109308575e-09, 0.0, 0.0, 0.0, 1.0]}, {"left_foot_pose": [0.9839735994380439, 0.1774311844373108, -0.017723724160405525, 0.08522767649497442, -0.1783142046598271, 0.9791037291104169, -0.09777490505548656, -0.0042222410894358145, 5.047206936663956e-06, 0.0993683170394326, 0.9950507210907782, 0.018501303713070377, 0.0, 0.0, 0.0, 1.0], "right_foot_pose": [0.9951035011679521, 0.09854208952755279, -0.007647127227052271, 0.039999999646230834, -0.09883836281162764, 0.9921206245309196, -0.07699119701040427, -0.14495000121879853, -7.882623401038717e-10, 0.07737003923949876, 0.9970024458485939, 3.022800031116102e-09, 0.0, 0.0, 0.0, 1.0]}, {"left_foot_pose": [0.9814482312981141, 0.1912484788213192, -0.013542105830918827, 0.09171651805229894, -0.19172733054457478, 0.9789977410447527, -0.0693112815602445, -0.004543692125216492, 2.013853905286741e-06, 0.0706218264972214, 0.9975031617083435, 0.0057575622772559135, 0.0, 0.0, 0.0, 1.0], "right_foot_pose": [0.9951035011706632, 0.09870841446019085, -0.005066643133561864, 0.03999999939960666, -0.09883836278433425, 0.9937951822966729, -0.051010917322031876, -0.1449500009810351, -1.2324673877550578e-09, 0.05126192113721471, 0.9986852434282394, 4.208733854482727e-09, 0.0, 0.0, 0.0, 1.0]}, {"left_foot_pose": [0.9804621001722256, 0.19655682670812227, -0.0077125871341943665, 0.09413041276840137, -0.19670808352955135, 0.9797081863366625, -0.03844215783562252, -0.00466326468331096, 1.61972221222871e-08, 0.03920820704088839, 0.999231062617971, 9.299252693162341e-07, 0.0, 0.0, 0.0, 1.0], "right_foot_pose": [0.9951035011768009, 0.098816450328109, -0.002081127152447257, 0.03999999934341846, -0.09883836272253947, 0.9948828871268477, -0.020952779206484896, -0.14495000008751333, -1.4757886117751858e-09, 0.021055879148122722, 0.9997783004012939, 5.398766128594801e-09, 0.0, 0.0, 0.0, 1.0]}, {"left_foot_pose": [0.9804619560887231, 0.1967053957063438, -0.0011575675732908273, 0.09413075829936395, -0.19670880169091548, 0.9804449795457512, -0.005769698506522748, -0.004663279541143803, 4.878859016366894e-10, 0.005884673613965483, 0.9999826851583273, 4.790710259050535e-09, 0.0, 0.0, 0.0, 1.0], "right_foot_pose": [0.9951035012024814, 0.09883329718403093, 0.0010006309489688757, 0.039999996207170034, -0.09883836246398965, 0.9950525039525716, 0.0100743477781082, -0.14494999700227126, 6.76585074485212e-10, -0.010123919470753967, 0.9999487518140864, 6.773498650858301e-09, 0.0, 0.0, 0.0, 1.0]}, {"left_foot_pose": [0.9804619560999099, 0.19664165217741494, 0.005139384172797359, 0.09413076041405205, -0.1967088016351553, 0.9801272610808002, 0.025616390173299284, -0.004663281215112993, -1.246427167191614e-09, -0.02612685811930546, 0.9996586353775045, 4.553322878464439e-09, 0.0, 0.0, 0.0, 1.0], "right_foot_pose": [0.9951035011827984, 0.09875955959473452, 0.003946051493547064, 0.039999998380441895, -0.09883836266215477, 0.9943101132363703, 0.039728790343285074, -0.1449499993924592, -1.0698510559577755e-09, -0.03992427963696329, 0.9992027081105563, 5.520306649298146e-09, 0.0, 0.0, 0.0, 1.0]}, {"left_foot_pose": [0.9804619561145803, 0.1964154360226579, 0.010739138885453312, 0.09413076219188068, -0.19670880156203419, 0.9789997251774938, 0.05352742745939179, -0.004663281784210313, -1.0138944032642756e-09, -0.05459408937258262, 0.9985086306114634, 4.511624608627418e-09, 0.0, 0.0, 0.0, 1.0], "right_foot_pose": [0.9947211779774376, 0.102371711345496, 0.0070576766271039145, 0.04124290697225793, -0.10261470693931866, 0.992366787972952, 0.06839868454878222, -0.1451359278447198, -1.7134939512008723e-06, -0.06876184148523479, 0.9976331034767357, 0.004375577451895457, 0.0, 0.0, 0.0, 1.0]}, {"left_foot_pose": [0.9804619561173099, 0.19611256758488246, 0.015304033516837191, 0.09413076264498643, -0.19670880154842948, 0.9774901283380427, 0.07628038014494982, -0.00466328213526304, -4.798861865707321e-10, -0.07780044882224381, 0.996968951453885, 3.6939553915704693e-09, 0.0, 0.0, 0.0, 1.0], "right_foot_pose": [0.993353867881286, 0.11452027884466949, 0.011541182722215654, 0.045355833454195145, -0.11510036117257258, 0.9883517643250198, 0.09956252715536873, -0.14575122008405647, -4.819933586489122e-06, -0.10022921574550697, 0.9949643733761572, 0.01651593110593217, 0.0, 0.0, 0.0, 1.0]}, {"left_foot_pose": [0.980461956115848, 0.19581837294028778, 0.018695385219458977, 0.0941307622490827, -0.19670880155571452, 0.9760237643388943, 0.09318400525975393, -0.004663282644523465, 3.63618520090924e-11, -0.09504091889683025, 0.9954733666629394, 2.5154161947815723e-09, 0.0, 0.0, 0.0, 1.0], "right_foot_pose": [0.9909323920145241, 0.13318058642798314, 0.01777430322324029, 0.05171263833990056, -0.1343614318979973, 0.9822320137756163, 0.131023954804521, -0.1467022133630794, -8.642511442229624e-06, -0.1322240617777109, 0.9912198532173935, 0.030217207349266764, 0.0, 0.0, 0.0, 1.0]}, {"left_foot_pose": [0.9804619561132648, 0.19560130418454363, 0.02084424179137242, 0.09413076120310952, -0.19670880156859138, 0.9749418213305071, 0.10389462164233099, -0.004663282962157806, 4.346650776146621e-10, -0.10596496978747444, 0.9943698633697325, 1.6131493363324978e-09, 0.0, 0.0, 0.0, 1.0], "right_foot_pose": [0.9873808895454359, 0.15642182650523356, 0.024722280502216525, 0.05965793211502834, -0.15836343901664637, 0.975286915646256, 0.15406639267547534, -0.1478908542387117, -1.1970153378139298e-05, -0.15603731720963263, 0.9877511607154588, 0.0391612856554797, 0.0, 0.0, 0.0, 1.0]}, {"left_foot_pose": [0.9804619561084384, 0.19555897268460115, 0.0212377217836365, 0.09413076047169443, -0.19670880159264764, 0.9747308270365794, 0.1058558557689212, -0.004663282507449463, 2.8828248489756637e-10, -0.10796528621334664, 0.9941546645129578, 1.248529876707316e-09, 0.0, 0.0, 0.0, 1.0], "right_foot_pose": [0.9827247950253241, 0.1827145641822713, 0.029451065823114797, 0.06853627130064491, -0.18507289664283133, 0.9702134342277218, 0.15631351500200566, -0.1492190687015305, -1.3063944520606833e-05, -0.15906376105113662, 0.987268311934299, 0.04000001903829542, 0.0, 0.0, 0.0, 1.0]}, {"left_foot_pose": [0.9804619561116457, 0.19562381655209649, 0.020631893158846868, 0.0941307602243492, -0.19670880157666107, 0.9750540305035978, 0.10283620462153954, -0.004663282419859128, 2.4634450704979844e-10, -0.10488546131986685, 0.9944843085759172, 1.3873847556911123e-09, 0.0, 0.0, 0.0, 1.0], "right_foot_pose": [0.9771665842932902, 0.21003504346875235, 0.03210524965894669, 0.0776921886230997, -0.2124746252814688, 0.9659557627688431, 0.1475940309943519, -0.15058880610885966, -1.2332207564886468e-05, -0.15104550601968167, 0.9885268104402504, 0.04000001880499307, 0.0, 0.0, 0.0, 1.0]}, {"left_foot_pose": [0.9804619561168031, 0.19581066058967286, 0.018775990174933182, 0.09413075971509817, -0.1967088015509554, 0.975985323451363, 0.09358576707985931, -0.004663282063429964, 2.969640194174669e-11, -0.09545068678105428, 0.9954341597479092, 1.9732486269963267e-09, 0.0, 0.0, 0.0, 1.0], "right_foot_pose": [0.9711204497861731, 0.23654331682080879, 0.031182226901088968, 0.08647028074701858, -0.2385897565078861, 0.9627963068492513, 0.12687868066365574, -0.1519020137114381, -9.828941674549853e-06, -0.13065424135807027, 0.991427994923756, 0.03835349151627747, 0.0, 0.0, 0.0, 1.0]}, {"left_foot_pose": [0.9804619561219557, 0.196086594117785, 0.01563330434668791, 0.09413075930378943, -0.19670880152527234, 0.9773606680245415, 0.07792157596656664, -0.004663281506458053, -3.4013571433749085e-10, -0.07947434935820254, 0.9968369113320853, 3.0491949035149624e-09, 0.0, 0.0, 0.0, 1.0], "right_foot_pose": [0.9652064426120602, 0.2602972242650858, 0.024937485439855887, 0.09421507153389622, -0.26148904968310793, 0.9608093730962236, 0.09202622162333136, -0.15306062763439549, -5.999703907375694e-06, -0.0953451813692392, 0.9954442708427581, 0.028272584008541476, 0.0, 0.0, 0.0, 1.0]}, {"left_foot_pose": [0.9804619561239468, 0.19638324810791177, 0.01131249115761198, 0.09413075925401979, -0.196708801515348, 0.9788392901197928, 0.05638520660754915, -0.004663281199689413, -7.953775056128144e-10, -0.05750881654465765, 0.9983449984948259, 4.1645787651756194e-09, 0.0, 0.0, 0.0, 1.0], "right_foot_pose": [0.960205610736723, 0.27883700009069223, 0.015972241237205947, 0.1002711524138227, -0.2792940835448497, 0.9586346943150175, 0.0549029849133455, -0.1539666199418948, -2.560986692790583e-06, -0.05717910663849085, 0.9983639365268885, 0.014400783271139785, 0.0, 0.0, 0.0, 1.0]}, {"left_foot_pose": [0.980461956119812, 0.19661810506063157, 0.005972718315772559, 0.09413075951746741, -0.19670880153595827, 0.9800098949771565, 0.029770004117406913, -0.0046632813149368214, -1.2521566819736317e-09, -0.030363242732455324, 0.9995389304528219, 5.16682040901939e-09, 0.0, 0.0, 0.0, 1.0], "right_foot_pose": [0.9569779900022558, 0.2900851588531341, 0.006612659404081832, 0.10398312052965997, -0.29016051876679777, 0.9567294828514453, 0.021807567305614856, -0.15452194597360905, -4.745858903725227e-07, -0.02278809461008293, 0.9997403176544482, 0.0030562021156253297, 0.0, 0.0, 0.0, 1.0]}, {"left_foot_pose": [0.9804619560811808, 0.1967087804379838, -9.15208552815946e-05, 0.0941307617773866, -0.19670880172850874, 0.9804618499591415, -0.0004561767560382527, -0.004663281122755596, -1.2662654211987846e-09, 0.000465266912319377, 0.999999891763345, 5.3911083097712975e-09, 0.0, 0.0, 0.0, 1.0], "right_foot_pose": [0.9562187494030222, 0.29264489681550715, -0.002160476327471969, 0.10483630066154316, -0.2926528716587629, 0.9561926922435551, -0.007059179123776146, -0.1546495942231031, -1.0701859207962015e-09, 0.007382389034934405, 0.9999727497947816, 7.915599807561957e-09, 0.0, 0.0, 0.0, 1.0]}, {"left_foot_pose": [0.9804619560554235, 0.19660596161683813, -0.006359920179705459, 0.09413076379383442, -0.1967088018568913, 0.979949366151657, -0.031699953485656435, -0.0046632807502194895, -8.937934727353703e-11, 0.03233165067986769, 0.9994771955198956, 5.012085753375306e-09, 0.0, 0.0, 0.0, 1.0], "right_foot_pose": [0.9562187494140088, 0.29244984648473143, -0.01089910822799464, 0.104836302840597, -0.2926528716228641, 0.9555553817944809, -0.03561192292611534, -0.1546495931043805, 1.3125221891215216e-10, 0.03724244372568891, 0.9993062595547667, 7.927664934237466e-09, 0.0, 0.0, 0.0, 1.0]}, {"left_foot_pose": [0.980433964576609, 0.19646762633563788, -0.012235722562774986, 0.0941964047940865, -0.19684826924435436, 0.9785382096730657, -0.06094038977011921, -0.0046798709196613185, 3.0832453013985797e-07, 0.0621566087545979, 0.9980664086061777, 0.0001767805538100825, 0.0, 0.0, 0.0, 1.0], "right_foot_pose": [0.9562187493912405, 0.2920349925885641, -0.019007009666150293, 0.10483629851282407, -0.292652871697258, 0.9541998809279997, -0.06210381569871097, -0.15464959530203679, -9.970568917059288e-10, 0.06494728894102175, 0.9978886960273731, 5.312111570066058e-09, 0.0, 0.0, 0.0, 1.0]}, {"left_foot_pose": [0.9791300575528707, 0.20242556568120001, -0.01811686383343537, 0.09720442661080184, -0.2032346682734627, 0.975233281107634, -0.0872680756738402, -0.005439953465838003, 2.878975474354295e-06, 0.08912877076839885, 0.9960201113496788, 0.0074112996849026655, 0.0, 0.0, 0.0, 1.0], "right_foot_pose": [0.9562187493868108, 0.291510