{"LoopMode": "Wrap", "FrameDuration": 0.0167, "EnableCycleOffsetPosition": true, "EnableCycleOffsetRotation": false, "Debug_info": [{"left_foot_pose": [1.0000000000000007, -1.0658006258607588e-13, 9.142298029729549e-12, -1.722971572819902e-12, 2.7245352964101267e-14, 0.9999620375649145, 0.008713405133775453, 1.0063824773531849e-13, -9.143051227951343e-12, -0.00871340513377572, 0.9999620375649145, 2.138260402073655e-11, 0.0, 0.0, 0.0, 1.0], "right_foot_pose": [0.9999999999999998, 2.0330993004855253e-13, 9.115097565626227e-12, -1.4263834224087668e-12, -7.482640223092434e-14, 0.9999007561195519, -0.014088218891978622, -0.14000000000225418, -9.11728671130482e-12, 0.014088218891978437, 0.9999007561195519, 1.646403846589095e-11, 0.0, 0.0, 0.0, 1.0]}, {"left_foot_pose": [1.0000000000000007, -1.499402566464662e-13, 2.0025481273222574e-11, -3.673529773327129e-12, 3.7084552872631565e-14, 0.9999840273199926, 0.005652000078677357, 1.1308575603719007e-12, -2.0026203881862947e-11, -0.005652000078677626, 0.9999840273199928, 4.535542080796873e-11, 0.0, 0.0, 0.0, 1.0], "right_foot_pose": [1.0, 5.283245331858379e-13, 2.0006163392594086e-11, -3.247816324708134e-12, -1.8508230377158995e-13, 0.9998529161651509, -0.017150686168299432, -0.1400000000040077, -2.0012318406275323e-11, 0.017150686168299248, 0.999852916165151, 3.7861956625473425e-11, 0.0, 0.0, 0.0, 1.0]}, {"left_foot_pose": [1.0000000000000007, -4.706668135872106e-14, 3.472994114517292e-11, -6.285663234849384e-12, -1.8863759756780958e-15, 0.9999989931392242, 0.0014190562140248466, 2.9221538383472634e-12, -3.473023288014902e-11, -0.0014190562140251166, 0.9999989931392244, 7.765300902295991e-11, 0.0, 0.0, 0.0, 1.0], "right_foot_pose": [0.9999999999999998, 1.1288810181796999e-12, 3.475775223193977e-11, -5.758099853849767e-12, -3.852344639053992e-13, 0.9997712852838804, -0.021386377014773306, -0.14000000000594884, -3.477391197974704e-11, 0.021386377014773125, 0.9997712852838803, 6.725757450976033e-11, 0.0, 0.0, 0.0, 1.0]}, {"left_foot_pose": [1.0000000000000007, 3.4820169940840056e-13, 5.300815342224042e-11, -9.516705140848949e-12, -1.3810599902016576e-13, 0.999992170461619, -0.003957147389334504, 5.611146963735436e-12, -5.3009446150024684e-11, 0.003957147389334231, 0.9999921704616193, 1.1803875932248076e-10, 0.0, 0.0, 0.0, 1.0], "right_foot_pose": [0.9999999999999998, 2.144215699482129e-12, 5.314687578916731e-11, -8.930020640928755e-12, -7.20754608237804e-13, 0.9996416673109121, -0.026768208305002084, -0.1400000000078534, -5.3185352172510854e-11, 0.026768208305001904, 0.9996416673109119, 1.0414911294498452e-10, 0.0, 0.0, 0.0, 1.0]}, {"left_foot_pose": [1.0000000000000004, 1.2165690375628237e-12, 7.502354293364987e-11, -1.3395220936837315e-11, -4.3140834726104225e-13, 0.9999452905958043, -0.010460201492967952, 9.423288538368269e-12, -7.50324312217405e-11, 0.010460201492967681, 0.9999452905958042, 1.6724661933142926e-10, 0.0, 0.0, 0.0, 1.0], "right_foot_pose": [1.0, 3.763911817550391e-12, 7.537120927381122e-11, -1.2809910367630228e-11, -1.253332448969464e-12, 0.9994460251932097, -0.03328126688534944, -0.1400000000095028, -7.545486146550575e-11, 0.03328126688534925, 0.9994460251932096, 1.488851611441966e-10, 0.0, 0.0, 0.0, 1.0]}, {"left_foot_pose": [1.0000000000000004, 2.7947918865072237e-12, 1.0135214889572805e-10, -1.802133690178346e-11, -9.598974805892509e-13, 0.9998362474692034, -0.018096360040147717, 1.469768577677666e-11, -1.0138621845707758e-10, 0.018096360040147447, 0.9998362474692035, 2.2704524371697232e-10, 0.0, 0.0, 0.0, 1.0], "right_foot_pose": [0.9999999999999998, 6.250488888810864e-12, 1.0205103428972958e-10, -1.752096298851223e-11, -2.0678831000654814e-12, 0.999161867426511, -0.0409336375218121, -0.14000000001064833, -1.0222137313021996e-10, 0.040933637521811915, 0.999161867426511, 2.0270304185165955e-10, 0.0, 0.0, 0.0, 1.0]}, {"left_foot_pose": [1.0000000000000004, 5.4082014944944365e-12, 1.329401033700605e-10, -2.355992129708229e-11, -1.830207698985773e-12, 0.9996382078885345, -0.026897087749413517, 2.1910187206208853e-11, -1.3303770077378626e-10, 0.02689708774941325, 0.9996382078885347, 3.002550499897616e-10, 0.0, 0.0, 0.0, 1.0], "right_foot_pose": [0.9999999999999998, 9.972302399534746e-12, 1.3419504396594556e-10, -2.325968669779085e-11, -3.2824965987160524e-12, 0.9987612527114377, -0.04975902010972026, -0.1400000000109611, -1.345249992699046e-10, 0.049759020109720074, 0.9987612527114378, 2.6768009336874954e-10, 0.0, 0.0, 0.0, 1.0]}, {"left_foot_pose": [1.0000000000000007, 9.51022470406776e-12, 1.7102480542874317e-10, -3.022870845684527e-11, -3.1896238286676163e-12, 0.9993183223462844, -0.036917348537078294, 3.1687050552897666e-11, -1.7125935974234084e-10, 0.03691734853707801, 0.9993183223462849, 3.9074653235271484e-10, 0.0, 0.0, 0.0, 1.0], "right_foot_pose": [1.0, 1.544323820452453e-11, 1.7312701272587098e-10, -3.0286660722404795e-11, -5.0599217997891375e-12, 0.9982094732408767, -0.059815111235972704, -0.14000000000997112, -1.7374102807725716e-10, 0.059815111235972517, 0.9982094732408765, 3.466308559629816e-10, 0.0, 0.0, 0.0, 1.0]}, {"left_foot_pose": [1.0000000000000007, 1.571562646625051e-11, 2.1691837215342934e-10, -3.8264538337641266e-11, -5.235145906506872e-12, 0.9988362843902548, -0.048229420331067384, 4.477155451931836e-11, -2.174242074550937e-10, 0.0482294203310671, 0.9988362843902552, 5.032066152654835e-10, 0.0, 0.0, 0.0, 1.0], "right_foot_pose": [0.9999999999999998, 2.335279092625362e-11, 2.20277629470189e-10, -3.889270231844507e-11, -7.614703059058583e-12, 0.9974636644415897, -0.07117751132735559, -0.14000000000700474, -2.2138119397472396e-10, 0.07117751132735542, 0.9974636644415896, 4.4275836469376273e-10, 0.0, 0.0, 0.0, 1.0]}, {"left_foot_pose": [1.0000000000000007, 2.477619107278054e-11, 2.7135477198569855e-10, -4.7818537615589096e-11, -8.202228277116916e-12, 0.9981433974375189, -0.06090778400079939, 6.182765063811324e-11, -2.7236030301074803e-10, 0.06090778400079911, 0.9981433974375193, 6.419701367721409e-10, 0.0, 0.0, 0.0, 1.0], "right_foot_pose": [0.9999999999999998, 3.4523805685740806e-11, 2.7652286016532897e-10, -4.928394020061434e-11, -1.1194858111337861e-11, 0.9964721042522005, -0.083924641477887, -0.14000000000116047, -2.784448634313731e-10, 0.08392464147788686, 0.9964721042522003, 5.584510909262264e-10, 0.0, 0.0, 0.0, 1.0]}, {"left_foot_pose": [1.0000000000000004, 3.732449741749845e-11, 3.326104391909717e-10, -5.864537414302252e-11, -1.2275675355275763e-11, 0.9971840789425104, -0.07499275100686713, 8.276873630919113e-11, -3.344731436985448e-10, 0.07499275100686682, 0.9971840789425109, 8.068447576725646e-10, 0.0, 0.0, 0.0, 1.0], "right_foot_pose": [1.0, 4.9589906712819045e-11, 3.4025393613745765e-10, -6.123259531591081e-11, -1.597133801760097e-11, 0.9951764478890003, -0.09810115986588526, -0.13999999999147691, -3.4347769935139153e-10, 0.09810115986588508, 0.9951764478890003, 6.91530915863936e-10, 0.0, 0.0, 0.0, 1.0]}, {"left_foot_pose": [1.0000000000000004, 5.286157075845026e-11, 3.9145658936590073e-10, -6.924584898235082e-11, -1.7256164434225082e-11, 0.9959053255143586, -0.09040233742631124, 1.0484770517071862e-10, -3.9463281129466315e-10, 0.0904023374263109, 0.9959053255143585, 9.802439346340286e-10, 0.0, 0.0, 0.0, 1.0], "right_foot_pose": [1.0, 6.777605084689197e-11, 4.0213044005810125e-10, -7.310645870013189e-11, -2.1643370517844172e-11, 0.9935232610539002, -0.11362891245111889, -0.1399999999777764, -4.0722749242113675e-10, 0.11362891245111867, 0.9935232610539001, 8.24582263581064e-10, 0.0, 0.0, 0.0, 1.0]}, {"left_foot_pose": [1.0000000000000002, 6.669926479093678e-11, 4.1916803361630054e-10, -7.475318626580848e-11, -2.1585154594069946e-11, 0.9942893050840792, -0.10671821679272894, 1.1813524984638502e-10, -4.238924650579722e-10, 0.10671821679272865, 0.9942893050840789, 1.0925186935684117e-09, 0.0, 0.0, 0.0, 1.0], "right_foot_pose": [0.9999999999999999, 8.328390989099312e-11, 4.324854363524362e-10, -7.949413063831315e-11, -2.631410548255194e-11, 0.9915021881240561, -0.13009001093554073, -0.1399999999633742, -4.396447839457381e-10, 0.13009001093554054, 0.9915021881240561, 8.980818172465987e-10, 0.0, 0.0, 0.0, 1.0]}, {"left_foot_pose": [1.0000000000000004, 6.352026600611513e-11, 3.4792163594587914e-10, -6.320405193005343e-11, -2.0362401092743033e-11, 0.9924481271661694, -0.12266505160135767, 9.88841057647516e-11, -3.5308600045362366e-10, 0.12266505160135738, 0.9924481271661696, 9.541493983800109e-10, 0.0, 0.0, 0.0, 1.0], "right_foot_pose": [0.9999999999999998, 7.779747459839094e-11, 3.6047553830798015e-10, -6.715262299276137e-11, -2.4260640331232123e-11, 0.9892553092322168, -0.14619826659667015, -0.1399999999608077, -3.679761724997766e-10, 0.14619826659667, 0.9892553092322168, 7.624326031629991e-10, 0.0, 0.0, 0.0, 1.0]}, {"left_foot_pose": [1.0000000000000004, 1.3189925785731515e-10, 6.510486039168459e-10, -2.53018476060628e-09, -3.910824519147677e-11, 0.9900785647465103, -0.14051489468910763, -1.3453434571236711e-08, -6.631232067521563e-10, 0.14051489468910738, 0.9900785647465106, 0.0055170796775753095, 0.0, 0.0, 0.0, 1.0], "right_foot_pose": [0.9999999999999998, 5.6122353525904984e-11, 2.3807511517759363e-10, 3.41482841648627e-11, -1.731799539594841e-11, 0.9871240585963929, -0.1599565345341829, -0.1400000002927447, -2.4398693696873183e-10, 0.1599565345341828, 0.9871240585963927, 4.93566930381828e-10, 0.0, 0.0, 0.0, 1.0]}, {"left_foot_pose": [1.0000000000000004, 1.9721717312414221e-10, 8.341239920994746e-10, -4.39543980760806e-09, -5.897418619039449e-11, 0.9866940616973262, -0.16258791040921353, -1.9578553694943324e-08, -8.550904281410327e-10, 0.16258791040921328, 0.986694061697326, 0.018168995756532552, 0.0, 0.0, 0.0, 1.0], "right_foot_pose": [0.9999999999999998, 2.6958115856635087e-11, 1.0724499066583334e-10, 8.634843940233247e-11, -8.312565678404532e-12, 0.985410917151061, -0.1701920220207319, -0.14000000032951554, -1.1026851955032489e-10, 0.1701920220207317, 0.9854109171510608, 4.386436908143665e-10, 0.0, 0.0, 0.0, 1.0]}, {"left_foot_pose": [1.0000000000000002, 1.486990503547116e-10, 5.556708426723817e-10, -3.495799573642609e-09, -4.3816931574266337e-11, 0.9828943106607017, -0.18417050271643678, -1.1931528310499262e-08, -5.735518087862386e-10, 0.1841705027164365, 0.9828943106607015, 0.03163852516056272, 0.0, 0.0, 0.0, 1.0], "right_foot_pose": [0.9999999999999999, 4.8685718586258535e-12, 1.8297141579637332e-11, 5.4870307176104397e-11, -1.5723211220276749e-12, 0.9843909079286939, -0.17599585332422457, -0.1400000001366669, -1.886846234660395e-11, 0.1759958533242244, 0.9843909079286937, 2.180118724437463e-10, 0.0, 0.0, 0.0, 1.0]}, {"left_foot_pose": [1.0000000000000004, 7.128041012161732e-13, 3.8965497495269e-12, -2.915471037276633e-10, 6.309913401871253e-14, 0.9807028754667254, -0.19550414330979693, -4.4784299185751664e-10, -3.9606545406803005e-12, 0.19550414330979665, 0.9807028754667255, 0.039607547457584026, 0.0, 0.0, 0.0, 1.0], "right_foot_pose": [0.9999999999999997, 1.8265537295852227e-12, 6.6871508330734644e-12, 4.241087528348453e-12, -6.162059647569713e-13, 0.9842664034087145, -0.17669082353329435, -0.1399999999814194, -6.90463651461027e-12, 0.17669082353329418, 0.9842664034087145, 1.7417484121651228e-11, 0.0, 0.0, 0.0, 1.0]}, {"left_foot_pose": [1.0000000000000004, 3.660356729432725e-11, 1.3082407379627563e-10, -1.421519110529614e-11, -1.105265377737263e-11, 0.9817458899978956, -0.19019728565949787, 6.044360151280515e-11, -1.3539823509537316e-10, 0.1901972856594976, 0.9817458899978957, 0.04000000021573877, 0.0, 0.0, 0.0, 1.0], "right_foot_pose": [0.9999999999999999, 2.1074592507728842e-11, 8.270872875471003e-11, -1.490591347454817e-11, -6.535222240904274e-12, 0.9850982499199785, -0.17199255217769047, -0.13999999998204293, -8.510091116015216e-11, 0.1719925521776903, 0.9850982499199785, 1.5922994867079154e-10, 0.0, 0.0, 0.0, 1.0]}, {"left_foot_pose": [1.0000000000000007, 9.937393757728457e-11, 3.7868724822587136e-10, -4.219773736620622e-11, -3.034922372601358e-11, 0.9840163329070113, -0.178078231606896, 1.602582927473506e-10, -3.9033109777255117e-10, 0.17807823160689568, 0.9840163329070114, 0.04000000063213385, 0.0, 0.0, 0.0, 1.0], "right_foot_pose": [1.0, 5.7259038597395213e-11, 2.382787855914611e-10, -4.3025440494491184e-11, -1.782740542940924e-11, 0.9867416015071975, -0.16229914311237628, -0.13999999995726953, -2.4441279489599566e-10, 0.1622991431123761, 0.9867416015071971, 4.686849172652607e-10, 0.0, 0.0, 0.0, 1.0]}, {"left_foot_pose": [1.0000000000000002, 3.375629482428147e-10, 1.4537164250150114e-09, -1.5552330641037747e-09, -1.0590261509005168e-10, 0.9876786018675244, -0.15649594056400756, -8.514025227890354e-09, -1.4886321525870275e-09, 0.1564959405640073, 0.9876786018675244, 0.037570006675867136, 0.0, 0.0, 0.0, 1.0], "right_foot_pose": [0.9999999999999998, 1.1002661024667455e-10, 5.044064610437709e-10, -7.888504745961942e-11, -3.451644546790993e-11, 0.9890887542693734, -0.14732086131250935, -0.1400000002725842, -5.151121312510905e-10, 0.14732086131250915, 0.989088754269373, 1.0340119663276859e-09, 0.0, 0.0, 0.0, 1.0]}, {"left_foot_pose": [1.0000000000000002, 4.0664711175191595e-10, 2.2459422654996715e-09, -4.36977682682296e-09, -1.311460460956526e-10, 0.9926124230713252, -0.12132838729857656, -2.187320318272623e-08, -2.2786883580533544e-09, 0.12132838729857626, 0.9926124230713255, 0.02671518669828913, 0.0, 0.0, 0.0, 1.0], "right_foot_pose": [0.9999999999999998, 1.603390577725629e-10, 8.538862394935612e-10, -9.328835475553919e-11, -5.092418730280495e-11, 0.9919505343619861, -0.1266259743455913, -0.1400000007709627, -8.673162171885851e-10, 0.12662597434559109, 0.991950534361986, 1.980718686289684e-09, 0.0, 0.0, 0.0, 1.0]}, {"left_foot_pose": [1.0000000000000004, 2.6364278610538987e-10, 2.0944861955918225e-09, -3.989698244297866e-09, -8.786276145528476e-11, 0.9965089896641556, -0.08348552879705996, -2.1770968416934267e-08, -2.1091848252721605e-09, 0.08348552879705963, 0.9965089896641558, 0.012812779708302094, 0.0, 0.0, 0.0, 1.0], "right_foot_pose": [0.9999999999999998, 1.8454937313126066e-10, 1.233101842856853e-09, -1.3521796001046522e-10, -5.945775329934521e-11, 0.9949184434151646, -0.10068411469713698, -0.14000000095286796, -1.2454171408412672e-09, 0.10068411469713683, 0.9949184434151644, 2.8614825439698954e-09, 0.0, 0.0, 0.0, 1.0]}, {"left_foot_pose": [1.0000000000000007, 1.2919661816784656e-10, 1.7688781550617684e-09, -1.4294356940673e-09, -4.422485498811356e-11, 0.998849598957346, -0.04795287960852654, -9.362157979420083e-09, -1.7730386252790929e-09, 0.04795287960852627, 0.9988495989573465, 0.0021809030328387297, 0.0, 0.0, 0.0, 1.0], "right_foot_pose": [1.0, 1.639507954495712e-10, 1.5643737416581863e-09, -2.403265466421449e-10, -5.3530847255771386e-11, 0.9975241593873074, -0.07032461474225025, -0.14000000059111428, -1.5720304616868462e-09, 0.07032461474225009, 0.9975241593873073, 3.345470282745122e-09, 0.0, 0.0, 0.0, 1.0]}, {"left_foot_pose": [1.0000000000000002, 3.6366797249525474e-11, 1.6786795842271825e-09, -2.8644201694258753e-10, -1.2024461378281028e-11, 0.999894892573382, -0.01449840700441111, 3.2113333693628565e-10, -1.679030658412836e-09, 0.014498407004410841, 0.9998948925733822, 3.4925404512886615e-09, 0.0, 0.0, 0.0, 1.0], "right_foot_pose": [0.9999999999999998, 9.432253958713261e-11, 1.691038475915007e-09, -2.927502948018249e-10, -3.1135124232281704e-11, 0.9993030992738634, -0.037327145372381874, -0.14000000011752473, -1.6933808915016914e-09, 0.03732714537238169, 0.9993030992738634, 3.4450489891368896e-09, 0.0, 0.0, 0.0, 1.0]}, {"left_foot_pose": [1.0000000000000007, -4.2249686833301784e-11, 1.5377366047175668e-09, -2.655169506655071e-10, 1.384488523800156e-11, 0.9998294638859666, 0.01846735350561778, 1.931502145724462e-10, -1.5382547637956345e-09, -0.01846735350561804, 0.9998294638859669, 3.123101076363266e-09, 0.0, 0.0, 0.0, 1.0], "right_foot_pose": [1.0, 9.987992744544538e-12, 1.5352708548910243e-09, -2.625018433111252e-10, -3.3313902494930968e-12, 0.9999906008369552, -0.004335693456105975, -0.1400000002062299, -1.5352997879093715e-09, 0.004335693456105794, 0.9999906008369552, 3.216256719285049e-09, 0.0, 0.0, 0.0, 1.0]}, {"left_foot_pose": [1.0000000000000007, -8.308429975668829e-11, 1.150026629481717e-09, -2.426988394531601e-10, 2.7251903078401842e-11, 0.9988249217336264, 0.048464169484438324, 3.2417286736918793e-10, -1.1527020850915787e-09, -0.048464169484438595, 0.9988249217336265, 2.3307251614812508e-09, 0.0, 0.0, 0.0, 1.0], "right_foot_pose": [0.9999999942897988, -0.00010682952785500995, -2.802457909178447e-06, -4.0892102263535924e-10, 0.0001068662656501478, 0.9996695230912298, 0.025706675828559223, -0.14000533974812635, 5.529972004318507e-08, -0.02570667598125733, 0.9996695287993884, 0.0005096367278255368, 0.0, 0.0, 0.0, 1.0]}, {"left_foot_pose": [1.0000000000000007, -7.969461169433157e-11, 7.225308129577018e-10, -2.5132568304247326e-10, 2.6388590804880352e-11, 0.9972967590361542, 0.07347907468105166, 7.317804591455701e-10, -7.264337590480978e-10, -0.07347907468105194, 0.9972967590361547, 1.7107942354432915e-09, 0.0, 0.0, 0.0, 1.0], "right_foot_pose": [0.9999978720158392, -0.0020599960927991396, -0.00011126495806183945, -2.013327853263617e-09, 0.002062998680976497, 0.9985550591391358, 0.05369858381819129, -0.14010313510569825, 4.853139231166787e-07, -0.05369869908791737, 0.9985571839990086, 0.008780415500270235, 0.0, 0.0, 0.0, 1.0]}, {"left_foot_pose": [1.0000000000000002, -5.100541089248895e-11, 3.5593411551460117e-10, -2.489912100105964e-10, 1.774036806243397e-11, 0.9956810016700708, 0.09284041637824014, 6.409218884784185e-10, -3.591322634430266e-10, -0.09284041637824042, 0.9956810016700708, 1.0824889110083724e-09, 0.0, 0.0, 0.0, 1.0], "right_foot_pose": [0.9999814714629941, -0.0060670141078311935, -0.0004980667825659322, -1.6212943922648418e-09, 0.006087423866168569, 0.996644500651995, 0.08162525706427502, -0.1403043543651625, 1.1739336373071814e-06, -0.08162677661129826, 0.9966629667739596, 0.022328666652995974, 0.0, 0.0, 0.0, 1.0]}, {"left_foot_pose": [1.0000000000000004, -1.766386542997054e-11, 8.665046458133964e-11, -2.0321088141594071e-10, 8.364346887110651e-12, 0.9943476465837231, 0.1061732439619887, 2.761629978517699e-10, -8.803647317722838e-11, -0.10617324396198896, 0.994347646583723, 4.1144856965935617e-10, 0.0, 0.0, 0.0, 1.0], "right_foot_pose": [0.9999319682970405, -0.011597035570413873, -0.0012520158084644763, 3.8036182255056505e-10, 0.01166442342336443, 0.9941730745184988, 0.10716267600538792, -0.14058322167489723, 1.9510401915991706e-06, -0.10716998958856844, 0.9942407119645521, 0.03483626273259897, 0.0, 0.0, 0.0, 1.0]}, {"left_foot_pose": [1.0000000000000002, 2.757998147401733e-12, -5.855033125001803e-11, -6.91596796231081e-11, 3.8838958155369694e-12, 0.993580059761915, 0.11313118422216739, -2.2565124248308255e-11, 5.848625119691198e-11, -0.11313118422216767, 0.9935800597619154, 4.8800560814576954e-11, 0.0, 0.0, 0.0, 1.0], "right_foot_pose": [0.9998329419320062, -0.01814023320674773, -0.0022405728718238507, 1.1287477213756808e-10, 0.018278080350172768, 0.9923093545841948, 0.12242571863546962, -0.14091394985158456, 2.5103337872700436e-06, -0.12244621980242343, 0.9924751499406901, 0.04000000020605638, 0.0, 0.0, 0.0, 1.0]}, {"left_foot_pose": [1.0000000000000002, 4.214357725173034e-13, -6.524070172986287e-11, 5.7814768399108724e-11, 7.00526761414425e-12, 0.993504929301757, 0.11378908318951947, -3.3388959999602896e-11, 6.486469794425721e-11, -0.11378908318951972, 0.9935049293017572, 2.3893824419030096e-11, 0.0, 0.0, 0.0, 1.0], "right_foot_pose": [0.9996770534032057, -0.02521019531276179, -0.0031992110552631807, 6.23655742933854e-11, 0.025412376746780627, 0.9917368485891899, 0.1257467067499636, -0.14127075007019266, 2.676452815047515e-06, -0.12578739683558965, 0.9920572215301707, 0.040000000079011215, 0.0, 0.0, 0.0, 1.0]}, {"left_foot_pose": [1.0000000000000004, -2.1912661170895243e-11, 5.2100324055004854e-11, 1.6055316778640578e-10, 1.613638670308561e-11, 0.9941077915303983, 0.10839602768808125, -4.6260840644296586e-11, -5.416869793189916e-11, -0.10839602768808154, 0.9941077915303983, 2.2234998564574227e-10, 0.0, 0.0, 0.0, 1.0], "right_foot_pose": [0.9994700621024494, -0.032310196410234575, -0.00395552384116556, -2.3930714397948916e-11, 0.032551420164256495, 0.9920727459285612, 0.1213757464696068, -0.14162785361084795, 2.493190819068574e-06, -0.12144018278023277, 0.9925987517623059, 0.0400000002371384, 0.0, 0.0, 0.0, 1.0]}, {"left_foot_pose": [1.0000000000000002, -5.885012078935875e-11, 3.090490641177735e-10, 2.8144503053733346e-10, 2.869107794544145e-11, 0.9953140356217685, 0.09669524545865692, 3.3350061948156373e-10, -3.1329163736294374e-10, -0.09669524545865724, 0.9953140356217686, 9.247941787360325e-10, 0.0, 0.0, 0.0, 1.0], "right_foot_pose": [0.9992321815385095, -0.03896262907345182, -0.004118362960583518, -2.7544142416663538e-09, 0.03917968062804188, 0.9937016750056998, 0.10498539763581786, -0.14195947278754759, 1.9170659999937994e-06, -0.10506614405483239, 0.9944652358779437, 0.03506671189944903, 0.0, 0.0, 0.0, 1.0]}, {"left_foot_pose": [1.0000000000000004, -8.935098747795632e-11, 6.643914862714002e-10, 3.117896057329487e-10, 3.681954121302605e-11, 0.9969022245375938, 0.07865084050407524, 7.59516321363618e-10, -6.693613528536309e-10, -0.07865084050407549, 0.9969022245375941, 1.9255323446820682e-09, 0.0, 0.0, 0.0, 1.0], "right_foot_pose": [0.9989967737111581, -0.04464593343818227, -0.003490951464910095, -2.4245373316986694e-09, 0.04478220755421411, 0.9959587447979477, 0.07785070678592228, -0.14223984005984439, 1.1261658626088773e-06, -0.07792893742333318, 0.9969589162602447, 0.022659682118950628, 0.0, 0.0, 0.0, 1.0]}, {"left_foot_pose": [1.0000000000000002, -1.0139145632106283e-10, 1.0159549312938077e-09, 1.746248874968566e-10, 3.588602449605776e-11, 0.9979325020955566, 0.0642706874189397, 8.360546387142787e-10, -1.0203712080116688e-09, -0.06427068741893995, 0.9979325020955564, 2.585758850093267e-09, 0.0, 0.0, 0.0, 1.0], "right_foot_pose": [0.9988063890490361, -0.04876270098980903, -0.002827752995548376, -1.0904058713899142e-09, 0.048844622984974856, 0.997131823397361, 0.057812884149726435, -0.14244318682047472, 5.301174169337688e-07, -0.05788199858706087, 0.9983234316789754, 0.009063335705235577, 0.0, 0.0, 0.0, 1.0]}, {"left_foot_pose": [1.0000000000000007, -6.634074503715824e-11, 1.397962634541729e-09, -1.4433533387511232e-10, 1.6117405300265492e-11, 0.9993555402076141, 0.0358957414793039, 4.073099080237341e-10, -1.3994434756155735e-09, -0.03589574147930416, 0.9993555402076141, 2.996968791191268e-09, 0.0, 0.0, 0.0, 1.0], "right_foot_pose": [0.9987061579417602, -0.05083356956586387, -0.0013993907246302197, -3.3083842306338984e-10, 0.05085282774048617, 0.9983279786581686, 0.02748157453806765, -0.14254373425571118, 6.438241267842735e-08, -0.02751718069656508, 0.9996213306880304, 0.0005957978834205055, 0.0, 0.0, 0.0, 1.0]}, {"left_foot_pose": [1.0000000000000007, 6.965806499036267e-11, 1.0014738482944084e-09, -1.7444385832053835e-09, -7.419608891456214e-11, 0.9999897286745332, 0.00453238849112811, 1.6893988118160674e-10, -1.0011481541466434e-09, -0.004532388491128379, 0.9999897286745334, 3.189329675357122e-09, 0.0, 0.0, 0.0, 1.0], "right_foot_pose": [0.9986997818585743, -0.05097752825811856, 0.00019320540496855937, -1.796156433330788e-09, 0.05097789438213183, 0.9986926092559881, -0.0037850365692539316, -0.1425500001683364, -1.0013434143108425e-09, 0.0037899644007689916, 0.9999928180591304, 3.1785237983306125e-09, 0.0, 0.0, 0.0, 1.0]}, {"left_foot_pose": [1.0000000000000002, 8.450458285938721e-11, 1.074535016520882e-09, -1.291633604968987e-09, -5.583930649701875e-11, 0.9996448610486732, -0.026648673118550067, 2.602983210919785e-10, -1.0764054760436426e-09, 0.026648673118549807, 0.9996448610486736, 2.995671301297964e-09, 0.0, 0.0, 0.0, 1.0], "right_foot_pose": [0.9986997818587938, -0.05094663105908114, 0.001785076728755195, -1.2995114103721284e-09, 0.050977894377834766, 0.9980873079196771, -0.03497113172967314, -0.14255000009647897, -1.080683188947286e-09, 0.03501666108271435, 0.9993867286724486, 2.826637757191719e-09, 0.0, 0.0, 0.0, 1.0]}, {"left_foot_pose": [0.999999617947463, -0.0008727579534864003, 4.8974321058731374e-05, -6.227810752714453e-05, 0.0008741308216670798, 0.9984599015403134, -0.05547126203193075, -1.5960409764093075e-06, -4.859106542140596e-07, 0.05547128364895754, 0.9984602829808014, 0.0020214383016889104, 0.0, 0.0, 0.0, 1.0], "right_foot_pose": [0.9986997818605861, -0.05087548609033888, 0.0032296480752138424, 3.3699322629296424e-11, 0.050977894342724664, 0.9966935194581951, -0.06327149878435469, -0.14255000046675012, -1.0503780885969216e-09, 0.0633538726922696, 0.9979911256193071, 2.099986094739048e-09, 0.0, 0.0, 0.0, 1.0]}, {"left_foot_pose": [0.9999813333013726, -0.006088325991240022, 0.0005151072062876734, -0.0004353125044886045, 0.0061100773745306905, 0.9964464071347229, -0.08400728934312844, -1.112062127751369e-05, -1.8129618333183834e-06, 0.08400886854926207, 0.9964650069128301, 0.01250028178915416, 0.0, 0.0, 0.0, 1.0], "right_foot_pose": [0.9986997818607701, -0.05078473506477596, 0.004433553388698422, 3.641045282117006e-10, 0.05097789433911457, 0.9949156305145804, -0.08685702301210288, -0.14255000066259332, -6.629522030798464e-10, 0.08697010315145878, 0.9962109220229542, 1.5372704637028889e-09, 0.0, 0.0, 0.0, 1.0]}, {"left_foot_pose": [0.9998847937002107, -0.01508204388637976, 0.0017120979228170679, -0.0010814474579740295, 0.015178910192206085, 0.9935300731391835, -0.11255040849959976, -2.7599817481478023e-05, -3.5305740570944822e-06, 0.11256342976410712, 0.9936445412053937, 0.02639831738151685, 0.0, 0.0, 0.0, 1.0], "right_foot_pose": [0.998699781860393, -0.05069571660721073, 0.005356307467292307, 4.369622606456569e-10, 0.05097789434649882, 0.9931716834768304, -0.10493455783389988, -0.14255000045387708, -2.982600770871675e-10, 0.10507117329448747, 0.9944647045232525, 8.978553317495752e-10, 0.0, 0.0, 0.0, 1.0]}, {"left_foot_pose": [0.9996341406654112, -0.026794078574866598, 0.003696237201477906, -0.0019272195019736818, 0.02704782411001029, 0.990282442579675, -0.13641517191774383, -4.916076250389631e-05, -5.199969065363479e-06, 0.13646523832741228, 0.9906448600286605, 0.03739742750060196, 0.0, 0.0, 0.0, 1.0], "right_foot_pose": [0.9986997818598348, -0.050626469718636165, 0.005975472947491889, 3.1027067189364627e-10, 0.05097789435743886, 0.9918150779494573, -0.11706453535974881, -0.1425500000974303, -1.2685057465750904e-11, 0.11721694295595685, 0.9931063328184248, 2.7750661490966166e-10, 0.0, 0.0, 0.0, 1.0]}, {"left_foot_pose": [0.9991721208528378, -0.04024305671974092, 0.005964000024645729, -0.0028991734147462717, 0.04068258685210602, 0.9883992100794088, -0.14632815396027873, -7.394512376296056e-05, -6.120713754977863e-06, 0.1464496428819606, 0.9892181266345071, 0.04000000005256648, 0.0, 0.0, 0.0, 1.0], "right_foot_pose": [0.9986997818594833, -0.05059022325655885, 0.0062749521649015805, 1.1338112458451899e-10, 0.050977894364324976, 0.9911049787815622, -0.12293158796899589, -0.14254999994887493, 1.483846594190205e-10, 0.12309163393687944, 0.9923953091660347, 3.9483916136617836e-11, 0.0, 0.0, 0.0, 1.0]}, {"left_foot_pose": [0.9984836764314731, -0.054454514628913715, 0.008065589651091548, -0.003923849626327709, 0.055048595452214584, 0.9877246360782539, -0.14618377277529782, -0.00010008003804748422, -6.215209778761939e-06, 0.1464061102570886, 0.9892245704797074, 0.04000000003832305, 0.0, 0.0, 0.0, 1.0], "right_foot_pose": [0.9986997818595482, -0.05059071117532584, 0.006271017179470804, -6.693000472422772e-11, 0.0509778943630517, 0.9911145374941888, -0.1228544987128676, -0.14254999995238923, 1.6952274991758476e-10, 0.12301444431632881, 0.9924048803233209, 3.7752682924274694e-11, 0.0, 0.0, 0.0, 1.0]}, {"left_foot_pose": [0.9976088584256312, -0.06850122530946401, 0.009173206735479346, -0.004927783811993764, 0.06911270188961667, 0.9887926832579336, -0.13233466655829046, -0.0001256875507173287, -5.312891892324124e-06, 0.1326522207378334, 0.9911626447284496, 0.039677502898494414, 0.0, 0.0, 0.0, 1.0], "right_foot_pose": [0.9986997818599596, -0.050656179441956745, 0.005718146309206626, -2.3206980293618423e-10, 0.05097789435499685, 0.992397116603244, -0.11202328884967803, -0.14255000006357668, -8.792486726691417e-11, 0.11216913319586565, 0.9936891292341324, 3.6216488141782577e-10, 0.0, 0.0, 0.0, 1.0]}, {"left_foot_pose": [0.9966450455992438, -0.08135673833631135, 0.008929401422201784, -0.00583751943955475, 0.08184529960989134, 0.9907007761727445, -0.10868909339252751, -0.00014890371407904474, -3.774788586839443e-06, 0.10905527597507282, 0.9940356868683099, 0.03191398390561207, 0.0, 0.0, 0.0, 1.0], "right_foot_pose": [0.9986997818608142, -0.05073077801024256, 0.005013369489431635, -3.1787111712342636e-10, 0.05097789433825289, 0.9938585660785284, -0.09821611334790767, -0.14255000053590108, -3.687068490016051e-10, 0.09834398199588311, 0.9951524813842315, 1.1779340280959616e-09, 0.0, 0.0, 0.0, 1.0]}, {"left_foot_pose": [0.9957385205711552, -0.09194095686179228, 0.00718742666785827, -0.006579586832161568, 0.0922214652161449, 0.9927115230167147, -0.07758242986155482, -0.00016783623122567683, -2.038436886452076e-06, 0.0779146489511032, 0.9969600330377703, 0.018501294945427953, 0.0, 0.0, 0.0, 1.0], "right_foot_pose": [0.9986997818614772, -0.05082084301577461, 0.003998452826229992, -3.177795563583802e-10, 0.05097789432526219, 0.9956230158885082, -0.07833303596334007, -0.14255000088891856, -7.38097235052812e-10, 0.07843501863477491, 0.9969192283488985, 2.1145723921867088e-09, 0.0, 0.0, 0.0, 1.0]}, {"left_foot_pose": [0.9950654781492179, -0.09911450405734315, 0.0045835882381058575, -0.007080523542593255, 0.09922043234741636, 0.9940034568876696, -0.04596121734849514, -0.00018060630234686265, -6.792902593580866e-07, 0.04618920632388754, 0.9989327090543729, 0.005757558746504271, 0.0, 0.0, 0.0, 1.0], "right_foot_pose": [0.998699781861482, -0.050905941574007144, 0.0027075491300941625, -2.956812375238399e-10, 0.05097789432516909, 0.997290168195496, -0.05304314009154081, -0.14255000082289548, -1.1369473327473255e-09, 0.0531121975921038, 0.9985885511395257, 2.78827100297363e-09, 0.0, 0.0, 0.0, 1.0]}, {"left_foot_pose": [0.994802547006294, -0.10181089653832309, 0.001560069182506911, -0.007266872161543797, 0.10182284846630144, 0.9946857782059427, -0.015241724477493678, -0.00018534537889791647, -4.995013527362188e-09, 0.015321357018945965, 0.9998826211206489, 9.271250609177439e-07, 0.0, 0.0, 0.0, 1.0], "right_foot_pose": [0.9986997818604434, -0.0509636838870797, 0.0012035931872873258, -2.381024334944734e-10, 0.05097789434551683, 0.9984213877027547, -0.023579373736438928, -0.1425500001634101, -1.4309220310606774e-09, 0.023610072053323772, 0.9997212433961963, 2.9584787536451884e-09, 0.0, 0.0, 0.0, 1.0]}, {"left_foot_pose": [0.9948025085702557, -0.1018100704303614, -0.0016366127496601902, -0.0072668972528382525, 0.10182322398317369, 0.994673999520233, 0.01598955084098941, -0.0001853460148333718, -1.1479010460589018e-09, -0.016073090474110523, 0.9998708195375101, 3.11233926825194e-09, 0.0, 0.0, 0.0, 1.0], "right_foot_pose": [0.9986997818556149, -0.050976365874128945, -0.000394770583486389, 1.5751621440561817e-09, 0.05097789444010655, 0.9986698357911387, 0.007733909706812103, -0.1425499999387581, -1.1370666302670283e-09, -0.007743978510217483, 0.9999700149488648, 3.156889902267146e-09, 0.0, 0.0, 0.0, 1.0]}, {"left_foot_pose": [0.9948025085675931, -0.10171371908795511, -0.004721048286305861, -0.007266898677401571, 0.1018232240091873, 0.99373265609465, 0.04612417222506499, -0.00018534602656376277, -1.2437630561983232e-09, -0.04636515459231329, 0.9989245579319954, 2.512908339746822e-09, 0.0, 0.0, 0.0, 1.0], "right_foot_pose": [0.99869978185753, -0.05094118562269735, -0.0019342505203098534, 1.9175269748775148e-10, 0.050977894402588174, 0.9979806251011836, 0.03789361694176418, -0.14255000022360745, -1.231184649067422e-09, -0.037942950992305394, 0.9992799069680103, 2.709959749658264e-09, 0.0, 0.0, 0.0, 1.0]}, {"left_foot_pose": [0.9948025085661167, -0.1015543015229971, -0.007395457574665468, -0.007266899179251746, 0.10182322402361135, 0.9921751625809683, 0.07225287403880774, -0.0001853455020493222, -8.345361109644314e-10, -0.07263036967830012, 0.9973589270670787, 1.8563760875722757e-09, 0.0, 0.0, 0.0, 1.0], "right_foot_pose": [0.9985981939603419, -0.05281628365999564, -0.003476664995409546, 0.00013894136287915843, 0.052930586794745264, 0.9964427734183787, 0.06557554638623722, -0.1425393388260098, 8.410511776493308e-07, -0.06566764410755507, 0.9978415508068682, 0.004375576540905042, 0.0, 0.0, 0.0, 1.0]}, {"left_foot_pose": [0.994802508566701, -0.10137389619746497, -0.009555214238572802, -0.007266899238196294, 0.10182322401790017, 0.9904126212032637, 0.09335347241469717, -0.00018534539612816148, -4.420568850648248e-10, -0.09384121126150656, 0.99558717703121, 1.3194410147798763e-09, 0.0, 0.0, 0.0, 1.0], "right_foot_pose": [0.9982348052719624, -0.05912919042058992, -0.005568876354570486, 0.0005987224435278976, 0.05939085399510079, 0.9938404536160176, 0.09356216766429094, -0.14250408950195956, 2.319374372668645e-06, -0.09372775254167746, 0.9955978648019022, 0.016515926224570814, 0.0, 0.0, 0.0, 1.0]}, {"left_foot_pose": [0.9948025085678547, -0.10121035910443446, -0.011154916272923084, -0.007266899205144446, 0.10182322400663107, 0.988814880881564, 0.10898239490887912, -0.00018534568100406386, -1.1913490856730266e-10, -0.10955178938351878, 0.9939810890770863, 6.760911691605642e-10, 0.0, 0.0, 0.0, 1.0], "right_foot_pose": [0.9975909529742186, -0.06886036499768472, -0.008398849705510674, 0.0013093482453209887, 0.06937067483750936, 0.9902595013310396, 0.12072211684769585, -0.14244962476718007, 4.0716917078498654e-06, -0.1210139254630882, 0.9926508096140533, 0.03021719708211202, 0.0, 0.0, 0.0, 1.0]}, {"left_foot_pose": [0.9948025085688271, -0.10109498376797316, -0.012156200151471177, -0.007266899045104299, 0.10182322399712875, 0.9876876759529262, 0.11876483412836665, -0.00018534606285613466, 9.761172484962701e-11, -0.1193853384116372, 0.9928479948976782, 1.3716996982715557e-10, 0.0, 0.0, 0.0, 1.0], "right_foot_pose": [0.9966459411770191, -0.08101520857309145, -0.011550061265259112, 0.0021975478660717918, 0.08183439316278722, 0.9866788495865454, 0.14059864819495663, -0.14238155633680244, 5.572353250843645e-06, -0.14107226431311495, 0.9899993011161771, 0.03916126935027803, 0.0, 0.0, 0.0, 1.0]}, {"left_foot_pose": [0.9948025085696205, -0.10108258468657642, -0.012258875016572747, -0.00726689882340324, 0.10182322398937736, 0.9875665382447764, 0.11976795729926548, -0.00018534611736331294, 7.645075290238736e-11, -0.12039370254423895, 0.9927262242872856, 5.258717072909036e-12, 0.0, 0.0, 0.0, 1.0], "right_foot_pose": [0.9954057552870746, -0.09476117004528409, -0.013700474189501342, 0.003190048481639624, 0.09574644800080331, 0.9851715784883366, 0.14237127039550035, -0.14230548390658543, 6.049619798717441e-06, -0.1430289536787851, 0.9897185046127784, 0.04000000000155148, 0.0, 0.0, 0.0, 1.0]}, {"left_foot_pose": [0.9948025085688614, -0.10112298746300859, -0.011921004641282984, -0.007266898709736524, 0.10182322399679429, 0.9879612690862737, 0.11646699893248247, -0.00018534611783699913, 1.2814153299784256e-12, -0.11707549782937687, 0.9931230174595717, 1.2601406723655728e-10, 0.0, 0.0, 0.0, 1.0], "right_foot_pose": [0.9939234115881425, -0.1090085520041766, -0.015277024806567967, 0.004213581180479881, 0.11007384731599942, 0.98431156906495, 0.13789301339063723, -0.14222703059988961, 5.83453679118998e-06, -0.1387366951993927, 0.9903293035001585, 0.04000000016157052, 0.0, 0.0, 0.0, 1.0]}, {"left_foot_pose": [0.994802508567599, -0.10123134467256154, -0.01096283737897907, -0.007266898622976526, 0.10182322400912748, 0.9890199076255373, 0.1071058045708164, -0.00018534591706080485, -2.0706866109393505e-10, -0.10766539451541488, 0.9941871870145186, 5.869849398210114e-10, 0.0, 0.0, 0.0, 1.0], "right_foot_pose": [0.9923086196889576, -0.1228120480255178, -0.015517865535361466, 0.005194874838453044, 0.12378854255305857, 0.9844858009675145, 0.1243547523255199, -0.14215180969451413, 4.856466083179363e-06, -0.12531922659005576, 0.9921164706944868, 0.038353475164098164, 0.0, 0.0, 0.0, 1.0]}, {"left_foot_pose": [0.9948025085664111, -0.10139288388855239, -0.009351579906045508, -0.007266898603683108, 0.1018232240207345, 0.9905981289043535, 0.09136398667537457, -0.0001853454451033569, -5.353435767707421e-10, -0.09184133115301207, 0.9957736539455356, 1.5425776558886106e-09, 0.0, 0.0, 0.0, 1.0], "right_foot_pose": [0.99072676771664, -0.13521036772209982, -0.013365185752282072, 0.006060659369635384, 0.13586931853652431, 0.9859241620796421, 0.09743241199917105, -0.14208543560789502, 3.187309398249935e-06, -0.09834481729105152, 0.9951523988323753, 0.028272574085487105, 0.0, 0.0, 0.0, 1.0]}, {"left_foot_pose": [0.9948025085661966, -0.10157348219247209, -0.007127177961766031, -0.007266898698963488, 0.10182322402282883, 0.9923625557302231, 0.06963181050480821, -0.00018534518487627223, -9.270577971515296e-10, -0.06999561200444096, 0.9975472992796505, 2.4677457785560186e-09, 0.0, 0.0, 0.0, 1.0], "right_foot_pose": [0.989387349670164, -0.1449790121854573, -0.009682888947922484, 0.0067376663146731285, 0.14530200380685981, 0.9871887463692286, 0.0659219745734451, -0.14203354145532604, 1.5362467589635233e-06, -0.0666293108750174, 0.997777798374949, 0.01440077649587597, 0.0, 0.0, 0.0, 1.0]}, {"left_foot_pose": [0.9948025085677179, -0.10172931212272592, -0.0043721850845769164, -0.0072668989276550655, 0.10182322400796813, 0.9938849984852774, 0.04271581485286001, -0.00018534541466021758, -1.2955812383485065e-09, -0.04293898975241074, 0.9990776962574252, 2.979140552306081e-09, 0.0, 0.0, 0.0, 1.0], "right_foot_pose": [0.9885219791798782, -0.15098348179628518, -0.0053183552877540275, 0.007152625104127098, 0.1510771216238728, 0.9879093663294233, 0.034796368207658676, -0.14200174435399274, 3.761763817995577e-07, -0.03520045657755371, 0.9993802718968341, 0.003056200557717173, 0.0, 0.0, 0.0, 1.0]}, {"left_foot_pose": [0.994802508574424, -0.10181531455590727, -0.0012691161946965916, -0.007266899886218385, 0.10182322394244868, 0.9947252345168958, 0.01239914840920121, -0.00018534603149399087, -1.2911097881655622e-09, -0.012463929444161756, 0.9999223222144871, 3.0436637168951286e-09, 0.0, 0.0, 0.0, 1.0], "right_foot_pose": [0.9883183147439505, -0.15240234054302298, -0.0006598020050951642, 0.007248000711281894, 0.1524037687909242, 0.988309052708325, 0.0042787373249250395, -0.14199444406009282, -1.2882568227708559e-09, -0.004329310774434449, 0.9999906284901965, 3.0358210112435557e-09, 0.0, 0.0, 0.0, 1.0]}, {"left_foot_pose": [0.9948025085780575, -0.1018056801783448, 0.0018900820693770342, -0.007266900660863357, 0.10182322390694798, 0.9946311082869996, -0.018465901033280007, -0.00018534610369668088, -8.08619041657399e-10, 0.01856237892081351, 0.9998277042014794, 3.029754815087049e-09, 0.0, 0.0, 0.0, 1.0], "right_foot_pose": [0.9883183147436365, -0.1523492507573669, 0.004076093223556714, 0.007247999947096337, 0.1524037687929606, 0.9879647726251262, -0.026432920941210015, -0.1419944439597953, -8.140880266050646e-10, 0.026745351847589784, 0.9996422790951515, 2.9024203804239868e-09, 0.0, 0.0, 0.0, 1.0]}, {"left_foot_pose": [0.9947950444573204, -0.10178063153530258, 0.004850006951958711, -0.007272078902111309, 0.1018961212369928, 0.993667595134089, -0.047348609877095826, -0.00018601206874734738, -1.2332872714363762e-07, 0.04759635936405458, 0.9988666510477131, 0.0001767798334028417, 0.0, 0.0, 0.0, 1.0], "right_foot_pose": [0.9883183147486904, -0.15216592957434882, 0.008511087420683894, 0.007248001616804863, 0.15240376876018585, 0.9867759594512241, -0.05519327057538757, -0.14199444390950716, -1.1321663517368705e-09, 0.055845641959695005, 0.9984394144233838, 2.2475486541329026e-09, 0.0, 0.0, 0.0, 1.0]}, {"left_foot_pose": [0.9944472871913922, -0.10493688224494215, 0.007927404518071241, -0.00750944095566