{"LoopMode": "Wrap", "FrameDuration": 0.0167, "EnableCycleOffsetPosition": true, "EnableCycleOffsetRotation": false, "Debug_info": [{"left_foot_pose": [1.0000000000000007, -1.0658006258607588e-13, 9.142298029729549e-12, -1.722971572819902e-12, 2.7245352964101267e-14, 0.9999620375649145, 0.008713405133775453, 1.0063824773531849e-13, -9.143051227951343e-12, -0.00871340513377572, 0.9999620375649145, 2.138260402073655e-11, 0.0, 0.0, 0.0, 1.0], "right_foot_pose": [0.9999999999999998, 2.0330993004855253e-13, 9.115097565626227e-12, -1.4263834224087668e-12, -7.482640223092434e-14, 0.9999007561195519, -0.014088218891978622, -0.14000000000225418, -9.11728671130482e-12, 0.014088218891978437, 0.9999007561195519, 1.646403846589095e-11, 0.0, 0.0, 0.0, 1.0]}, {"left_foot_pose": [1.0000000000000007, -1.499402566464662e-13, 2.0025481273222574e-11, -3.673529773327129e-12, 3.7084552872631565e-14, 0.9999840273199926, 0.005652000078677357, 1.1308575603719007e-12, -2.0026203881862947e-11, -0.005652000078677626, 0.9999840273199928, 4.535542080796873e-11, 0.0, 0.0, 0.0, 1.0], "right_foot_pose": [1.0, 5.283245331858379e-13, 2.0006163392594086e-11, -3.247816324708134e-12, -1.8508230377158995e-13, 0.9998529161651509, -0.017150686168299432, -0.1400000000040077, -2.0012318406275323e-11, 0.017150686168299248, 0.999852916165151, 3.7861956625473425e-11, 0.0, 0.0, 0.0, 1.0]}, {"left_foot_pose": [1.0000000000000007, -4.706668135872106e-14, 3.472994114517292e-11, -6.285663234849384e-12, -1.8863759756780958e-15, 0.9999989931392242, 0.0014190562140248466, 2.9221538383472634e-12, -3.473023288014902e-11, -0.0014190562140251166, 0.9999989931392244, 7.765300902295991e-11, 0.0, 0.0, 0.0, 1.0], "right_foot_pose": [0.9999999999999998, 1.1288810181796999e-12, 3.475775223193977e-11, -5.758099853849767e-12, -3.852344639053992e-13, 0.9997712852838804, -0.021386377014773306, -0.14000000000594884, -3.477391197974704e-11, 0.021386377014773125, 0.9997712852838803, 6.725757450976033e-11, 0.0, 0.0, 0.0, 1.0]}, {"left_foot_pose": [1.0000000000000007, 3.4820169940840056e-13, 5.300815342224042e-11, -9.516705140848949e-12, -1.3810599902016576e-13, 0.999992170461619, -0.003957147389334504, 5.611146963735436e-12, -5.3009446150024684e-11, 0.003957147389334231, 0.9999921704616193, 1.1803875932248076e-10, 0.0, 0.0, 0.0, 1.0], "right_foot_pose": [0.9999999999999998, 2.144215699482129e-12, 5.314687578916731e-11, -8.930020640928755e-12, -7.20754608237804e-13, 0.9996416673109121, -0.026768208305002084, -0.1400000000078534, -5.3185352172510854e-11, 0.026768208305001904, 0.9996416673109119, 1.0414911294498452e-10, 0.0, 0.0, 0.0, 1.0]}, {"left_foot_pose": [1.0000000000000004, 1.2165690375628237e-12, 7.502354293364987e-11, -1.3395220936837315e-11, -4.3140834726104225e-13, 0.9999452905958043, -0.010460201492967952, 9.423288538368269e-12, -7.50324312217405e-11, 0.010460201492967681, 0.9999452905958042, 1.6724661933142926e-10, 0.0, 0.0, 0.0, 1.0], "right_foot_pose": [1.0, 3.763911817550391e-12, 7.537120927381122e-11, -1.2809910367630228e-11, -1.253332448969464e-12, 0.9994460251932097, -0.03328126688534944, -0.1400000000095028, -7.545486146550575e-11, 0.03328126688534925, 0.9994460251932096, 1.488851611441966e-10, 0.0, 0.0, 0.0, 1.0]}, {"left_foot_pose": [1.0000000000000004, 2.7947918865072237e-12, 1.0135214889572805e-10, -1.802133690178346e-11, -9.598974805892509e-13, 0.9998362474692034, -0.018096360040147717, 1.469768577677666e-11, -1.0138621845707758e-10, 0.018096360040147447, 0.9998362474692035, 2.2704524371697232e-10, 0.0, 0.0, 0.0, 1.0], "right_foot_pose": [0.9999999999999998, 6.250488888810864e-12, 1.0205103428972958e-10, -1.752096298851223e-11, -2.0678831000654814e-12, 0.999161867426511, -0.0409336375218121, -0.14000000001064833, -1.0222137313021996e-10, 0.040933637521811915, 0.999161867426511, 2.0270304185165955e-10, 0.0, 0.0, 0.0, 1.0]}, {"left_foot_pose": [1.0000000000000004, 5.4082014944944365e-12, 1.329401033700605e-10, -2.355992129708229e-11, -1.830207698985773e-12, 0.9996382078885345, -0.026897087749413517, 2.1910187206208853e-11, -1.3303770077378626e-10, 0.02689708774941325, 0.9996382078885347, 3.002550499897616e-10, 0.0, 0.0, 0.0, 1.0], "right_foot_pose": [0.9999999999999998, 9.972302399534746e-12, 1.3419504396594556e-10, -2.325968669779085e-11, -3.2824965987160524e-12, 0.9987612527114377, -0.04975902010972026, -0.1400000000109611, -1.345249992699046e-10, 0.049759020109720074, 0.9987612527114378, 2.6768009336874954e-10, 0.0, 0.0, 0.0, 1.0]}, {"left_foot_pose": [1.0000000000000007, 9.51022470406776e-12, 1.7102480542874317e-10, -3.022870845684527e-11, -3.1896238286676163e-12, 0.9993183223462844, -0.036917348537078294, 3.1687050552897666e-11, -1.7125935974234084e-10, 0.03691734853707801, 0.9993183223462849, 3.9074653235271484e-10, 0.0, 0.0, 0.0, 1.0], "right_foot_pose": [1.0, 1.544323820452453e-11, 1.7312701272587098e-10, -3.0286660722404795e-11, -5.0599217997891375e-12, 0.9982094732408767, -0.059815111235972704, -0.14000000000997112, -1.7374102807725716e-10, 0.059815111235972517, 0.9982094732408765, 3.466308559629816e-10, 0.0, 0.0, 0.0, 1.0]}, {"left_foot_pose": [1.0000000000000007, 1.571562646625051e-11, 2.1691837215342934e-10, -3.8264538337641266e-11, -5.235145906506872e-12, 0.9988362843902548, -0.048229420331067384, 4.477155451931836e-11, -2.174242074550937e-10, 0.0482294203310671, 0.9988362843902552, 5.032066152654835e-10, 0.0, 0.0, 0.0, 1.0], "right_foot_pose": [0.9999999999999998, 2.335279092625362e-11, 2.20277629470189e-10, -3.889270231844507e-11, -7.614703059058583e-12, 0.9974636644415897, -0.07117751132735559, -0.14000000000700474, -2.2138119397472396e-10, 0.07117751132735542, 0.9974636644415896, 4.4275836469376273e-10, 0.0, 0.0, 0.0, 1.0]}, {"left_foot_pose": [1.0000000000000007, 2.477619107278054e-11, 2.7135477198569855e-10, -4.7818537615589096e-11, -8.202228277116916e-12, 0.9981433974375189, -0.06090778400079939, 6.182765063811324e-11, -2.7236030301074803e-10, 0.06090778400079911, 0.9981433974375193, 6.419701367721409e-10, 0.0, 0.0, 0.0, 1.0], "right_foot_pose": [0.9999999999999998, 3.4523805685740806e-11, 2.7652286016532897e-10, -4.928394020061434e-11, -1.1194858111337861e-11, 0.9964721042522005, -0.083924641477887, -0.14000000000116047, -2.784448634313731e-10, 0.08392464147788686, 0.9964721042522003, 5.584510909262264e-10, 0.0, 0.0, 0.0, 1.0]}, {"left_foot_pose": [1.0000000000000004, 3.732449741749845e-11, 3.326104391909717e-10, -5.864537414302252e-11, -1.2275675355275763e-11, 0.9971840789425104, -0.07499275100686713, 8.276873630919113e-11, -3.344731436985448e-10, 0.07499275100686682, 0.9971840789425109, 8.068447576725646e-10, 0.0, 0.0, 0.0, 1.0], "right_foot_pose": [1.0, 4.9589906712819045e-11, 3.4025393613745765e-10, -6.123259531591081e-11, -1.597133801760097e-11, 0.9951764478890003, -0.09810115986588526, -0.13999999999147691, -3.4347769935139153e-10, 0.09810115986588508, 0.9951764478890003, 6.91530915863936e-10, 0.0, 0.0, 0.0, 1.0]}, {"left_foot_pose": [1.0000000000000004, 5.286157075845026e-11, 3.9145658936590073e-10, -6.924584898235082e-11, -1.7256164434225082e-11, 0.9959053255143586, -0.09040233742631124, 1.0484770517071862e-10, -3.9463281129466315e-10, 0.0904023374263109, 0.9959053255143585, 9.802439346340286e-10, 0.0, 0.0, 0.0, 1.0], "right_foot_pose": [1.0, 6.777605084689197e-11, 4.0213044005810125e-10, -7.310645870013189e-11, -2.1643370517844172e-11, 0.9935232610539002, -0.11362891245111889, -0.1399999999777764, -4.0722749242113675e-10, 0.11362891245111867, 0.9935232610539001, 8.24582263581064e-10, 0.0, 0.0, 0.0, 1.0]}, {"left_foot_pose": [1.0000000000000002, 6.669926479093678e-11, 4.1916803361630054e-10, -7.475318626580848e-11, -2.1585154594069946e-11, 0.9942893050840792, -0.10671821679272894, 1.1813524984638502e-10, -4.238924650579722e-10, 0.10671821679272865, 0.9942893050840789, 1.0925186935684117e-09, 0.0, 0.0, 0.0, 1.0], "right_foot_pose": [0.9999999999999999, 8.328390989099312e-11, 4.324854363524362e-10, -7.949413063831315e-11, -2.631410548255194e-11, 0.9915021881240561, -0.13009001093554073, -0.1399999999633742, -4.396447839457381e-10, 0.13009001093554054, 0.9915021881240561, 8.980818172465987e-10, 0.0, 0.0, 0.0, 1.0]}, {"left_foot_pose": [1.0000000000000004, 6.352026600611513e-11, 3.4792163594587914e-10, -6.320405193005343e-11, -2.0362401092743033e-11, 0.9924481271661694, -0.12266505160135767, 9.88841057647516e-11, -3.5308600045362366e-10, 0.12266505160135738, 0.9924481271661696, 9.541493983800109e-10, 0.0, 0.0, 0.0, 1.0], "right_foot_pose": [0.9999999999999998, 7.779747459839094e-11, 3.6047553830798015e-10, -6.715262299276137e-11, -2.4260640331232123e-11, 0.9892553092322168, -0.14619826659667015, -0.1399999999608077, -3.679761724997766e-10, 0.14619826659667, 0.9892553092322168, 7.624326031629991e-10, 0.0, 0.0, 0.0, 1.0]}, {"left_foot_pose": [1.0000000000000004, 1.047758718539193e-10, 5.214956244614636e-10, -1.4524525068643385e-09, -3.104963016743827e-11, 0.9902344780430485, -0.13941190227097625, -8.479297979036016e-09, -5.31010064023096e-10, 0.13941190227097597, 0.9902344780430486, 0.0041378031931324916, 0.0, 0.0, 0.0, 1.0], "right_foot_pose": [1.0, 5.657683038464686e-11, 2.4010321508782764e-10, 4.7084496759390326e-12, -1.7446080960718855e-11, 0.9871265542278881, -0.1599411327275656, -0.1400000002032543, -2.4606122231211807e-10, 0.1599411327275654, 0.9871265542278879, 4.454953073107504e-10, 0.0, 0.0, 0.0, 1.0]}, {"left_foot_pose": [1.0000000000000002, 1.3226438915574065e-10, 5.767126776134976e-10, -2.3181035313536185e-09, -3.9225269528085124e-11, 0.9873703043931937, -0.1584294227802806, -1.238854491214525e-08, -5.903837686895786e-10, 0.15842942278028035, 0.9873703043931937, 0.013626743125214898, 0.0, 0.0, 0.0, 1.0], "right_foot_pose": [0.9999999999999998, 3.0133763721757876e-11, 1.2001449833931572e-10, 5.6021965983222116e-11, -9.240129334163847e-12, 0.9853716143001165, -0.17041942885593434, -0.14000000023712325, -1.2339429549927503e-10, 0.17041942885593414, 0.9853716143001164, 3.1264660305119207e-10, 0.0, 0.0, 0.0, 1.0]}, {"left_foot_pose": [1.0000000000000004, 8.996906053678984e-11, 3.538413451131801e-10, -1.4757050830731038e-09, -2.6287657242890128e-11, 0.9843898866133137, -0.1760015657130027, -7.479488785266941e-09, -3.641526147134629e-10, 0.1760015657130024, 0.9843898866133138, 0.023728893402286393, 0.0, 0.0, 0.0, 1.0], "right_foot_pose": [1.0, 8.449933931994696e-12, 3.225669731321541e-11, 5.0278165090699863e-11, -2.6073106323496307e-12, 0.9842122876227464, -0.17699201364016579, -0.14000000011383326, -3.3243120424683145e-11, 0.17699201364016556, 0.9842122876227466, 1.33663330403877e-10, 0.0, 0.0, 0.0, 1.0]}, {"left_foot_pose": [1.0000000000000007, 2.2758185544472165e-12, 1.0382361637084574e-11, -1.240077946080755e-11, -3.102343304478576e-13, 0.9826475246689391, -0.1854827276648902, -3.88726724420696e-10, -1.0624479801991679e-11, 0.18548272766488988, 0.982647524668939, 0.029705660558246333, 0.0, 0.0, 0.0, 1.0], "right_foot_pose": [0.9999999999999998, 6.262483604850567e-14, 1.4560574967958895e-13, 1.2425805689492777e-11, -3.548091146057371e-14, 0.9838222507573783, -0.1791473664743265, -0.13999999999795573, -1.5467780027923247e-13, 0.1791473664743263, 0.9838222507573777, -3.2400332417026334e-12, 0.0, 0.0, 0.0, 1.0]}, {"left_foot_pose": [1.0000000000000004, 1.2907823537517993e-11, 4.8684500875139976e-11, 1.157108450578439e-11, -3.78445880867447e-12, 0.9831283819002418, -0.18291687921625294, 2.461939679898606e-11, -5.022432886035662e-11, 0.18291687921625266, 0.9831283819002418, 0.03000000009004828, 0.0, 0.0, 0.0, 1.0], "right_foot_pose": [0.9999999999999998, 9.273117190122167e-12, 3.5442315748923596e-11, -2.9927171802598813e-13, -2.8666734583489843e-12, 0.9842752895919438, -0.17664131537863814, -0.13999999999067403, -3.652316686475598e-11, 0.17664131537863798, 0.9842752895919435, 6.856844952940477e-11, 0.0, 0.0, 0.0, 1.0]}, {"left_foot_pose": [1.0000000000000004, 4.7503273529958314e-11, 1.8532347878519237e-10, 1.477166453245634e-11, -1.4371079253706314e-11, 0.9845985132911798, -0.17483068273275054, 8.365601961157765e-11, -1.9077437021659032e-10, 0.17483068273275032, 0.9845985132911798, 0.030000000345428886, 0.0, 0.0, 0.0, 1.0], "right_foot_pose": [0.9999999999999998, 3.3773309415387835e-11, 1.344965250282824e-10, -1.27917081587453e-11, -1.0454902257249834e-11, 0.9854903215072933, -0.16973162997936506, -0.13999999997133242, -1.3827756372501448e-10, 0.16973162997936486, 0.9854903215072931, 2.678622740281966e-10, 0.0, 0.0, 0.0, 1.0]}, {"left_foot_pose": [1.0000000000000002, 1.859014255136233e-10, 7.867715923204312e-10, -1.0884960843583274e-09, -5.82199028895138e-11, 0.9872352509237351, -0.15926882724987576, -4.869226299941687e-09, -8.063370710915174e-10, 0.1592688272498755, 0.9872352509237351, 0.02817750485515945, 0.0, 0.0, 0.0, 1.0], "right_foot_pose": [0.9999999999999998, 7.490086516686551e-11, 3.2027502872011796e-10, -6.327136810756494e-11, -2.3313822149567277e-11, 0.9874185281543748, -0.15812858772988686, -0.14000000014906855, -3.280896801882692e-10, 0.15812858772988667, 0.9874185281543743, 6.499192573006241e-10, 0.0, 0.0, 0.0, 1.0]}, {"left_foot_pose": [1.0000000000000002, 2.760205295805605e-10, 1.3963436518160627e-09, -2.720346361391227e-09, -8.846439148532597e-11, 0.9911730613643046, -0.1325743656432615, -1.348650408017349e-08, -1.4206116359169014e-09, 0.13257436564326122, 0.9911730613643047, 0.020036388560376664, 0.0, 0.0, 0.0, 1.0], "right_foot_pose": [1.0, 1.2277120206014483e-10, 5.86406811997619e-10, -1.1056613697300288e-10, -3.864397811066895e-11, 0.9899582907701411, -0.14135976278793408, -0.14000000044931626, -5.978733226611793e-10, 0.14135976278793383, 0.9899582907701411, 1.2913704688921612e-09, 0.0, 0.0, 0.0, 1.0]}, {"left_foot_pose": [1.0000000000000004, 2.319841331354434e-10, 1.5194829283693382e-09, -2.59925180760331e-09, -7.629179862948131e-11, 0.9948179108263621, -0.10167263298977475, -1.4344808224944772e-08, -1.5351953430123893e-09, 0.10167263298977447, 0.9948179108263621, 0.00960957956892751, 0.0, 0.0, 0.0, 1.0], "right_foot_pose": [0.9999999999999999, 1.621643683626057e-10, 9.135932010906336e-10, -1.6557214043299715e-10, -5.178042141458907e-11, 0.9928280740962419, -0.11955088994377076, -0.14000000056555206, -9.264280596045162e-10, 0.11955088994377057, 0.9928280740962417, 1.979988790978826e-09, 0.0, 0.0, 0.0, 1.0]}, {"left_foot_pose": [1.0000000000000007, 1.5604412229307578e-10, 1.4712311924291985e-09, -1.1386748874501143e-09, -5.200847882314661e-11, 0.9975153436779103, -0.0704495502266787, -6.37585013084363e-09, -1.478569062689559e-09, 0.0704495502266784, 0.9975153436779107, 0.0016356733757964537, 0.0, 0.0, 0.0, 1.0], "right_foot_pose": [0.9999999999999998, 1.7780802722573419e-10, 1.2855144726486847e-09, -2.3977490088541945e-10, -5.7625174336299266e-11, 0.9956761908590436, -0.09289199619141306, -0.1400000003361615, -1.2964732122480343e-09, 0.0928919961914129, 0.9956761908590436, 2.635962816077697e-09, 0.0, 0.0, 0.0, 1.0]}, {"left_foot_pose": [1.0000000000000004, 9.462887889425618e-11, 1.6345480524648778e-09, -1.8612272875479233e-10, -3.0999704164064224e-11, 0.9992437430352062, -0.03888369844795557, 3.974083666313799e-10, -1.6369917089050938e-09, 0.0388836984479553, 0.9992437430352065, 3.53632633592893e-09, 0.0, 0.0, 0.0, 1.0], "right_foot_pose": [0.9999999999999998, 1.5296328035247235e-10, 1.6574516203959882e-09, -2.9366871399030653e-10, -5.0249462444924684e-11, 0.9980888921793288, -0.06179452490504558, -0.1400000000232195, -1.6637364129278676e-09, 0.0617945249050454, 0.9980888921793287, 3.3461588361261008e-09, 0.0, 0.0, 0.0, 1.0]}, {"left_foot_pose": [1.0000000000000007, 1.2845990134211778e-11, 1.8282035330052795e-09, -2.3275853437859204e-10, -4.1939166180613445e-12, 0.9999888026323428, -0.0047322943626072365, 3.2602779156953865e-10, -1.828244008860559e-09, 0.004732294362606965, 0.9999888026323429, 3.827557416846705e-09, 0.0, 0.0, 0.0, 1.0], "right_foot_pose": [1.0, 7.58051504240998e-11, 1.8366636544975275e-09, -3.4970085938376094e-10, -2.5175155494950934e-11, 0.9996204103767702, -0.027550592701021486, -0.14000000015214398, -1.8380550407565871e-09, 0.027550592701021295, 0.9996204103767702, 3.7765265498146405e-09, 0.0, 0.0, 0.0, 1.0]}, {"left_foot_pose": [1.0000000000000004, -7.751943130377149e-11, 1.736818744380033e-09, -2.459388886978067e-10, 2.550143851952698e-11, 0.9995519867734444, 0.029930348097891215, 1.9188785803370134e-10, -1.7383608656697338e-09, -0.02993034809789148, 0.9995519867734446, 3.571846755867636e-09, 0.0, 0.0, 0.0, 1.0], "right_foot_pose": [0.9999999999999998, -1.8058877248067063e-11, 1.7285076148176872e-09, -3.619828290474023e-10, 5.773598285308979e-12, 0.999974743458072, 0.0071072108427335835, -0.14000000025742193, -1.728592396641631e-09, -0.007107210842733763, 0.9999747434580721, 3.67457392985715e-09, 0.0, 0.0, 0.0, 1.0]}, {"left_foot_pose": [1.0000000000000004, -1.2956942525228388e-10, 1.397218230003719e-09, -2.21889473729119e-10, 4.2285416892721506e-11, 0.9980580930849818, 0.06228998978624541, 6.833147069007506e-11, -1.4025759560553168e-09, -0.06228998978624568, 0.9980580930849821, 2.872974559642305e-09, 0.0, 0.0, 0.0, 1.0], "right_foot_pose": [0.9999999999999998, -8.068023485992542e-11, 1.3784280383788432e-09, -3.2885403087316505e-10, 2.634512408507571e-11, 0.9992245900041612, 0.039372817158744945, -0.14000000028002854, -1.3805358615950082e-09, -0.03937281715874512, 0.9992245900041612, 3.0735677752913304e-09, 0.0, 0.0, 0.0, 1.0]}, {"left_foot_pose": [1.0000000000000004, -1.30589703557212e-10, 9.742067708096185e-10, -6.142077867784021e-11, 4.228618540592826e-11, 0.9959330308126936, 0.09009660446566783, 3.706373367939886e-10, -9.820105960283603e-10, -0.09009660446566811, 0.9959330308126939, 2.02789141034998e-09, 0.0, 0.0, 0.0, 1.0], "right_foot_pose": [0.9999999998780429, -1.558114916126871e-05, -1.0685666444464663e-06, 0.0004685255367873805, 1.561774663166883e-05, 0.9976820834475972, 0.0680474843307785, -0.1400007744407317, 5.831792804818049e-09, -0.0680474843391684, 0.9976820835692654, 0.002700367095461599, 0.0, 0.0, 0.0, 1.0]}, {"left_foot_pose": [1.0000000000000007, -1.0041237492172019e-10, 6.003121333364467e-10, 6.231034202556153e-11, 3.220876750464159e-11, 0.9936459195100864, 0.11255126228059648, 4.445543351841441e-10, -6.07799547315669e-10, -0.1125512622805967, 0.9936459195100865, 1.3186832389933123e-09, 0.0, 0.0, 0.0, 1.0], "right_foot_pose": [0.9999999977012892, -6.749703705929871e-05, -6.447633098260617e-06, 0.0020341042514417425, 6.780428939140433e-05, 0.995493731785932, 0.09482734509358244, -0.14000337942661437, 1.8013508059212014e-08, -0.09482734531277907, 0.9954937340741683, 0.010452138604263257, 0.0, 0.0, 0.0, 1.0]}, {"left_foot_pose": [1.0000000000000002, -5.9238942393809e-11, 3.081273569627297e-10, 9.860444617251978e-11, 1.8866888914710466e-11, 0.9915913988227458, 0.1294082600947521, 3.1091671251481934e-10, -3.132027023004423e-10, -0.12940826009475234, 0.9915913988227459, 7.28411927997108e-10, 0.0, 0.0, 0.0, 1.0], "right_foot_pose": [0.999999988816532, -0.00014848532015798258, -1.786184588831072e-05, 0.0044866242465708295, 0.00014955579159831134, 0.9928680279353786, 0.11921852514092447, -0.14000746836293707, 3.225482793567182e-08, -0.11921852647899053, 0.9928680390385104, 0.01987015742319668, 0.0, 0.0, 0.0, 1.0]}, {"left_foot_pose": [1.0000000000000004, -2.272669201965374e-11, 1.0835887742644036e-10, 5.640380286657763e-11, 7.270116298844172e-12, 0.990071752440773, 0.140562886349342, 1.0992906411544379e-10, -1.1047775479553175e-10, -0.14056288634934228, 0.9900717524407727, 2.962285139407328e-10, 0.0, 0.0, 0.0, 1.0], "right_foot_pose": [0.9999999678682233, -0.00025106121714916645, -3.509726173433845e-05, 0.007605005856452896, 0.00025350256500665004, 0.9903943346912422, 0.13827146324510098, -0.14001267128251552, 4.552732551040725e-08, -0.13827146769943918, 0.9903943665127749, 0.027499984859160498, 0.0, 0.0, 0.0, 1.0]}, {"left_foot_pose": [1.0000000000000004, -2.432139451102691e-12, 1.0238310199639548e-11, -2.141260626584052e-11, 9.126362230816947e-13, 0.9892993718067439, 0.1458998044645108, 1.3032565478188207e-11, -1.0483961585805648e-11, -0.145899804464511, 0.989299371806744, 1.31568436700924e-10, 0.0, 0.0, 0.0, 1.0], "right_foot_pose": [0.9999999307057541, -0.00036822543978523223, -5.475867127474319e-05, 0.01116816366742795, 0.00037227474224863416, 0.9891438847260635, 0.14694977618406863, -0.14001861333512466, 5.355886541121995e-08, -0.14694978638656514, 0.9891439532651148, 0.03000000179720811, 0.0, 0.0, 0.0, 1.0]}, {"left_foot_pose": [1.0000000000000004, -3.4738293520148803e-12, 1.486882839074617e-11, -4.07664872386986e-12, 1.2718080587718892e-12, 0.9893395532149094, 0.14562708691903564, 2.3783111764708043e-11, -1.5216395525577158e-11, -0.14562708691903584, 0.9893395532149095, 1.5992349805538097e-10, 0.0, 0.0, 0.0, 1.0], "right_foot_pose": [0.9999998757475241, -0.0004931025952973152, -7.317627030328391e-05, 0.014955000150797843, 0.0004985026910564525, 0.989183453508679, 0.1466828101711653, -0.1400249247333064, 5.5081392518313147e-08, -0.14668282842403083, 0.9891835764131565, 0.030000001735786527, 0.0, 0.0, 0.0, 1.0]}, {"left_foot_pose": [1.0000000000000004, -2.382574942465745e-11, 1.1360745677535581e-10, 7.404019298156499e-13, 7.697889712129091e-12, 0.9901654189928347, 0.13990154763527524, 2.267315502013645e-11, -1.1582374960675684e-10, -0.13990154763527543, 0.9901654189928346, 3.9514194000167535e-10, 0.0, 0.0, 0.0, 1.0], "right_foot_pose": [0.9999998048018643, -0.0006186575988696928, -8.7515759122409e-05, 0.018744437610546148, 0.0006248169573084906, 0.9901533564832029, 0.1399855001377537, -0.14003124056966443, 5.092924840205077e-08, -0.13998552749417564, 0.9901535497548722, 0.030000001624228827, 0.0, 0.0, 0.0, 1.0]}, {"left_foot_pose": [1.0000000000000004, -6.16835585189721e-11, 3.2191049825769493e-10, -1.4895584569495907e-10, 1.9801073459483186e-11, 0.9917071928289751, 0.1285178730421362, 2.0414950285818634e-10, -3.2716857740850694e-10, -0.12851787304213644, 0.9917071928289753, 9.056497426995769e-10, 0.0, 0.0, 0.0, 1.0], "right_foot_pose": [0.9999997233449757, -0.0007380476794302813, -9.2712431616176e-05, 0.022315392574527845, 0.0007438480828987582, 0.9922087088538383, 0.1245846088593152, -0.1400371874914408, 4.070060706851191e-08, -0.1245846433563219, 0.9922089833496653, 0.02762992120899057, 0.0, 0.0, 0.0, 1.0]}, {"left_foot_pose": [1.0000000000000004, -1.0379646940704763e-10, 6.254404771866027e-10, -2.9722950825016937e-10, 3.355629172664335e-11, 0.993789655739586, 0.11127497537629917, 4.440724524212847e-10, -6.331064577866679e-10, -0.11127497537629945, 0.9937896557395861, 1.6779702419200682e-09, 0.0, 0.0, 0.0, 1.0], "right_foot_pose": [0.999999640255623, -0.0008440155437234065, -8.441792415985649e-05, 0.02544677133364585, 0.000848226752270043, 0.9950380243817109, 0.09949176119618364, -0.14004240049254965, 2.64515566052209e-08, -0.09949179701012383, 0.9950383823389405, 0.02008376595255191, 0.0, 0.0, 0.0, 1.0]}, {"left_foot_pose": [1.0000000000000004, -1.3187196304455948e-10, 9.982372706218739e-10, -4.1755875279100186e-10, 4.3094515803951615e-11, 0.9960835339828225, 0.08841715516964044, 5.699759206279076e-10, -1.0059877328432129e-09, -0.08841715516964072, 0.9960835339828226, 2.590949413350252e-09, 0.0, 0.0, 0.0, 1.0], "right_foot_pose": [0.9999995670067909, -0.0009283103998001109, -6.500793740459765e-05, 0.027917498038302787, 0.000930583811454763, 0.9975575254647783, 0.0698435208330605, -0.1400465173514312, 1.2690424615801588e-08, -0.06984355108662463, 0.9975579573997743, 0.010668138246434332, 0.0, 0.0, 0.0, 1.0]}, {"left_foot_pose": [1.0000000000000004, -1.2526737116909822e-10, 1.3842605395275623e-09, -4.948373990994985e-10, 4.135716691908123e-11, 0.9981711011572106, 0.06045207039136644, 4.683687396256353e-10, -1.3893018336526383e-09, -0.06045207039136673, 0.9981711011572106, 3.5266813844248013e-09, 0.0, 0.0, 0.0, 1.0], "right_foot_pose": [0.9999995163147011, -0.000982820244256887, -3.78778399792662e-05, 0.0295064927663148, 0.000983549878387684, 0.9992577777487665, 0.03850878131327869, -0.14004917038419784, 2.5163471856168258e-09, -0.03850879994189237, 0.9992582610752014, 0.002837476441836337, 0.0, 0.0, 0.0, 1.0]}, {"left_foot_pose": [1.0000000000000004, -6.99423513931292e-11, 1.6237748923231284e-09, -4.799275242387196e-10, 2.3270688442772383e-11, 0.9995873486830726, 0.028725117105874706, 1.1567627064557051e-10, -1.625114219334705e-09, -0.02872511710587498, 0.9995873486830728, 4.182571983202266e-09, 0.0, 0.0, 0.0, 1.0], "right_foot_pose": [0.9999995000000378, -0.0009999802071441256, -6.265767014562455e-06, 0.030000000162852654, 0.0009999998372568696, 0.9999798597599117, 0.0062673818196157674, -0.14005000032630638, -1.616949859600999e-09, -0.006267384951691267, 0.999980359750064, 4.441076763284091e-09, 0.0, 0.0, 0.0, 1.0]}, {"left_foot_pose": [1.0000000000000004, 9.912851123857786e-12, 1.6221413656758445e-09, -6.226653520697627e-10, -2.854489701229048e-12, 0.9999905343592096, -0.004350998963833644, 1.820965687265863e-10, -1.622169466354306e-09, 0.004350998963833372, 0.9999905343592097, 4.39667508650432e-09, 0.0, 0.0, 0.0, 1.0], "right_foot_pose": [0.9999995000000638, -0.000999639935259915, 2.6825777699862806e-05, 0.030000000034246133, 0.0009999998112565193, 0.999639667862873, -0.026824139042708493, -0.14005000026794212, -1.6308941485478855e-09, 0.02682415245641313, 0.9996401676828492, 4.318059236563254e-09, 0.0, 0.0, 0.0, 1.0]}, {"left_foot_pose": [1.0000000000000004, 7.259803939612984e-11, 1.3680721555608942e-09, -6.053610835758149e-10, -2.3220006342472886e-11, 0.9993496847271612, -0.03605839202910258, 2.0189560093197834e-10, -1.3698004680256748e-09, 0.036058392029102306, 0.9993496847271611, 4.030027575541162e-09, 0.0, 0.0, 0.0, 1.0], "right_foot_pose": [0.9999995000000813, -0.0009982792802899344, 5.8635020253444785e-05, 0.029999999954901678, 0.0009999997935272098, 0.9982790688213825, -0.058633614535743096, -0.14005000016399471, -1.390899414095297e-09, 0.05863364385394858, 0.9982795679610036, 3.679363792807866e-09, 0.0, 0.0, 0.0, 1.0]}, {"left_foot_pose": [0.9999999997232254, -2.3477679395353993e-05, 1.532429657502991e-06, 0.0007041782609386477, 2.3527634983361753e-05, 0.9979117294910418, -0.06459241124659483, 3.464313552137277e-07, -1.274960755711463e-08, 0.06459241126477143, 0.9979117297672192, 0.0020582525400018037, 0.0, 0.0, 0.0, 1.0], "right_foot_pose": [0.9999995000000843, -0.0009962436064331055, 8.659248444470855e-05, 0.030000000195421525, 0.000999999790860088, 0.996243404146384, -0.08659145278399696, -0.14005000046344793, -1.0102688823210254e-09, 0.086591496080744, 0.9962439022681638, 2.9005666271619823e-09, 0.0, 0.0, 0.0, 1.0]}, {"left_foot_pose": [0.9999999928029734, -0.00011946935515195022, 1.100577363916338e-05, 0.0035908272626577965, 0.00011997521655796705, 0.9958109383221715, -0.09143610186280215, 1.784604894410069e-06, -3.585764771449349e-08, 0.09143610252515384, 0.9958109454886553, 0.009386888056468291, 0.0, 0.0, 0.0, 1.0], "right_foot_pose": [0.9999995000000759, -0.0009939780208054944, 0.00010957779081861008, 0.030000000353372826, 0.000999999799042367, 0.9939777948094298, -0.10957711178063234, -0.14005000057528286, -6.501847987227583e-10, 0.10957716656985335, 0.9939782917984289, 2.1077150372250664e-09, 0.0, 0.0, 0.0, 1.0]}, {"left_foot_pose": [0.9999999615560226, -0.00027539709820452967, 3.231706332613135e-05, 0.008299108065643625, 0.0002772867653735269, 0.9932117454834359, -0.11632004017277987, 4.139204454932377e-06, -6.348534875923974e-08, 0.11632004466206848, 0.9932117836643962, 0.018788175341894107, 0.0, 0.0, 0.0, 1.0], "right_foot_pose": [0.9999995000000632, -0.000991874698980431, 0.00012721715688058225, 0.030000000330925147, 0.0009999998117411184, 0.9918744349524428, -0.12721676496495674, -0.14005000042622281, -3.551425188812095e-10, 0.12721682857371505, 0.9918749308898005, 1.3346711791317745e-09, 0.0, 0.0, 0.0, 1.0]}, {"left_foot_pose": [0.999999884452694, -0.0004762058155296051, 6.574663953069295e-05, 0.014387892947574215, 0.0004807229881395675, 0.9906287198191188, -0.136581508173485, 7.188738361581931e-06, -8.960086491734554e-08, 0.13658152399778037, 0.9906288342777213, 0.026807675503260166, 0.0, 0.0, 0.0, 1.0], "right_foot_pose": [0.9999995000000508, -0.0009902419648619492, 0.0001393574485726909, 0.03000000017285344, 0.0009999998237231738, 0.9902416641392021, -0.13935726247015795, -0.14005000017998817, -1.4237858983363775e-10, 0.13935733214895765, 0.990242159260211, 7.083169953348012e-10, 0.0, 0.0, 0.0, 1.0]}, {"left_foot_pose": [0.9999997439982653, -0.0007077309301535842, 0.00010545299901827622, 0.02141605748896372, 0.0007155441238263368, 0.9891024392377881, -0.14722721450352014, 1.0707045633592815e-05, -1.0656508950263571e-07, 0.14722725226937128, 0.989102692438556, 0.030000007196756148, 0.0, 0.0, 0.0, 1.0], "right_foot_pose": [0.9999995000000435, -0.0009893036572730118, 0.00014586958709667495, 0.029999999939725654, 0.0009999998313667859, 0.9893033328612013, -0.14586951562974457, -0.140050000030793, -2.3380879073232953e-11, 0.14586958856455542, 0.9893038275130687, 3.9702970078270283e-10, 0.0, 0.0, 0.0, 1.0]}, {"left_foot_pose": [0.9999995324450344, -0.0009562835902646116, 0.00014363637505001128, 0.02894243809050192, 0.0009670107035730361, 0.9889235790351324, -0.14842243670902427, 1.447009896899526e-05, -1.1145744229134887e-07, 0.14842250621128872, 0.9889240413954695, 0.030000007821622245, 0.0, 0.0, 0.0, 1.0], "right_foot_pose": [0.9999995000000423, -0.0009891525466406872, 0.0001468907908757695, 0.029999999963187664, 0.0009999998324849958, 0.9891522185473667, -0.146890736750681, -0.14005000004996399, -5.344241025668665e-12, 0.1468908101960849, 0.9891527131236804, 3.3814329808423693e-10, 0.0, 0.0, 0.0, 1.0]}, {"left_foot_pose": [0.9999992553313588, -0.0012077645131667292, 0.00017504744932308428, 0.03652590704886607, 0.001220383840300458, 0.989671188893917, -0.1433507884058688, 1.82619666881656e-05, -1.0542211382729368e-07, 0.1433508952821101, 0.9896719258531118, 0.03000000744522955, 0.0, 0.0, 0.0, 1.0], "right_foot_pose": [0.9999995000000473, -0.000989777923948261, 0.00014261597630438826, 0.029999999974899407, 0.0009999998277163253, 0.9897776106961222, -0.1426158524323999, -0.14005000005968254, -7.793116509589404e-11, 0.142615923740432, 0.989778105585117, 4.849131859940847e-10, 0.0, 0.0, 0.0, 1.0]}, {"left_foot_pose": [0.9999989328496165, -0.0014494818231130817, 0.00018248855807975547, 0.043725334610041536, 0.0014609242356000802, 0.9921738836230128, -0.12485531769534995, 2.1858001997780013e-05, -8.486786859529633e-08, 0.12485545105790662, 0.9921749424073966, 0.028234491064740665, 0.0, 0.0, 0.0, 1.0], "right_foot_pose": [0.9999995000000599, -0.000991738804124996, 0.0001282722666493034, 0.029999999802887915, 0.0009999998149992973, 0.9917385299960315, -0.128271930373253, -0.14005000022399022, -2.983349495788128e-10, 0.12827199450953825, 0.9917390258654467, 9.966959271801024e-10, 0.0, 0.0, 0.0, 1.0]}, {"left_foot_pose": [0.9999985990385407, -0.0016653975557015144, 0.00016843971800553867, 0.0500995632575662, 0.0016738939493589624, 0.9949263047539244, -0.10059247580086923, 2.5039073545379126e-05, -5.86428884282358e-08, 0.100592616824912, 0.9949276985994081, 0.02113538157184606, 0.0, 0.0, 0.0, 1.0], "right_foot_pose": [0.9999995000000732, -0.0009937410981741667, 0.00011170601212374034, 0.029999999629276596, 0.000999999801672364, 0.9937408641495821, -0.1117053934223357, -0.14005000046102586, -5.886872479557719e-10, 0.11170544927563694, 0.9937413610201239, 1.7246146385985206e-09, 0.0, 0.0, 0.0, 1.0]}, {"left_foot_pose": [0.999998298807967, -0.0018398454509227892, 0.0001317189807995344, 0.05520746221718159, 0.0018445544644106662, 0.9974466047427338, -0.07139235467486223, 2.7591561591457786e-05, -3.175119978878507e-08, 0.071392476185591, 0.9974483015896561, 0.011760394240292599, 0.0, 0.0, 0.0, 1.0], "right_foot_pose": [0.9999995000000834, -0.0009959806945566778, 8.956583760311614e-05, 0.029999999508683317, 0.0009999997915971478, 0.9959804893507824, -0.0895648638305936, -0.14005000058791853, -9.514793790202178e-10, 0.08956490861398787, 0.995980987341108, 2.6184081777791413e-09, 0.0, 0.0, 0.0, 1.0]}, {"left_foot_pose": [0.9999980827890351, -0.001956573082839355, 7.899384028240821e-05, 0.058607905474650744, 0.001958167065184766, 0.999184293462363, -0.04033501307628544, 2.9296049028227494e-05, -1.1003609731146321e-08, 0.040335090428692176, 0.9991862091122505, 0.0035639673485605775, 0.0, 0.0, 0.0, 1.0], "right_foot_pose": [0.9999995000000831, -0.0009980596159483305, 6.22622396389592e-05, 0.029999999443130546, 0.0009999997917350186, 0.9980594080190338, -0.06226088712114962, -0.14005000050325633, -1.3369472569242958e-09, 0.06226091825293775, 0.9980599070488211, 3.587949444494587e-09, 0.0, 0.0, 0.0, 1.0]}, {"left_foot_pose": [0.9999980000126696, -0.001999923054808344, 1.6686439116658314e-05, 0.059859755752067825, 0.0019999926655873143, 0.9999632013085139, -0.008342425196954596, 2.9930065397552885e-05, -1.6165933313305997e-09, 0.008342441884965466, 0.9999652012262212, 5.662355479288395e-07, 0.0, 0.0, 0.0, 1.0], "right_foot_pose": [0.9999995000000668, -0.0009995201222618452, 3.097000670160678e-05, 0.02999999950967543, 0.0009999998080594723, 0.999519863811664, -0.0309684007707322, -0.1400500001202652, -1.5971562053300478e-09, 0.030968416256534455, 0.999520363571729, 4.3686019177147095e-09, 0.0, 0.0, 0.0, 1.0]}, {"left_foot_pose": [0.9999980000006259, -0.0019993944025866422, -4.9160678007770726e-05, 0.05985993521402298, 0.0019999986873384737, 0.9996958379307314, 0.024581123432923943, 2.993023284577831e-05, -1.6354068335450763e-09, -0.0245811725919842, 0.9996978373258615, 4.699839656341354e-09, 0.0, 0.0, 0.0, 1.0], "right_foot_pose": [0.9999995000000411, -0.0009999978912521889, -1.9710347041697504e-06, 0.029999999395963154, 0.0009999998337420165, 0.9999975542945782, 0.0019726644912227433, -0.1400500001944092, -1.630447963253901e-09, -0.001972665475925136, 0.999998054293567, 4.6001733325362615e-09, 0.0, 0.0, 0.0, 1.0]}, {"left_foot_pose": [0.9999980000005879, -0.001996798695153619, -0.00011309198143279517, 0.05985993507351592, 0.0019999987063072885, 0.9983979563961456, 0.0565466238530256, 2.9930151975081018e-05, -1.4215780318689673e-09, -0.05654673694362795, 0.9983999531956267, 4.030502487317733e-09, 0.0, 0.0, 0.0, 1.0], "right_foot_pose": [0.9999995000000197, -0.000999426163550253, -3.386818938560734e-05, 0.02999999934762733, 0.0009999998553195625, 0.9994257609036274, 0.033869579898403196, -0.14005000020295924, -1.4033518328190388e-09, -0.033869596831798576, 0.9994262606167857, 4.27504252137334e-09, 0.0, 0.0, 0.0, 1.0]}, {"left_foot_pose": [0.9999980000005804, -0.0019927770970000554, -0.00016980659972639148, 0.05985993523823557, 0.001999998709909282, 0.996387154113296, 0.08490370500259516, 2.9930420762500423e-05, -1.0441287991268238e-09, -0.0849038748082151, 0.9963891468911893, 3.2038095579278725e-09, 0.0, 0.0, 0.0, 1.0], "right_foot_pose": [0.9999994829914294, -0.0010148708756110784, -6.367086889330291e-05, 0.030507167497991226, 0.0010168662024270308, 0.998037771193718, 0.06260649530042232, -0.14004923446985845, 8.42337591909151e-09, -0.06260652767708251, 0.9980382871875298, 0.0014926372187103257, 0.0, 0.0, 0.0, 1.0]}, {"left_foot_pose": [0.9999980000005957, -0.0019882199158742834, -0.00021674034099990538, 0.05985993541377978, 0.001999998702323752, 0.9941085778173375, 0.10837036271593051, 2.9930575605336025e-05, -6.81295437105173e-10, -0.10837057945567061, 0.9941105660380255, 2.3823835404446214e-09, 0.0, 0.0, 0.0, 1.0], "right_foot_pose": [0.9999993892836383, -0.0011007441362997198, -9.896816122572742e-05, 0.03316287076039931, 0.0011051843057002593, 0.9959843298244734, 0.0895209099135237, -0.14004524524407136, 3.112106876086175e-08, -0.08952096461969798, 0.9959849380856911, 0.008350321377677626, 0.0, 0.0, 0.0, 1.0]}, {"left_foot_pose": [0.9999980000006212, -0.0019839235172336256, -0.00025306567626788925, 0.05985993539951031, 0.001999998689684254, 0.9919604005445223, 0.12653285643181067, 2.9930449662858225e-05, -3.7998314361463234e-10, -0.12653310949719745, 0.9919623844687718, 1.5573367526111603e-09, 0.0, 0.0, 0.0, 1.0], "right_foot_pose": [0.9999992111056855, -0.0012478144797290437, -0.00014403829626113312, 0.03770086911971803, 0.0012561003157115101, 0.9934081238394206, 0.11462426314633099, -0.14003843800175247, 5.899836747620321e-08, -0.11462435364645109, 0.9934089075255615, 0.017687063493123413, 0.0, 0.0, 0.0, 1.0]}, {"left_foot_pose": [0.9999980000006458, -0.001980519715777739, -0.00027845352382345836, 0.059859935240606496, 0.001999998677378376, 0.9902585211555597, 0.13922665435934012, 2.993020302392499e-05, -1.592086496442439e-10, -0.1392269328128008, 0.9902605016759687, 8.658401703942609e-10, 0.0, 0.0, 0.0, 1.0], "right_foot_pose": [0.9999989416688765, -0.001441435508943657, -0.0001972936890549024, 0.04367796991058739, 0.0014548749495060273, 0.9907694889841415, 0.13554963311268764, -0.14002947709562483, 8.651309187432297e-08, -0.13554977669393828, 0.9907705375303689, 0.02604842303711665, 0.0, 0.0, 0.0, 1.0]}, {"left_foot_pose": [0.9999980000006622, -0.001978472744902095, -0.00029264359584664864, 0.05985993498271016, 0.0019999986691274525, 0.9892350500210404, 0.1463216177302387, 2.9930025284228765e-05, -3.0493903954368763e-11, -0.14632191037390252, 0.9892370284944517, 4.754855606470265e-10, 0.0, 0.0, 0.0, 1.0], "right_foot_pose": [0.9999985774049955, -0.001668299337399658, -0.00024892831437988095, 0.05065098555224787, 0.0016867685003199798, 0.9890584113145577, 0.14751479186830443, -0.14001902237146838, 1.0581362126118539e-07, -0.14751500189893818, 0.9890598183197746, 0.02997995918723117, 0.0, 0.0, 0.0, 1.0]}, {"left_foot_pose": [0.9999980000006652, -0.0019785398778509955, -0.000292189360134327, 0.059859934993851754, 0.0019999986676054416, 0.9892686189600531, 0.14609448841828057, 2.9930038054450277e-05, -6.495154251135416e-12, -0.14609478060773204, 0.9892705975005925, 4.069845502274738e-10, 0.0, 0.0, 0.0, 1.0], "right_foot_pose": [0.9999981239337652, -0.0019159035799917905, -0.00028538118650948925, 0.05817669225291418, 0.0019370412843408037, 0.9890941751188791, 0.14727172375227635, -0.14000773376724204, 1.1044649645823235e-07, -0.1472720002559083, 0.9890960306970252, 0.03000000738402931, 0.0, 0.0, 0.0, 1.0]}, {"left_foot_pose": [0.9999980000006549, -0.0019798470901986626, -0.0002831963812364899, 0.05985993501055523, 0.001999998672728221, 0.9899222161761383, 0.14159804351131602, 2.9930045776540605e-05, -8.50971786203085e-11, -0.14159832670770856, 0.9899241960239067, 5.583924642116322e-10, 0.0, 0.0, 0.0, 1.0], "right_foot_pose": [0.9999975998559307, -0.0021687399515210853, -0.0003112063625252234, 0.06581189439011255, 0.0021909546700965192, 0.9898651287909294, 0.14199375521955118, -0.1399962810677886, 1.0479631047037915e-07, -0.14199409625311527, 0.9898675045829365, 0.030000007201504975, 0.0, 0.0, 0.0, 1.0]}, {"left_foot_pose": [0.9999980000006332, -0.001982620484932873, -0.0002630793552435182, 0.059859934859727335, 0.001999998683607558, 0.9913088945753957, 0.13153963486711312, 2.9930172952312255e-05, -2.698361355014462e-10, -0.13153989794629106, 0.9913108771965938, 9.641270490301501e-10, 0.0, 0.0, 0.0, 1.0], "right_foot_pose": [0.9999970383782529, -0.002413401485821285, -0.00031421010629515686, 0.07311339896576952, 0.002433769651172076, 0.9916327373366437, 0.1290681641905548, -0.13998532589486928, 8.772857448784399e-08, -0.1290685466544939, 0.9916356741588562, 0.02875974299497646, 0.0, 0.0, 0.0, 1.0]}, {"left_foot_pose": [0.9999980000006059, -0.0019865857976388217, -0.00023123939592402748, 0.05985993467093345, 0.001999998697401717, 0.993291526995759, 0.11561981838614342, 2.9930412576244063e-05, -5.564528178019742e-10, -0.1156200496250675, 0.9932935135823137, 1.6691691223646998e-09, 0.0, 0.0, 0.0, 1.0], "right_foot_pose": [0.9999964867625946, -0.002635887017173457, -0.00028028931524080186, 0.07963798767558448, 0.002650747529253985, 0.9943927720002378, 0.1057165480481601, -0.13997553267752275, 6.079264357185604e-08, -0.10571691961703919, 0.9943962655333537, 0.02215549256464032, 0.0, 