{"LoopMode": "Wrap", "FrameDuration": 0.0167, "EnableCycleOffsetPosition": true, "EnableCycleOffsetRotation": false, "Debug_info": [{"left_foot_pose": [1.0000000000000007, -1.0658006258607588e-13, 9.142298029729549e-12, -1.722971572819902e-12, 2.7245352964101267e-14, 0.9999620375649145, 0.008713405133775453, 1.0063824773531849e-13, -9.143051227951343e-12, -0.00871340513377572, 0.9999620375649145, 2.138260402073655e-11, 0.0, 0.0, 0.0, 1.0], "right_foot_pose": [0.9999999999999998, 2.0330993004855253e-13, 9.115097565626227e-12, -1.4263834224087668e-12, -7.482640223092434e-14, 0.9999007561195519, -0.014088218891978622, -0.14000000000225418, -9.11728671130482e-12, 0.014088218891978437, 0.9999007561195519, 1.646403846589095e-11, 0.0, 0.0, 0.0, 1.0]}, {"left_foot_pose": [1.0000000000000007, -1.499402566464662e-13, 2.0025481273222574e-11, -3.673529773327129e-12, 3.7084552872631565e-14, 0.9999840273199926, 0.005652000078677357, 1.1308575603719007e-12, -2.0026203881862947e-11, -0.005652000078677626, 0.9999840273199928, 4.535542080796873e-11, 0.0, 0.0, 0.0, 1.0], "right_foot_pose": [1.0, 5.283245331858379e-13, 2.0006163392594086e-11, -3.247816324708134e-12, -1.8508230377158995e-13, 0.9998529161651509, -0.017150686168299432, -0.1400000000040077, -2.0012318406275323e-11, 0.017150686168299248, 0.999852916165151, 3.7861956625473425e-11, 0.0, 0.0, 0.0, 1.0]}, {"left_foot_pose": [1.0000000000000007, -4.706668135872106e-14, 3.472994114517292e-11, -6.285663234849384e-12, -1.8863759756780958e-15, 0.9999989931392242, 0.0014190562140248466, 2.9221538383472634e-12, -3.473023288014902e-11, -0.0014190562140251166, 0.9999989931392244, 7.765300902295991e-11, 0.0, 0.0, 0.0, 1.0], "right_foot_pose": [0.9999999999999998, 1.1288810181796999e-12, 3.475775223193977e-11, -5.758099853849767e-12, -3.852344639053992e-13, 0.9997712852838804, -0.021386377014773306, -0.14000000000594884, -3.477391197974704e-11, 0.021386377014773125, 0.9997712852838803, 6.725757450976033e-11, 0.0, 0.0, 0.0, 1.0]}, {"left_foot_pose": [1.0000000000000007, 3.4820169940840056e-13, 5.300815342224042e-11, -9.516705140848949e-12, -1.3810599902016576e-13, 0.999992170461619, -0.003957147389334504, 5.611146963735436e-12, -5.3009446150024684e-11, 0.003957147389334231, 0.9999921704616193, 1.1803875932248076e-10, 0.0, 0.0, 0.0, 1.0], "right_foot_pose": [0.9999999999999998, 2.144215699482129e-12, 5.314687578916731e-11, -8.930020640928755e-12, -7.20754608237804e-13, 0.9996416673109121, -0.026768208305002084, -0.1400000000078534, -5.3185352172510854e-11, 0.026768208305001904, 0.9996416673109119, 1.0414911294498452e-10, 0.0, 0.0, 0.0, 1.0]}, {"left_foot_pose": [1.0000000000000004, 1.2165690375628237e-12, 7.502354293364987e-11, -1.3395220936837315e-11, -4.3140834726104225e-13, 0.9999452905958043, -0.010460201492967952, 9.423288538368269e-12, -7.50324312217405e-11, 0.010460201492967681, 0.9999452905958042, 1.6724661933142926e-10, 0.0, 0.0, 0.0, 1.0], "right_foot_pose": [1.0, 3.763911817550391e-12, 7.537120927381122e-11, -1.2809910367630228e-11, -1.253332448969464e-12, 0.9994460251932097, -0.03328126688534944, -0.1400000000095028, -7.545486146550575e-11, 0.03328126688534925, 0.9994460251932096, 1.488851611441966e-10, 0.0, 0.0, 0.0, 1.0]}, {"left_foot_pose": [1.0000000000000004, 2.7947918865072237e-12, 1.0135214889572805e-10, -1.802133690178346e-11, -9.598974805892509e-13, 0.9998362474692034, -0.018096360040147717, 1.469768577677666e-11, -1.0138621845707758e-10, 0.018096360040147447, 0.9998362474692035, 2.2704524371697232e-10, 0.0, 0.0, 0.0, 1.0], "right_foot_pose": [0.9999999999999998, 6.250488888810864e-12, 1.0205103428972958e-10, -1.752096298851223e-11, -2.0678831000654814e-12, 0.999161867426511, -0.0409336375218121, -0.14000000001064833, -1.0222137313021996e-10, 0.040933637521811915, 0.999161867426511, 2.0270304185165955e-10, 0.0, 0.0, 0.0, 1.0]}, {"left_foot_pose": [1.0000000000000004, 5.4082014944944365e-12, 1.329401033700605e-10, -2.355992129708229e-11, -1.830207698985773e-12, 0.9996382078885345, -0.026897087749413517, 2.1910187206208853e-11, -1.3303770077378626e-10, 0.02689708774941325, 0.9996382078885347, 3.002550499897616e-10, 0.0, 0.0, 0.0, 1.0], "right_foot_pose": [0.9999999999999998, 9.972302399534746e-12, 1.3419504396594556e-10, -2.325968669779085e-11, -3.2824965987160524e-12, 0.9987612527114377, -0.04975902010972026, -0.1400000000109611, -1.345249992699046e-10, 0.049759020109720074, 0.9987612527114378, 2.6768009336874954e-10, 0.0, 0.0, 0.0, 1.0]}, {"left_foot_pose": [1.0000000000000007, 9.51022470406776e-12, 1.7102480542874317e-10, -3.022870845684527e-11, -3.1896238286676163e-12, 0.9993183223462844, -0.036917348537078294, 3.1687050552897666e-11, -1.7125935974234084e-10, 0.03691734853707801, 0.9993183223462849, 3.9074653235271484e-10, 0.0, 0.0, 0.0, 1.0], "right_foot_pose": [1.0, 1.544323820452453e-11, 1.7312701272587098e-10, -3.0286660722404795e-11, -5.0599217997891375e-12, 0.9982094732408767, -0.059815111235972704, -0.14000000000997112, -1.7374102807725716e-10, 0.059815111235972517, 0.9982094732408765, 3.466308559629816e-10, 0.0, 0.0, 0.0, 1.0]}, {"left_foot_pose": [1.0000000000000007, 1.571562646625051e-11, 2.1691837215342934e-10, -3.8264538337641266e-11, -5.235145906506872e-12, 0.9988362843902548, -0.048229420331067384, 4.477155451931836e-11, -2.174242074550937e-10, 0.0482294203310671, 0.9988362843902552, 5.032066152654835e-10, 0.0, 0.0, 0.0, 1.0], "right_foot_pose": [0.9999999999999998, 2.335279092625362e-11, 2.20277629470189e-10, -3.889270231844507e-11, -7.614703059058583e-12, 0.9974636644415897, -0.07117751132735559, -0.14000000000700474, -2.2138119397472396e-10, 0.07117751132735542, 0.9974636644415896, 4.4275836469376273e-10, 0.0, 0.0, 0.0, 1.0]}, {"left_foot_pose": [1.0000000000000007, 2.477619107278054e-11, 2.7135477198569855e-10, -4.7818537615589096e-11, -8.202228277116916e-12, 0.9981433974375189, -0.06090778400079939, 6.182765063811324e-11, -2.7236030301074803e-10, 0.06090778400079911, 0.9981433974375193, 6.419701367721409e-10, 0.0, 0.0, 0.0, 1.0], "right_foot_pose": [0.9999999999999998, 3.4523805685740806e-11, 2.7652286016532897e-10, -4.928394020061434e-11, -1.1194858111337861e-11, 0.9964721042522005, -0.083924641477887, -0.14000000000116047, -2.784448634313731e-10, 0.08392464147788686, 0.9964721042522003, 5.584510909262264e-10, 0.0, 0.0, 0.0, 1.0]}, {"left_foot_pose": [1.0000000000000004, 3.732449741749845e-11, 3.326104391909717e-10, -5.864537414302252e-11, -1.2275675355275763e-11, 0.9971840789425104, -0.07499275100686713, 8.276873630919113e-11, -3.344731436985448e-10, 0.07499275100686682, 0.9971840789425109, 8.068447576725646e-10, 0.0, 0.0, 0.0, 1.0], "right_foot_pose": [1.0, 4.9589906712819045e-11, 3.4025393613745765e-10, -6.123259531591081e-11, -1.597133801760097e-11, 0.9951764478890003, -0.09810115986588526, -0.13999999999147691, -3.4347769935139153e-10, 0.09810115986588508, 0.9951764478890003, 6.91530915863936e-10, 0.0, 0.0, 0.0, 1.0]}, {"left_foot_pose": [1.0000000000000004, 5.286157075845026e-11, 3.9145658936590073e-10, -6.924584898235082e-11, -1.7256164434225082e-11, 0.9959053255143586, -0.09040233742631124, 1.0484770517071862e-10, -3.9463281129466315e-10, 0.0904023374263109, 0.9959053255143585, 9.802439346340286e-10, 0.0, 0.0, 0.0, 1.0], "right_foot_pose": [1.0, 6.777605084689197e-11, 4.0213044005810125e-10, -7.310645870013189e-11, -2.1643370517844172e-11, 0.9935232610539002, -0.11362891245111889, -0.1399999999777764, -4.0722749242113675e-10, 0.11362891245111867, 0.9935232610539001, 8.24582263581064e-10, 0.0, 0.0, 0.0, 1.0]}, {"left_foot_pose": [1.0000000000000002, 6.669926479093678e-11, 4.1916803361630054e-10, -7.475318626580848e-11, -2.1585154594069946e-11, 0.9942893050840792, -0.10671821679272894, 1.1813524984638502e-10, -4.238924650579722e-10, 0.10671821679272865, 0.9942893050840789, 1.0925186935684117e-09, 0.0, 0.0, 0.0, 1.0], "right_foot_pose": [0.9999999999999999, 8.328390989099312e-11, 4.324854363524362e-10, -7.949413063831315e-11, -2.631410548255194e-11, 0.9915021881240561, -0.13009001093554073, -0.1399999999633742, -4.396447839457381e-10, 0.13009001093554054, 0.9915021881240561, 8.980818172465987e-10, 0.0, 0.0, 0.0, 1.0]}, {"left_foot_pose": [1.0000000000000004, 6.352026600611513e-11, 3.4792163594587914e-10, -6.320405193005343e-11, -2.0362401092743033e-11, 0.9924481271661694, -0.12266505160135767, 9.88841057647516e-11, -3.5308600045362366e-10, 0.12266505160135738, 0.9924481271661696, 9.541493983800109e-10, 0.0, 0.0, 0.0, 1.0], "right_foot_pose": [0.9999999999999998, 7.779747459839094e-11, 3.6047553830798015e-10, -6.715262299276137e-11, -2.4260640331232123e-11, 0.9892553092322168, -0.14619826659667015, -0.1399999999608077, -3.679761724997766e-10, 0.14619826659667, 0.9892553092322168, 7.624326031629991e-10, 0.0, 0.0, 0.0, 1.0]}, {"left_foot_pose": [1.0000000000000004, 1.3197522666014802e-10, 6.514101480448151e-10, -2.523054491974013e-09, -3.9131435109215725e-11, 0.9900783068158512, -0.14051671207603064, -1.3455464603628897e-08, -6.63491911800475e-10, 0.14051671207603042, 0.9900783068158513, 0.005517079677607145, 0.0, 0.0, 0.0, 1.0], "right_foot_pose": [0.9999999999999998, 5.6173149736861615e-11, 2.3828738981990196e-10, 3.451018901687417e-11, -1.7333774477448214e-11, 0.9871237690307736, -0.15995832149181907, -0.14000000029291707, -2.442045406635368e-10, 0.15995832149181896, 0.9871237690307736, 4.942212333824969e-10, 0.0, 0.0, 0.0, 1.0]}, {"left_foot_pose": [1.0000000000000007, 1.9760961667806767e-10, 8.357063929764728e-10, -4.352458448813869e-09, -5.909132972340685e-11, 0.986691638215789, -0.16260261706086945, -1.9590014978254633e-08, -8.567166271694033e-10, 0.16260261706086923, 0.9866916382157891, 0.01816899575671519, 0.0, 0.0, 0.0, 1.0], "right_foot_pose": [0.9999999999999998, 2.7083335430546014e-11, 1.0773770764416199e-10, 8.845173422874985e-11, -8.350535589814224e-12, 0.9854085882874364, -0.17020550557887884, -0.14000000033034277, -1.1077550275855375e-10, 0.17020550557887867, 0.9854085882874362, 4.404016387682397e-10, 0.0, 0.0, 0.0, 1.0]}, {"left_foot_pose": [1.0000000000000002, 1.4944129878023262e-10, 5.583319362401058e-10, -3.4160598050585174e-09, -4.402894622387301e-11, 0.982885543619606, -0.18421728513793822, -1.195108929874511e-08, -5.763060495982784e-10, 0.18421728513793792, 0.9828855436196058, 0.03163852516101786, 0.0, 0.0, 0.0, 1.0], "right_foot_pose": [0.9999999999999998, 4.966771966761317e-12, 1.8678780744352227e-11, 5.844236128319926e-11, -1.6010212374193332e-12, 0.9843838304855653, -0.17603543472428002, -0.14000000013792568, -1.9261536409366187e-11, 0.1760354347242798, 0.9843838304855651, 2.1968026009400177e-10, 0.0, 0.0, 0.0, 1.0]}, {"left_foot_pose": [1.0000000000000002, 8.01074597108725e-13, 4.319822277665239e-12, -2.593945190158362e-10, 5.976039454032752e-14, 0.9806827534268123, -0.1956050539510863, -4.554580254612084e-10, -4.3933074450768675e-12, 0.19560505395108607, 0.9806827534268121, 0.03960754745678932, 0.0, 0.0, 0.0, 1.0], "right_foot_pose": [0.9999999999999996, 1.7452698787432298e-12, 6.3842264808044905e-12, 6.18364049592292e-12, -5.891460358418838e-13, 0.9842518406986857, -0.17677192673399625, -0.13999999998191848, -6.592552004616892e-12, 0.1767719267339961, 0.9842518406986854, 1.7095436177783085e-11, 0.0, 0.0, 0.0, 1.0]}, {"left_foot_pose": [1.0000000000000007, 3.594766873196795e-11, 1.2851625319498732e-10, -9.19145854245773e-12, -1.0824253013080235e-11, 0.9817124651933007, -0.1903697341598531, 5.965824015352617e-11, -1.3300975506823918e-10, 0.19036973415985287, 0.9817124651933009, 0.040000000212476426, 0.0, 0.0, 0.0, 1.0], "right_foot_pose": [1.0, 2.0718534928985085e-11, 8.125677908310525e-11, -1.3394478768036225e-11, -6.422509828279235e-12, 0.9850741484206823, -0.17213053800319064, -0.13999999998206572, -8.361026882474013e-11, 0.17213053800319048, 0.9850741484206822, 1.5630099298169498e-10, 0.0, 0.0, 0.0, 1.0]}, {"left_foot_pose": [1.0000000000000004, 9.817798867323149e-11, 3.7378466988258036e-10, -3.236711476978657e-11, -2.994207030206347e-11, 0.9839685260963407, -0.17834219818033994, 1.5880826167991025e-10, -3.8530189585574576e-10, 0.17834219818033967, 0.9839685260963408, 0.04000000062530582, 0.0, 0.0, 0.0, 1.0], "right_foot_pose": [0.9999999999999998, 5.659307078458727e-11, 2.352191774690479e-10, -4.032519508444929e-11, -1.7615357342744996e-11, 0.9867069646165576, -0.16250958733926915, -0.13999999995717952, -2.4128951336084144e-10, 0.162509587339269, 0.9867069646165575, 4.626149532893642e-10, 0.0, 0.0, 0.0, 1.0]}, {"left_foot_pose": [1.0000000000000004, 3.3609976568033537e-10, 1.4442889106902556e-09, -1.624260172220311e-09, -1.0537802187798313e-10, 0.9876198314765855, -0.15686640326775508, -8.491022326223563e-09, -1.4791311933075267e-09, 0.1568664032677548, 0.9876198314765855, 0.037570006664389435, 0.0, 0.0, 0.0, 1.0], "right_foot_pose": [1.0, 1.0909110122894815e-10, 4.991359547901191e-10, -8.10874034111681e-11, -3.421361069525633e-11, 0.9890442101863298, -0.14761961352374278, -0.14000000027034942, -5.097716224223791e-10, 0.1476196135237426, 0.9890442101863297, 1.0214332227254097e-09, 0.0, 0.0, 0.0, 1.0]}, {"left_foot_pose": [1.0000000000000002, 4.0628992313758623e-10, 2.235829688057571e-09, -4.41549425928422e-09, -1.3095125778238836e-10, 0.9925552377700191, -0.12179532000574474, -2.1844081002364568e-08, -2.2686688681462733e-09, 0.12179532000574445, 0.9925552377700193, 0.026715186681527905, 0.0, 0.0, 0.0, 1.0], "right_foot_pose": [0.9999999999999999, 1.5935330624621443e-10, 8.459896672086123e-10, -1.0132426079555013e-10, -5.0597449992130236e-11, 0.991899052619409, -0.12702861651108024, -0.14000000076627786, -8.593789511675936e-10, 0.12702861651108002, 0.9918990526194088, 1.9588348026955416e-09, 0.0, 0.0, 0.0, 1.0]}, {"left_foot_pose": [1.0000000000000007, 2.640124794963136e-10, 2.084263206469923e-09, -3.997016820584706e-09, -8.790831356876843e-11, 0.9964620468566255, -0.08404397167141302, -2.1751388103868896e-08, -2.0990779598986714e-09, 0.0840439716714127, 0.9964620468566258, 0.012812779675688245, 0.0, 0.0, 0.0, 1.0], "right_foot_pose": [1.0, 1.8386204300789213e-10, 1.2222058365374258e-09, -1.450589257553005e-10, -5.922194529561685e-11, 0.994865373425363, -0.10120715764812886, -0.14000000094682033, -1.2345386152560512e-09, 0.10120715764812867, 0.9948653734253631, 2.8291849904493738e-09, 0.0, 0.0, 0.0, 1.0]}, {"left_foot_pose": [1.0000000000000002, 1.2994439600599812e-10, 1.756010725717514e-09, -1.466963730227512e-09, -4.441277750232375e-11, 0.9988173387851965, -0.04862019891011126, -9.342171590140391e-09, -1.760252013503172e-09, 0.048620198910111, 0.9988173387851965, 0.002180902980794021, 0.0, 0.0, 0.0, 1.0], "right_foot_pose": [0.9999999999999996, 1.639760980849711e-10, 1.550008232875654e-09, -2.4641311029327526e-10, -5.3530873607836504e-11, 0.9974771919882588, -0.07098768529272255, -0.14000000058516762, -1.5577383319524348e-09, 0.07098768529272238, 0.9974771919882585, 3.306471874076067e-09, 0.0, 0.0, 0.0, 1.0]}, {"left_foot_pose": [1.0000000000000004, 3.799000092064793e-11, 1.6605195551910863e-09, -2.7109112433359645e-10, -1.2537559449152907e-11, 0.9998825635987925, -0.015325110476199458, 3.221081804061221e-10, -1.660906925409218e-09, 0.015325110476199185, 0.9998825635987925, 3.4614315649883487e-09, 0.0, 0.0, 0.0, 1.0], "right_foot_pose": [1.0, 9.54064325245958e-11, 1.6731088736676718e-09, -2.9334033210905224e-10, -3.149687411591752e-11, 0.9992717743146878, -0.03815653362106812, -0.14000000011159752, -1.6755308838693657e-09, 0.03815653362106794, 0.9992717743146877, 3.404275965290804e-09, 0.0, 0.0, 0.0, 1.0]}, {"left_foot_pose": [1.0000000000000007, -3.939384645725184e-11, 1.5171736644781232e-09, -2.5388007340725637e-10, 1.2925131016183687e-11, 0.999847870938768, 0.017442332963607643, 1.9553600578980923e-10, -1.517630306958614e-09, -0.01744233296360791, 0.9998478709387684, 3.0860519209530146e-09, 0.0, 0.0, 0.0, 1.0], "right_foot_pose": [1.0, 1.2199856830580289e-11, 1.515151115683011e-09, -2.6617464650533604e-10, -4.0765529006127034e-12, 0.9999856284691693, -0.005361236342520402, -0.1400000001988, -1.5151948043070479e-09, 0.005361236342520222, 0.9999856284691694, 3.167257935088319e-09, 0.0, 0.0, 0.0, 1.0]}, {"left_foot_pose": [1.0000000000000007, -8.069967435674156e-11, 1.145407269032008e-09, -4.1903663144223476e-11, 2.6529950541212353e-11, 0.9988847648677252, 0.04721468537595401, 3.139300902565978e-10, -1.1479401595206535e-09, -0.04721468537595428, 0.9988847648677253, 2.3058569220690828e-09, 0.0, 0.0, 0.0, 1.0], "right_foot_pose": [0.9999999784830407, 0.00020738137533234444, 5.184923791256074e-06, -6.518822424796919e-10, -0.00020744615468675152, 0.9997001849154031, 0.0244846328582199, -0.14001036872731715, -1.0571243638550792e-07, -0.024484633406977725, 0.9997002064253636, 0.0005096367276147332, 0.0, 0.0, 0.0, 1.0]}, {"left_foot_pose": [1.0000000000000004, -8.017766023564425e-11, 7.231824583620057e-10, 4.4292622105993146e-10, 2.787860598031816e-11, 0.9974024401981304, 0.07203035670337728, 6.366462235868342e-10, -7.270793392613167e-10, -0.07203035670337757, 0.9974024401981306, 1.7267352964145388e-09, 0.0, 0.0, 0.0, 1.0], "right_foot_pose": [0.9999919814127531, 0.003999007059663204, 0.0002122562903458006, -5.139898355253935e-09, -0.004004635979995998, 0.9985986385546641, 0.052770464915889485, -0.1402002168041846, -9.293808238889971e-07, -0.05277089178048998, 0.9986066457719118, 0.00878041521698078, 0.0, 0.0, 0.0, 1.0]}, {"left_foot_pose": [1.0000000000000004, -4.8923289663559934e-11, 3.077229582260098e-10, 6.029557213998432e-10, 2.0661424820668996e-11, 0.9958343662273067, 0.09118067251703899, 4.87709587992935e-10, -3.1090227128999526e-10, -0.09118067251703925, 0.9958343662273067, 1.1005158381816038e-09, 0.0, 0.0, 0.0, 1.0], "right_foot_pose": [0.9999301819925288, 0.011776899343458219, 0.000967358383394094, -9.472541271025024e-09, -0.011816561901503068, 0.9965896786041174, 0.08166628046243861, -0.1405908209221684, -2.283815640928332e-06, -0.08167200953567762, 0.9966592611585908, 0.02232866621111048, 0.0, 0.0, 0.0, 1.0]}, {"left_foot_pose": [1.0000000000000002, -9.086730273417017e-12, -3.141825688501837e-11, 4.773118206465934e-10, 1.2313094915052878e-11, 0.9945503536370913, 0.10425734545027264, 1.2570275549628196e-10, 3.029949811482852e-11, -0.1042573454502729, 0.9945503536370914, 4.2425442325910723e-10, 0.0, 0.0, 0.0, 1.0], "right_foot_pose": [0.9997436531935465, 0.02250630030854399, 0.0024686728505087653, -8.323462897489187e-09, -0.022641287163015732, 0.9938017157341751, 0.10883713483646928, -0.141132144168816, -3.8500730709004245e-06, -0.1088651287154505, 0.9940565294463617, 0.03483626246369044, 0.0, 0.0, 0.0, 1.0]}, {"left_foot_pose": [1.0000000000000007, 1.6263531069761253e-11, -2.431936318991749e-10, 1.7422043125275345e-10, 1.0813237292099128e-11, 0.9938288492033267, 0.11092438186076402, -1.0833836692342169e-10, 2.4349650260609234e-10, -0.11092438186076428, 0.9938288492033267, 7.689985453973591e-11, 0.0, 0.0, 0.0, 1.0], "right_foot_pose": [0.9993705455299202, 0.03519135411419744, 0.0044812189010339076, -3.226041146459774e-10, -0.035475522575473636, 0.9913831834832076, 0.12609865504713935, -0.14177413805709663, -5.02263690421614e-06, -0.1261782552673383, 0.9920075845841422, 0.04000000055691643, 0.0, 0.0, 0.0, 1.0]}, {"left_foot_pose": [1.0000000000000007, 1.2112957525288181e-11, -2.9283198088592175e-10, -6.541078880798638e-11, 2.05401478464909e-11, 0.993792436295635, 0.111250139602552, -1.0925901069297472e-10, 2.9236163351236536e-10, -0.11125013960255226, 0.9937924362956353, 5.906675148992235e-11, 0.0, 0.0, 0.0, 1.0], "right_foot_pose": [0.9987832638832163, 0.04888600565457, 0.006492321459297767, -1.9491394847963306e-10, -0.049315228451852176, 0.9901046926566778, 0.13138000541165656, -0.14246675025004676, -5.434255634704106e-06, -0.13154032092999732, 0.9913108210546793, 0.04000000032629793, 0.0, 0.0, 0.0, 1.0]}, {"left_foot_pose": [1.0000000000000004, -2.1655981026390505e-11, -1.8429474613057514e-10, -3.2641491680386434e-10, 4.0970173484750436e-11, 0.9944241592820106, 0.10545421488146979, -1.0249216666341487e-10, 1.8098311839416915e-10, -0.10545421488147005, 0.9944241592820108, 2.6764018085101426e-10, 0.0, 0.0, 0.0, 1.0], "right_foot_pose": [0.9980035925877353, 0.0626279920437465, 0.0081586637718454, -5.736848680566037e-11, -0.0631571781786181, 0.9896519649534993, 0.12884160472530595, -0.14315995117267813, -5.146637561821037e-06, -0.12909966257216235, 0.9916316236875802, 0.04000000033641443, 0.0, 0.0, 0.0, 1.0]}, {"left_foot_pose": [1.0000000000000007, -7.8082782380209e-11, 9.595207961510407e-11, -6.160566297061827e-10, 6.878801795410226e-11, 0.9956360848577016, 0.0933208793852076, 3.4054356903845395e-10, -1.0282040761912469e-10, -0.0933208793852079, 0.9956360848577018, 9.575835263619936e-10, 0.0, 0.0, 0.0, 1.0], "right_foot_pose": [0.9971077556706136, 0.07550465997065538, 0.008670057913699498, -2.1139269089538726e-09, -0.07600081292439378, 0.9906044436619055, 0.1136957019069663, -0.1438036913824104, -4.0425835063232355e-06, -0.11402579760739324, 0.9934777891144095, 0.035066711845246804, 0.0, 0.0, 0.0, 1.0]}, {"left_foot_pose": [1.0000000000000009, -1.283420923090322e-10, 5.046042472756111e-10, -7.114146074277985e-10, 9.018682249281341e-11, 0.9971910204528392, 0.07490039204320627, 7.90223851632188e-10, -5.128000514259861e-10, -0.07490039204320652, 0.9971910204528395, 1.9184427865748255e-09, 0.0, 0.0, 0.0, 1.0], "right_foot_pose": [0.9962214252271085, 0.08651866341094742, 0.007575803591151742, -8.027721507073565e-09, -0.0868497087643916, 0.9924265855787986, 0.08687117084480626, -0.1443479406720159, -2.4513005457070903e-06, -0.08720087796570851, 0.9961907482385092, 0.02265968179560883, 0.0, 0.0, 0.0, 1.0]}, {"left_foot_pose": [1.0000000000000004, -1.483447799678266e-10, 9.34341437552891e-10, -6.16500600548665e-10, 9.175396053430764e-11, 0.9981815543860404, 0.06027922099255028, 8.586150523209879e-10, -9.415848018090467e-10, -0.06027922099255057, 0.9981815543860408, 2.5775912723680072e-09, 0.0, 0.0, 0.0, 1.0], "right_foot_pose": [0.9955047519408781, 0.0944992314290992, 0.006339094765035472, -7.39664089786235e-09, -0.09471160890673859, 0.9932733165611339, 0.06661703795533114, -0.1447426705092793, -1.1947944003156436e-06, -0.06691796370896697, 0.9977584808617853, 0.009063335682451872, 0.0, 0.0, 0.0, 1.0]}, {"left_foot_pose": [1.0000000000000004, -1.0599396778547635e-10, 1.4198138220677972e-09, -3.969316184864348e-10, 6.11882398496149e-11, 0.9995031024241875, 0.03152060031828559, 4.120069684726557e-10, -1.422449473415414e-09, -0.03152060031828586, 0.9995031024241878, 3.0973624567942615e-09, 0.0, 0.0, 0.0, 1.0], "right_foot_pose": [0.9951274984812633, 0.09853230926830939, 0.0035560928949251616, -1.1189137073472355e-09, -0.09859645919805887, 0.9944800993775035, 0.03588969456147593, -0.14493784088498554, -1.691314642540804e-07, -0.03606544013823732, 0.9993494303933967, 0.0005957976703693524, 0.0, 0.0, 0.0, 1.0]}, {"left_foot_pose": [1.0000000000000007, 2.4631970218943137e-10, 4.390647290186631e-10, 3.0614575373600486e-09, -2.460602033715723e-10, 0.9999998258471348, -0.0005901742970593416, -2.455133908674245e-10, -4.3921021784901915e-10, 0.0005901742970590687, 0.9999998258471349, 3.4182653790848505e-09, 0.0, 0.0, 0.0, 1.0], "right_foot_pose": [0.9951035011802553, 0.0988375733385427, 0.00039501309516306666, 3.2530474358086897e-09, -0.09883836268775982, 0.9950955540398697, 0.003976982686270474, -0.14494999970609812, -4.568640314610799e-10, -0.003996551842807333, 0.9999920137547937, 3.731314104915562e-09, 0.0, 0.0, 0.0, 1.0]}, {"left_foot_pose": [1.0000000000000004, 1.7102340529117966e-10, 8.751177560384318e-10, 2.062544367749508e-09, -1.4224720459913903e-10, 0.9994626807180634, -0.03277727645585315, 3.751940251539576e-11, -8.802533757507192e-10, 0.03277727645585286, 0.9994626807180635, 3.186675451294363e-09, 0.0, 0.0, 0.0, 1.0], "right_foot_pose": [0.9951035011810717, 0.09879895650830554, -0.002790722136376515, 2.1121044832799613e-09, -0.09883836267954108, 0.994706760053863, -0.028096967202418544, -0.14494999981398568, -8.661613571929291e-10, 0.028235220842349286, 0.9996013066738076, 3.2068758065717518e-09, 0.0, 0.0, 0.0, 1.0]}, {"left_foot_pose": [0.999998560354957, 0.0016934872939893591, -0.00010671831765888184, 0.0001227770986725691, -0.0016968461632342943, 0.99805779401115, -0.06227166712636244, -6.090326583645805e-06, 1.054771648978876e-06, 0.0622717585618331, 0.998059230749611, 0.0020214385213480693, 0.0, 0.0, 0.0, 1.0], "right_foot_pose": [0.9951035011705696, 0.09867748920474513, -0.005636939091531314, -4.301047430536886e-10, -0.09883836278527797, 0.993483827231826, -0.056752648138470176, -0.14495000053940868, -1.0014973086085808e-09, 0.05703190469422017, 0.9983723563114866, 2.276236497900097e-09, 0.0, 0.0, 0.0, 1.0]}, {"left_foot_pose": [0.9999296611648493, 0.011810472848319174, -0.001088785493095883, 0.0008582033332010658, -0.011860552605014466, 0.9957371038233522, -0.09147101924318579, -4.253433194548878e-05, 3.828124400277242e-06, 0.09147749887585827, 0.99580714356986, 0.012500282373878645, 0.0, 0.0, 0.0, 1.0], "right_foot_pose": [0.9951035011697321, 0.09851536033044397, -0.007984092854109589, -6.768072473989362e-10, -0.09883836279370597, 0.9918515157086356, -0.08038375972011744, -0.1449500008087785, -4.54636067942727e-10, 0.08077929540076834, 0.9967320128472624, 1.6747305209285912e-09, 0.0, 0.0, 0.0, 1.0]}, {"left_foot_pose": [0.9995659054557349, 0.02924567090066008, -0.00356249688116316, 0.0021320507713081887, -0.029461849848932575, 0.9922615822932135, -0.12061903543159296, -0.0001056404823663766, 7.344177630082046e-06, 0.1206716331145773, 0.9926924785186625, 0.026398317914278352, 0.0, 0.0, 0.0, 1.0], "right_foot_pose": [0.9951035011706812, 0.09835276377915339, -0.009785490016015292, -7.057808998692239e-10, -0.0988383627841511, 0.9902144960208392, -0.09852020052935191, -0.14495000056176932, 5.438727296746691e-11, 0.09900497829501916, 0.9950869380475268, 9.772360975990324e-10, 0.0, 0.0, 0.0, 1.0]}, {"left_foot_pose": [0.998621610830696, 0.05193099635124089, -0.007619055051243713, 0.0037994899706126585, -0.05248693424972229, 0.9880738948142772, -0.14475876526003828, -0.00018823499924802006, 1.0722488757336095e-05, 0.1449591321873614, 0.989437643250203, 0.03739742772870526, 0.0, 0.0, 0.0, 1.0], "right_foot_pose": [0.9951035011719589, 0.09822385222880832, -0.011004399513012457, -4.763801198133522e-10, -0.09883836277128809, 0.9889166165871388, -0.11079216345273254, -0.14495000009026396, 4.4288996086987346e-10, 0.11133732658537725, 0.9937826722723743, 3.0657580640802706e-10, 0.0, 0.0, 0.0, 1.0]}, {"left_foot_pose": [0.9968815999788769, 0.07795861904111671, -0.012228219034559853, 0.005715692277907871, -0.07891182082400493, 0.9848645825455759, -0.15432005242861288, -0.0002831587625259299, 1.256165706030958e-05, 0.15480377180331137, 0.9879452373880214, 0.040000000072877635, 0.0, 0.0, 0.0, 1.0], "right_foot_pose": [0.9951035011722524, 0.09815484199342969, -0.011603833330836363, -6.429393996365551e-11, -0.0988383627683349, 0.9882218226234137, -0.11682725425230794, -0.14494999983814488, 6.419556749156285e-10, 0.11740211362706886, 0.9930844595077989, 5.969743449574239e-11, 0.0, 0.0, 0.0, 1.0]}, {"left_foot_pose": [0.9942902309715744, 0.10542578773699739, -0.016502723245809325, 0.007735831522892292, -0.10670958922353667, 0.9823465720225083, -0.1536498486929682, -0.0003832374286791007, 1.2737275429986822e-05, 0.15453354236430847, 0.9879875424933763, 0.040000000070772514, 0.0, 0.0, 0.0, 1.0], "right_foot_pose": [0.9951035011710871, 0.09815508322894471, -0.011601792678853863, 3.0251450498265664e-10, -0.09883836278006711, 0.988224251243214, -0.11680670912984879, -0.1449499998346718, 6.267997426423959e-10, 0.11738146740907683, 0.9930869000791885, 7.340796720489706e-11, 0.0, 0.0, 0.0, 1.0]}, {"left_foot_pose": [0.990999714397587, 0.13253971517144422, -0.018782703910092128, 0.009715077299477539, -0.13386398300141983, 0.9812075363766021, -0.13896835831496204, -0.00048129180652866504, 1.0904001204306112e-05, 0.1402319309573699, 0.9901186824926955, 0.039677502889426515, 0.0, 0.0, 0.0, 1.0], "right_foot_pose": [0.9951035011707329, 0.09828126905275968, -0.010479222830359522, 4.3899449049880634e-10, -0.09883836278363406, 0.9894946879313036, -0.10550469467271725, -0.14495000002102448, 4.083041044523107e-11, 0.1060238402865675, 0.9943635880757543, 3.9378404703693803e-10, 0.0, 0.0, 0.0, 1.0]}, {"left_foot_pose": [0.9873775376035847, 0.15730784092195968, -0.018434788318653826, 0.011508602760990987, -0.15838433689858863, 0.98067233733089, -0.11487457777578178, -0.0005701570224352602, 7.81514192421351e-06, 0.11634435946121839, 0.9932089357030994, 0.03191398412011226, 0.0, 0.0, 0.0, 1.0], "right_foot_pose": [0.9951035011687024, 0.09841934287885315, -0.009091474527523465, 5.677201267689086e-10, -0.09883836280407449, 0.9908848130746725, -0.09153286435035937, -0.14495000050279827, -3.234035965430109e-10, 0.09198326024481773, 0.9957605534639007, 1.3049250291441439e-09, 0.0, 0.0, 0.0, 1.0]}, {"left_foot_pose": [0.9839736076717902, 0.17767310193340616, -0.015106563299577932, 0.012971578748706341, -0.1783141592439966, 0.9804381649828922, -0.0833370581319401, -0.0006426393432872983, 4.297576329761751e-06, 0.084695179876669, 0.9964069080888545, 0.018501295233047388, 0.0, 0.0, 0.0, 1.0], "right_foot_pose": [0.995103501168418, 0.09858483907812679, -0.007074706092574322, 4.932484596546077e-10, -0.09883836280694075, 0.9925510266161358, -0.07122806750781865, -0.14495000088634163, -7.779122889092024e-10, 0.0715785517260209, 0.997434965766092, 2.3342603266973683e-09, 0.0, 0.0, 0.0, 1.0]}, {"left_foot_pose": [0.9814482354168079, 0.19146330719917498, -0.010057991528578407, 0.013959175930144074, -0.1917273094658252, 0.9800972216847967, -0.051478877714443705, -0.0006915583982265005, 1.4933747794732782e-06, 0.05245224534848252, 0.998623433510186, 0.00575755887172566, 0.0, 0.0, 0.0, 1.0], "right_foot_pose": [0.9951035011712093, 0.09873597729679694, -0.00449763760735188, 1.8424466292910058e-10, -0.09883836277883529, 0.9940726847492641, -0.04528217616887837, -0.14495000084534718, -1.226790431472412e-09, 0.04550499118378538, 0.9989641113560404, 3.019502751999692e-09, 0.0, 0.0, 0.0, 1.0]}, {"left_foot_pose": [0.9804621002271926, 0.1966641624166521, -0.004156589833067424, 0.014326567356381721, -0.19670808325557812, 0.9802431842294175, -0.020717860741142072, -0.0007097447481701647, 8.123780026654714e-09, 0.021130712073416727, 0.9997767215770084, 9.272253919806461e-07, 0.0, 0.0, 0.0, 1.0], "right_foot_pose": [0.9951035011773257, 0.09882685463485368, -0.0015082266439274527, -2.7833708493400777e-10, -0.0988383627172564, 0.9949876377074435, -0.015184823500227517, -0.14495000015845158, -1.4791441528825435e-09, 0.015259541681928286, 0.999883566415439, 3.0716120133500446e-09, 0.0, 0.0, 0.0, 1.0]}, {"left_foot_pose": [0.9804619560942572, 0.19669847842151206, 0.0020152514696385546, 0.014326617271377119, -0.1967088016633312, 0.9804105015963016, 0.01004468555332874, -0.000709747345266137, 6.603711553103157e-10, -0.01024484974761158, 0.9999475201497574, 3.251537455950526e-09, 0.0, 0.0, 0.0, 1.0], "right_foot_pose": [0.9951035012036562, 0.09882563647695831, 0.001586022430118597, -3.2832545120153878e-09, -0.098838362452161, 0.9949753761232867, 0.015968062377738717, -0.14494999950387405, 6.63836545692075e-10, -0.016046634639331668, 0.9998712444693825, 3.215592868366368e-09, 0.0, 0.0, 0.0, 1.0]}, {"left_foot_pose": [0.9804619561017482, 0.1965483530294705, 0.007943397166005017, 0.014326619746573292, -0.19670880162599258, 0.9796622272660811, 0.03959252241178309, -0.0007097472935254749, -1.0873894156587607e-09, -0.040381498108223585, 0.9991843346502869, 2.5878796536260573e-09, 0.0, 0.0, 0.0, 1.0], "right_foot_pose": [0.9951035011834595, 0.0987334412583998, 0.004552967130883528, -9.84583307678949e-10, -0.09883836265550325, 0.9940471542695494, 0.04583920981201156, -0.14495000018182516, -1.0906318285103524e-09, -0.04606476599185691, 0.9989384552284066, 2.8092944359681127e-09, 0.0, 0.0, 0.0, 1.0]}, {"left_foot_pose": [0.980461956114694, 0.19626451652292837, 0.013213332878953557, 0.014326621136349527, -0.19670880156146728, 0.9782474923275171, 0.06585963212147522, -0.0007097470155912975, -8.974259164111583e-10, -0.06717204261406769, 0.9977414077259975, 1.8957315231493688e-09, 0.0, 0.0, 0.0, 1.0], "right_foot_pose": [0.9947211773051308, 0.1023308194064025, 0.007627766403671488, -0.0002719521877522055, -0.10261471345410404, 0.9919705206042181, 0.07392365544890488, -0.14490930380530104, -1.8511748945144219e-06, -0.07431614664264129, 0.9972347318183231, 0.004375576364736754, 0.0, 0.0, 0.0, 1.0]}, {"left_foot_pose": [0.9804619561170465, 0.19592793210322343, 0.017509940859147217, 0.014326621543448098, -0.1967088015497426, 0.9765698438017715, 0.08727535488239462, -0.0007097470886854897, -4.041131886131332e-10, -0.08901452465041194, 0.9960303280529476, 1.341457903092369e-09, 0.0, 0.0, 0.0, 1.0], "right_foot_pose": [0.9933538668209664, 0.11448686654917543, 0.011868136314728533, -0.001171875335293594, -0.11510037031774015, 0.9880635656144399, 0.10238307993999071, -0.14477466639963502, -4.955074345601115e-06, -0.10306865524023673, 0.9946742443043431, 0.016515925634759968, 0.0, 0.0, 0.0, 1.0]}, {"left_foot_pose": [0.9804619561156914, 0.19561806743890378, 0.02068633126635535, 0.014326621512989673, -0.19670880155649562, 0.9750253752065654, 0.10310754139976386, -0.0007097474203753701, 8.237300124242347e-11, -0.10516220516309782, 0.9944550822461694, 6.96584123716093e-10, 0.0, 0.0, 0.0, 1.0], "right_foot_pose": [0.9909323929467186, 0.13320159505594473, 0.017616119988282553, -0.0025627629159527044, -0.13436142502800036, 0.982386853492295, 0.12985791292775706, -0.1445665922346492, -8.563553418376327e-06, -0.1310473393856591, 0.991376111658237, 0.030217196359942307, 0.0, 0.0, 0.0, 1.0]}, {"left_foot_pose": [0.980461956113354, 0.1953999379136351, 0.022654290492634094, 0.01432662116428052, -0.19670880156814785, 0.9739381449683093, 0.11291650526522674, -0.0007097477220481627, 4.602804398737575e-10, -0.11516663596301098, 0.9933461863625211, 1.7517059330840468e-10, 0.0, 0.0, 0.0, 1.0], "right_foot_pose": [0.9873808953065518, 0.15653427856947383, 0.02399973367281657, -0.004301203259905535, -0.1583634031228582, 0.9759875889048945, 0.1495635612539287, -0.14430653127516474, -1.1618040526883525e-05, -0.15147688251461017, 0.9884608004006411, 0.039161269201874765, 0.0, 0.0, 0.0, 1.0]}, {"left_foot_pose": [0.9804619561086632, 0.19537040436792164, 0.02290759089668501, 0.014326620686088195, -0.19670880159152768, 0.9737909399501338, 0.11417903768845034, -0.0007097475971590437, 2.9225638788050015e-10, -0.11645432739125884, 0.9931960479340677, 2.401422116715679e-11, 0.0, 0.0, 0.0, 1.0], "right_foot_pose": [0.9827248028231512, 0.18285741901075508, 0.028550415564809587, -0.006243796472725444, -0.18507285526471873, 0.9709715316116472, 0.15153324072261007, -0.14401591911560505, -1.2663436240239369e-05, -0.15419938103785394, 0.9880397515926069, 0.04000000001431303, 0.0, 0.0, 0.0, 1.0]}, {"left_foot_pose": [0.9804619561120069, 0.19545378800031435, 0.022184890654364436, 0.014326620429565376, -0.19670880157486043, 0.9742065517711456, 0.11057685955550257, -0.0007097475569177265, 2.3949313085657686e-10, -0.11278036727420022, 0.9936199418074789, 1.5902162919800844e-10, 0.0, 0.0, 0.0, 1.0], "right_foot_pose": [0.9771665869367335, 0.21008489774162273, 0.03177730503531178, -0.008247129721954993, -0.21247461313150043, 0.9661849224758647, 0.14608639346265745, -0.14371621789537165, -1.2207969989865395e-05, -0.14950261309154142, 0.9887613304178955, 0.0400000001751674, 0.0, 0.0, 0.0, 1.0]}, {"left_foot_pose": [0.9804619561172424, 0.19566448708486825, 0.020242556670725022, 0.01432662018822373, -0.19670880154876644, 0.9752567462040719, 0.10089562119683479, -0.000709747274341083, 1.7045003013621923e-11, -0.10290620718529443, 0.9946910638598995, 6.218464770890719e-10, 0.0, 0.0, 0.0, 1.0], "right_foot_pose": [0.9711204415415525, 0.23638102204489822, 0.03238981996167301, -0.010167792662038804, -0.2385897900493976, 0.9621360102145975, 0.1317922984567768, -0.14342887881903907, -1.0213942634158449e-05, -0.13571407541351474, 0.9907480454839819, 0.038353474974225525, 0.0, 0.0, 0.0, 1.0]}, {"left_foot_pose": [0.9804619561224106, 0.19596930279705846, 0.01704068536921851, 0.014326620130501816, -0.196708801523007, 0.976776049182223, 0.0849364300365283, -0.0007097467457141335, -3.5397316151644135e-10, -0.08662899113577856, 0.9962406425632304, 1.539301443254093e-09, 0.0, 0.0, 0.0, 1.0], "right_foot_pose": [0.9652064284626309, 0.25996198798572584, 0.028219058398913314, -0.011862377889469975, -0.26148910189193886, 0.9595723613971717, 0.10413612646148825, -0.14317535329231657, -6.794048188576872e-06, -0.10789183493279417, 0.9941626385600474, 0.028272573269382456, 0.0, 0.0, 0.0, 1.0]}, {"left_foot_pose": [0.9804619561244216, 0.19629982984628144, 0.012677909724998625, 0.01432662021292774, -0.196708801512983, 0.9784235058613667, 0.06319090587480412, -0.0007097464708429677, -8.090707326893439e-10, -0.06445013561097913, 0.997920928741214, 2.4526406253166932e-09, 0.0, 0.0, 0.0, 1.0], "right_foot_pose": [0.9602056006941759, 0.2785023525922077, 0.021015327647748244, -0.013187465391945158, -0.2792941180622271, 0.9574844411537453, 0.07223808250737707, -0.14297711639351687, -3.373323412752985e-06, -0.07523286880815824, 0.9971659919188557, 0.014400775839217006, 0.0, 0.0, 0.0, 1.0]}, {"left_foot_pose": [0.9804619561203669, 0.19657303273590485, 0.007307215723789967, 0.014326620338897816, -0.19670880153319262, 0.9797852396101417, 0.036421582083605276, -0.0007097467164094932, -1.2616028048099398e-09, -0.03714736926226163, 0.9993097982892465, 3.025576955639764e-09, 0.0, 0.0, 0.0, 1.0], "right_foot_pose": [0.9569779872930365, 0.28989166460165344, 0.012488179653232581, -0.013999646765741834, -0.2901605277010669, 0.9560913835853292, 0.041184152269157816, -0.1428556236742191, -8.985066072738849e-07, -0.04303590394511645, 0.9990735263086593, 0.0030562002256818363, 0.0, 0.0, 0.0, 1.0]}, {"left_foot_pose": [0.980461956082267, 0.19670495438021643, 0.0012302835495094516, 0.01432662203791591, -0.19670880172309288, 0.9804427796885243, 0.006132135134302236, -0.0007097477584053404, -1.2612399527978051e-09, -0.006254332811542672, 0.9999804414692735, 3.206200194227904e-09, 0.0, 0.0, 0.0, 1.0], "right_foot_pose": [0.9562187494092604, 0.292633157704423, 0.0033968058714360367, -0.014186318689377355, -0.29265287163837966, 0.9561543358317243, 0.011098774346943337, -0.14282770844988513, -1.278157308470696e-09, -0.011606941118683775, 0.9999326371900596, 3.342606580414298e-09, 0.0, 0.0, 0.0, 1.0]}, {"left_foot_pose": [0.9804619560575202, 0.19664452013790437, -0.005028461354715394, 0.01432662385912019, -0.19670880184644104, 0.9801415546779647, -0.025063520694433766, -0.0007097484961252117, -7.007480144289846e-11, 0.025562971133969582, 0.9996732138588117, 3.272004257814931e-09, 0.0, 0.0, 0.0, 1.0], "right_foot_pose": [0.9562187494236103, 0.2925919520158154, -0.005971002120368095, -0.014186316728743702, -0.2926528715914925, 0.9560196998067703, -0.01950974963002682, -0.1428277083129625, -7.29295672223136e-11, 0.02040301930959641, 0.999791836735554, 3.3548178887676805e-09, 0.0, 0.0, 0.0, 1.0]}, {"left_foot_pose": [0.9804339648280161, 0.19654736017534424, -0.010880065244338027, 0.014336611084637647, -0.1968482679922337, 0.9789353227640922, -0.054188497240846935, -0.0007122738808834385, 2.7409710295626083e-07, 0.055269965196905725, 0.9984714472367543, 0.00017677987309330095, 0.0, 0.0, 0.0, 1.0], "right_foot_pose": [0.9562187493921669, 0.29228503242664855, -0.014668439938617857, -0.014186320418992586, -0.2926528716942305, 0.9550168651955805, -0.04792790294939466, -0.14282770820184215, -1.1402166366775988e-09, 0.05012232049057003, 0.9987430865786457, 2.364355329576018e-09, 0.0, 0.0, 0.0, 1.0]}, {"left_foot_pose": [0.9791300596645852, 0.2025244712951883, -0.016975417162220625, 0.014794425856392525, -0.20323465810227453, 0.9757096787567253, -0.08176977758622397, -0.000827968483269173, 2.69785253637258e-06, 0.08351324030986639, 0.