{"LoopMode": "Wrap", "FrameDuration": 0.0167, "EnableCycleOffsetPosition": true, "EnableCycleOffsetRotation": false, "Debug_info": [{"left_foot_pose": [1.0000000000000007, -1.0658006258607588e-13, 9.142298029729549e-12, -1.722971572819902e-12, 2.7245352964101267e-14, 0.9999620375649145, 0.008713405133775453, 1.0063824773531849e-13, -9.143051227951343e-12, -0.00871340513377572, 0.9999620375649145, 2.138260402073655e-11, 0.0, 0.0, 0.0, 1.0], "right_foot_pose": [0.9999999999999998, 2.0330993004855253e-13, 9.115097565626227e-12, -1.4263834224087668e-12, -7.482640223092434e-14, 0.9999007561195519, -0.014088218891978622, -0.14000000000225418, -9.11728671130482e-12, 0.014088218891978437, 0.9999007561195519, 1.646403846589095e-11, 0.0, 0.0, 0.0, 1.0]}, {"left_foot_pose": [1.0000000000000007, -1.499402566464662e-13, 2.0025481273222574e-11, -3.673529773327129e-12, 3.7084552872631565e-14, 0.9999840273199926, 0.005652000078677357, 1.1308575603719007e-12, -2.0026203881862947e-11, -0.005652000078677626, 0.9999840273199928, 4.535542080796873e-11, 0.0, 0.0, 0.0, 1.0], "right_foot_pose": [1.0, 5.283245331858379e-13, 2.0006163392594086e-11, -3.247816324708134e-12, -1.8508230377158995e-13, 0.9998529161651509, -0.017150686168299432, -0.1400000000040077, -2.0012318406275323e-11, 0.017150686168299248, 0.999852916165151, 3.7861956625473425e-11, 0.0, 0.0, 0.0, 1.0]}, {"left_foot_pose": [1.0000000000000007, -4.706668135872106e-14, 3.472994114517292e-11, -6.285663234849384e-12, -1.8863759756780958e-15, 0.9999989931392242, 0.0014190562140248466, 2.9221538383472634e-12, -3.473023288014902e-11, -0.0014190562140251166, 0.9999989931392244, 7.765300902295991e-11, 0.0, 0.0, 0.0, 1.0], "right_foot_pose": [0.9999999999999998, 1.1288810181796999e-12, 3.475775223193977e-11, -5.758099853849767e-12, -3.852344639053992e-13, 0.9997712852838804, -0.021386377014773306, -0.14000000000594884, -3.477391197974704e-11, 0.021386377014773125, 0.9997712852838803, 6.725757450976033e-11, 0.0, 0.0, 0.0, 1.0]}, {"left_foot_pose": [1.0000000000000007, 3.4820169940840056e-13, 5.300815342224042e-11, -9.516705140848949e-12, -1.3810599902016576e-13, 0.999992170461619, -0.003957147389334504, 5.611146963735436e-12, -5.3009446150024684e-11, 0.003957147389334231, 0.9999921704616193, 1.1803875932248076e-10, 0.0, 0.0, 0.0, 1.0], "right_foot_pose": [0.9999999999999998, 2.144215699482129e-12, 5.314687578916731e-11, -8.930020640928755e-12, -7.20754608237804e-13, 0.9996416673109121, -0.026768208305002084, -0.1400000000078534, -5.3185352172510854e-11, 0.026768208305001904, 0.9996416673109119, 1.0414911294498452e-10, 0.0, 0.0, 0.0, 1.0]}, {"left_foot_pose": [1.0000000000000004, 1.2165690375628237e-12, 7.502354293364987e-11, -1.3395220936837315e-11, -4.3140834726104225e-13, 0.9999452905958043, -0.010460201492967952, 9.423288538368269e-12, -7.50324312217405e-11, 0.010460201492967681, 0.9999452905958042, 1.6724661933142926e-10, 0.0, 0.0, 0.0, 1.0], "right_foot_pose": [1.0, 3.763911817550391e-12, 7.537120927381122e-11, -1.2809910367630228e-11, -1.253332448969464e-12, 0.9994460251932097, -0.03328126688534944, -0.1400000000095028, -7.545486146550575e-11, 0.03328126688534925, 0.9994460251932096, 1.488851611441966e-10, 0.0, 0.0, 0.0, 1.0]}, {"left_foot_pose": [1.0000000000000004, 2.7947918865072237e-12, 1.0135214889572805e-10, -1.802133690178346e-11, -9.598974805892509e-13, 0.9998362474692034, -0.018096360040147717, 1.469768577677666e-11, -1.0138621845707758e-10, 0.018096360040147447, 0.9998362474692035, 2.2704524371697232e-10, 0.0, 0.0, 0.0, 1.0], "right_foot_pose": [0.9999999999999998, 6.250488888810864e-12, 1.0205103428972958e-10, -1.752096298851223e-11, -2.0678831000654814e-12, 0.999161867426511, -0.0409336375218121, -0.14000000001064833, -1.0222137313021996e-10, 0.040933637521811915, 0.999161867426511, 2.0270304185165955e-10, 0.0, 0.0, 0.0, 1.0]}, {"left_foot_pose": [1.0000000000000004, 5.4082014944944365e-12, 1.329401033700605e-10, -2.355992129708229e-11, -1.830207698985773e-12, 0.9996382078885345, -0.026897087749413517, 2.1910187206208853e-11, -1.3303770077378626e-10, 0.02689708774941325, 0.9996382078885347, 3.002550499897616e-10, 0.0, 0.0, 0.0, 1.0], "right_foot_pose": [0.9999999999999998, 9.972302399534746e-12, 1.3419504396594556e-10, -2.325968669779085e-11, -3.2824965987160524e-12, 0.9987612527114377, -0.04975902010972026, -0.1400000000109611, -1.345249992699046e-10, 0.049759020109720074, 0.9987612527114378, 2.6768009336874954e-10, 0.0, 0.0, 0.0, 1.0]}, {"left_foot_pose": [1.0000000000000007, 9.51022470406776e-12, 1.7102480542874317e-10, -3.022870845684527e-11, -3.1896238286676163e-12, 0.9993183223462844, -0.036917348537078294, 3.1687050552897666e-11, -1.7125935974234084e-10, 0.03691734853707801, 0.9993183223462849, 3.9074653235271484e-10, 0.0, 0.0, 0.0, 1.0], "right_foot_pose": [1.0, 1.544323820452453e-11, 1.7312701272587098e-10, -3.0286660722404795e-11, -5.0599217997891375e-12, 0.9982094732408767, -0.059815111235972704, -0.14000000000997112, -1.7374102807725716e-10, 0.059815111235972517, 0.9982094732408765, 3.466308559629816e-10, 0.0, 0.0, 0.0, 1.0]}, {"left_foot_pose": [1.0000000000000007, 1.571562646625051e-11, 2.1691837215342934e-10, -3.8264538337641266e-11, -5.235145906506872e-12, 0.9988362843902548, -0.048229420331067384, 4.477155451931836e-11, -2.174242074550937e-10, 0.0482294203310671, 0.9988362843902552, 5.032066152654835e-10, 0.0, 0.0, 0.0, 1.0], "right_foot_pose": [0.9999999999999998, 2.335279092625362e-11, 2.20277629470189e-10, -3.889270231844507e-11, -7.614703059058583e-12, 0.9974636644415897, -0.07117751132735559, -0.14000000000700474, -2.2138119397472396e-10, 0.07117751132735542, 0.9974636644415896, 4.4275836469376273e-10, 0.0, 0.0, 0.0, 1.0]}, {"left_foot_pose": [1.0000000000000007, 2.477619107278054e-11, 2.7135477198569855e-10, -4.7818537615589096e-11, -8.202228277116916e-12, 0.9981433974375189, -0.06090778400079939, 6.182765063811324e-11, -2.7236030301074803e-10, 0.06090778400079911, 0.9981433974375193, 6.419701367721409e-10, 0.0, 0.0, 0.0, 1.0], "right_foot_pose": [0.9999999999999998, 3.4523805685740806e-11, 2.7652286016532897e-10, -4.928394020061434e-11, -1.1194858111337861e-11, 0.9964721042522005, -0.083924641477887, -0.14000000000116047, -2.784448634313731e-10, 0.08392464147788686, 0.9964721042522003, 5.584510909262264e-10, 0.0, 0.0, 0.0, 1.0]}, {"left_foot_pose": [1.0000000000000004, 3.732449741749845e-11, 3.326104391909717e-10, -5.864537414302252e-11, -1.2275675355275763e-11, 0.9971840789425104, -0.07499275100686713, 8.276873630919113e-11, -3.344731436985448e-10, 0.07499275100686682, 0.9971840789425109, 8.068447576725646e-10, 0.0, 0.0, 0.0, 1.0], "right_foot_pose": [1.0, 4.9589906712819045e-11, 3.4025393613745765e-10, -6.123259531591081e-11, -1.597133801760097e-11, 0.9951764478890003, -0.09810115986588526, -0.13999999999147691, -3.4347769935139153e-10, 0.09810115986588508, 0.9951764478890003, 6.91530915863936e-10, 0.0, 0.0, 0.0, 1.0]}, {"left_foot_pose": [1.0000000000000004, 5.286157075845026e-11, 3.9145658936590073e-10, -6.924584898235082e-11, -1.7256164434225082e-11, 0.9959053255143586, -0.09040233742631124, 1.0484770517071862e-10, -3.9463281129466315e-10, 0.0904023374263109, 0.9959053255143585, 9.802439346340286e-10, 0.0, 0.0, 0.0, 1.0], "right_foot_pose": [1.0, 6.777605084689197e-11, 4.0213044005810125e-10, -7.310645870013189e-11, -2.1643370517844172e-11, 0.9935232610539002, -0.11362891245111889, -0.1399999999777764, -4.0722749242113675e-10, 0.11362891245111867, 0.9935232610539001, 8.24582263581064e-10, 0.0, 0.0, 0.0, 1.0]}, {"left_foot_pose": [1.0000000000000002, 6.669926479093678e-11, 4.1916803361630054e-10, -7.475318626580848e-11, -2.1585154594069946e-11, 0.9942893050840792, -0.10671821679272894, 1.1813524984638502e-10, -4.238924650579722e-10, 0.10671821679272865, 0.9942893050840789, 1.0925186935684117e-09, 0.0, 0.0, 0.0, 1.0], "right_foot_pose": [0.9999999999999999, 8.328390989099312e-11, 4.324854363524362e-10, -7.949413063831315e-11, -2.631410548255194e-11, 0.9915021881240561, -0.13009001093554073, -0.1399999999633742, -4.396447839457381e-10, 0.13009001093554054, 0.9915021881240561, 8.980818172465987e-10, 0.0, 0.0, 0.0, 1.0]}, {"left_foot_pose": [1.0000000000000004, 6.352026600611513e-11, 3.4792163594587914e-10, -6.320405193005343e-11, -2.0362401092743033e-11, 0.9924481271661694, -0.12266505160135767, 9.88841057647516e-11, -3.5308600045362366e-10, 0.12266505160135738, 0.9924481271661696, 9.541493983800109e-10, 0.0, 0.0, 0.0, 1.0], "right_foot_pose": [0.9999999999999998, 7.779747459839094e-11, 3.6047553830798015e-10, -6.715262299276137e-11, -2.4260640331232123e-11, 0.9892553092322168, -0.14619826659667015, -0.1399999999608077, -3.679761724997766e-10, 0.14619826659667, 0.9892553092322168, 7.624326031629991e-10, 0.0, 0.0, 0.0, 1.0]}, {"left_foot_pose": [1.0000000000000004, 1.0492936883063225e-10, 5.221882926065272e-10, -1.4778627780131871e-09, -3.1102934257453356e-11, 0.9902339184564819, -0.1394158769234063, -8.481283914757443e-09, -5.317175536058236e-10, 0.13941587692340604, 0.9902339184564822, 0.004137803185980428, 0.0, 0.0, 0.0, 1.0], "right_foot_pose": [1.0, 5.6686162898066024e-11, 2.4055768488295795e-10, 3.240589810830915e-12, -1.7480345062612053e-11, 0.9871259183169134, -0.15994505740094223, -0.14000000020311693, -2.465274604317289e-10, 0.15994505740094203, 0.9871259183169133, 4.452277088673462e-10, 0.0, 0.0, 0.0, 1.0]}, {"left_foot_pose": [1.0000000000000004, 1.3298062787931217e-10, 5.795351976090021e-10, -2.469600539069467e-09, -3.946593384672795e-11, 0.9873651301359507, -0.15846166663145414, -1.2401741768947039e-08, -5.932853362422556e-10, 0.15846166663145392, 0.987365130135951, 0.013626743099659507, 0.0, 0.0, 0.0, 1.0], "right_foot_pose": [1.0, 3.0426970576930154e-11, 1.2115286551761513e-10, 4.776275904646892e-11, -9.331249675474734e-12, 0.9853663773958321, -0.17044970606549945, -0.14000000023682907, -1.2456652417451539e-10, 0.17044970606549925, 0.9853663773958318, 3.0954561830442984e-10, 0.0, 0.0, 0.0, 1.0]}, {"left_foot_pose": [1.0000000000000004, 9.123090115614732e-11, 3.5824537780726313e-10, -1.7429295792181624e-09, -2.671678604304004e-11, 0.9843718048862599, -0.17610266819377865, -7.502522967467451e-09, -3.687129102880453e-10, 0.17610266819377837, 0.9843718048862601, 0.023728893370038855, 0.0, 0.0, 0.0, 1.0], "right_foot_pose": [1.0, 8.737505520056727e-12, 3.332434328484619e-11, 3.6582680757182696e-11, -2.698262019663653e-12, 0.9841961335454366, -0.17708181926503191, -0.14000000011367103, -3.434490484880574e-11, 0.17708181926503172, 0.9841961335454366, 1.2803618582024612e-10, 0.0, 0.0, 0.0, 1.0]}, {"left_foot_pose": [1.0000000000000007, 2.6978002353466156e-12, 1.1468437310924126e-11, -1.1768737237262723e-10, -5.20868588016361e-13, 0.9826068159298517, -0.18569826409581655, -3.9758348696627976e-10, -1.1770061276309575e-11, 0.1856982640958163, 0.9826068159298521, 0.029705660544127883, 0.0, 0.0, 0.0, 1.0], "right_foot_pose": [0.9999999999999998, 3.4894067356764405e-14, 6.439293542825725e-15, 5.4351208606558e-12, -3.311415285821398e-14, 0.983788538876662, -0.17933240302556291, -0.1399999999979861, -1.2733920893936661e-14, 0.17933240302556264, 0.9837885388766618, -7.298037174585659e-12, 0.0, 0.0, 0.0, 1.0]}, {"left_foot_pose": [1.0000000000000004, 1.2245237802071711e-11, 4.5512260626878535e-11, -2.8392239940214495e-12, -3.6956995882213446e-12, 0.9830597590907875, -0.18328532417071491, 2.3419641226318788e-11, -4.6985804616020394e-11, 0.18328532417071466, 0.9830597590907872, 0.03000000007869752, 0.0, 0.0, 0.0, 1.0], "right_foot_pose": [1.0, 8.699135307651238e-12, 3.31332739023082e-11, -5.096895643451068e-12, -2.6986699564750497e-12, 0.9842186157574792, -0.17695682071181082, -0.13999999999129514, -3.414983992374715e-11, 0.17695682071181063, 0.9842186157574793, 6.140273012267272e-11, 0.0, 0.0, 0.0, 1.0]}, {"left_foot_pose": [1.0000000000000002, 4.5910548110142394e-11, 1.7779605565593137e-10, -1.6133877919981626e-11, -1.4014117601883425e-11, 0.984498290648198, -0.1753941723968544, 8.039937465786906e-11, -1.8309250943421115e-10, 0.17539417239685418, 0.984498290648198, 0.030000000321168847, 0.0, 0.0, 0.0, 1.0], "right_foot_pose": [0.9999999999999998, 3.251433161247968e-11, 1.2905682078567775e-10, -2.171808609391235e-11, -1.0072632708453605e-11, 0.9854072795581112, -0.17021308232295917, -0.13999999997310705, -1.3270806955592342e-10, 0.17021308232295904, 0.9854072795581114, 2.5247295920571844e-10, 0.0, 0.0, 0.0, 1.0]}, {"left_foot_pose": [1.0000000000000004, 1.8326396194865434e-10, 7.707327553951839e-10, -8.123929657498828e-10, -5.753548974350007e-11, 0.9871069129805413, -0.16006230769930566, -4.840205618250604e-09, -7.901295833603671e-10, 0.1600623076993054, 0.9871069129805412, 0.028177504857649353, 0.0, 0.0, 0.0, 1.0], "right_foot_pose": [0.9999999999999998, 7.292737003174499e-11, 3.1045899184789464e-10, -5.269029543784835e-11, -2.2697287095675032e-11, 0.987308902406587, -0.15881162183134068, -0.140000000150281, -3.181007191914177e-10, 0.1588116218313405, 0.9873089024065868, 6.348383346788111e-10, 0.0, 0.0, 0.0, 1.0]}, {"left_foot_pose": [1.0000000000000004, 2.7438062288468533e-10, 1.3759769434962216e-09, -2.406838875154546e-09, -8.80961681136649e-11, 0.9910359258903346, -0.13359563463933935, -1.3446198151439992e-08, -1.400298929742681e-09, 0.13359563463933907, 0.9910359258903348, 0.020036388617377915, 0.0, 0.0, 0.0, 1.0], "right_foot_pose": [0.9999999999999996, 1.2035913070810911e-10, 5.711827122389928e-10, -7.65498311268812e-11, -3.78671725756004e-11, 0.9898265631901991, -0.14227921423412054, -0.1400000004482847, -5.824965024508956e-10, 0.14227921423412032, 0.9898265631901989, 1.2769732007922308e-09, 0.0, 0.0, 0.0, 1.0]}, {"left_foot_pose": [1.0000000000000002, 2.3170534948808368e-10, 1.496870349892983e-09, -2.4024253735285393e-09, -7.64100563230202e-11, 0.9946891870862564, -0.10292434645740102, -1.4321234189859644e-08, -1.512768991941285e-09, 0.10292434645740074, 0.9946891870862568, 0.009609579701103238, 0.0, 0.0, 0.0, 1.0], "right_foot_pose": [0.9999999999999998, 1.5987612710983192e-10, 8.918800142865272e-10, -1.2448373246991435e-10, -5.1016677513402265e-11, 0.9926836093442267, -0.12074457229755209, -0.1400000005627234, -9.046590165385018e-10, 0.12074457229755191, 0.9926836093442267, 1.957133857755089e-09, 0.0, 0.0, 0.0, 1.0]}, {"left_foot_pose": [1.0000000000000004, 1.5668029957127843e-10, 1.4431412731497037e-09, -9.264082161802448e-10, -5.2413576627773855e-11, 0.9974069363120037, -0.07196807206465616, -6.351556917569279e-09, -1.4506753601565855e-09, 0.07196807206465586, 0.997406936312004, 0.0016356734249633048, 0.0, 0.0, 0.0, 1.0], "right_foot_pose": [0.9999999999999998, 1.76505244348714e-10, 1.2559305817561031e-09, -2.136015133600038e-10, -5.715313528879752e-11, 0.9955340502188244, -0.09440315066195243, -0.14000000033402935, -1.2669842301726009e-09, 0.09440315066195223, 0.9955340502188242, 2.584935300531388e-09, 0.0, 0.0, 0.0, 1.0]}, {"left_foot_pose": [1.0000000000000004, 9.694008074326097e-11, 1.5952891785353515e-09, -2.565779127207622e-10, -3.183461795614057e-11, 0.9991689511643748, -0.0407603610028706, 3.8648031303045727e-10, -1.5979148372888289e-09, 0.04076036100287031, 0.9991689511643749, 3.4176752886083683e-09, 0.0, 0.0, 0.0, 1.0], "right_foot_pose": [0.9999999999999998, 1.5383594649226072e-10, 1.6185362494702807e-09, -2.8385803816915906e-10, -5.046413590642317e-11, 0.9979707156187102, -0.06367456923670388, -0.14000000002424787, -1.6250472309624047e-09, 0.0636745692367037, 0.9979707156187098, 3.2529394108915533e-09, 0.0, 0.0, 0.0, 1.0]}, {"left_foot_pose": [1.0000000000000004, 1.8762761531533675e-11, 1.779221103781481e-09, -2.926880144295957e-10, -6.231493430195168e-12, 0.999975200079503, -0.007042671791239389, 3.155286899814147e-10, -1.7793092961415117e-09, 0.007042671791239115, 0.999975200079503, 3.683334866277921e-09, 0.0, 0.0, 0.0, 1.0], "right_foot_pose": [0.9999999999999998, 7.987336046832807e-11, 1.78866682576384e-09, -3.134612470669033e-10, -2.6430472674504307e-11, 0.9995541301832875, -0.029858681041385685, -0.14000000014967104, -1.7902542540977225e-09, 0.029858681041385504, 0.9995541301832875, 3.6590327712193726e-09, 0.0, 0.0, 0.0, 1.0]}, {"left_foot_pose": [1.0000000000000002, -6.783503427562145e-11, 1.6807180092115478e-09, -2.8378003911902204e-10, 2.2238755021614007e-11, 0.9996323369536336, 0.027114404227607757, 1.8262523958367805e-10, -1.6819396364882592e-09, -0.027114404227608017, 0.9996323369536337, 3.4040562868487e-09, 0.0, 0.0, 0.0, 1.0], "right_foot_pose": [0.9999999999999998, -1.0658585941028814e-11, 1.674059335599054e-09, -2.9410741830202797e-10, 3.4566251377137188e-12, 0.9999907460887443, 0.004302061933159457, -0.1400000002514711, -1.6740897991748149e-09, -0.004302061933159637, 0.999990746088744, 3.533347350814786e-09, 0.0, 0.0, 0.0, 1.0]}, {"left_foot_pose": [1.0000000000000004, -1.1734655299168604e-10, 1.3394841347214049e-09, -2.32219712007459e-10, 3.8254773532958646e-11, 0.998264205161143, 0.05889462364250248, 5.990743491557371e-11, -1.3440703328666681e-09, -0.058894623642502746, 0.9982642051611433, 2.6906319602892914e-09, 0.0, 0.0, 0.0, 1.0], "right_foot_pose": [0.9999999999999996, -7.103525232868511e-11, 1.322796316927111e-09, -2.345233732309847e-10, 2.3369414810295717e-11, 0.9993518125081712, 0.03599937272554975, -0.1400000002725591, -1.3244962101078956e-09, -0.03599937272554992, 0.9993518125081711, 2.9149826163976655e-09, 0.0, 0.0, 0.0, 1.0]}, {"left_foot_pose": [1.0000000000000004, -1.208384172992834e-10, 9.231632680517546e-10, 2.8664346851869587e-10, 4.0898080068634586e-11, 0.9962858009880095, 0.08610808759739741, 3.077503564485884e-10, -9.301399372638614e-10, -0.08610808759739767, 0.9962858009880096, 1.863449436423359e-09, 0.0, 0.0, 0.0, 1.0], "right_foot_pose": [0.9999972924513423, 0.002322094665375647, 0.00015154652565717462, -1.9522451288341664e-09, -0.0023270343788782378, 0.9979021264308484, 0.06469877105316615, -0.14011634423021488, -9.91929087633647e-07, -0.06469894853207081, 0.9979048281564029, 0.0027003671620767777, 0.0, 0.0, 0.0, 1.0]}, {"left_foot_pose": [1.0000000000000004, -8.514100323856381e-11, 4.6247572438318405e-10, 6.204845753935642e-10, 3.469463345602657e-11, 0.9941505953450205, 0.10800274892400699, 3.04694549105311e-10, -4.689663346821198e-10, -0.10800274892400726, 0.9941505953450208, 1.1977342798119572e-09, 0.0, 0.0, 0.0, 1.0], "right_foot_pose": [0.9999489668527413, 0.01005854904710092, 0.0009430170739591563, -5.224655449351549e-09, -0.010102657193636852, 0.9956088618841749, 0.09306412012868064, -0.14050512577713606, -2.786138902308012e-06, -0.09306889775195973, 0.9956596709034028, 0.010452138417250512, 0.0, 0.0, 0.0, 1.0]}, {"left_foot_pose": [1.0000000000000004, -3.003439048846243e-11, 3.609246235214472e-11, 6.72649826320767e-10, 2.5317080728703365e-11, 0.9922497524753899, 0.12425952161717185, 1.1846242303076293e-10, -3.9545165293136184e-11, -0.1242595216171721, 0.9922497524753897, 6.429999241386319e-10, 0.0, 0.0, 0.0, 1.0], "right_foot_pose": [0.9997517261487177, 0.022118943675291984, 0.002690426239231003, -7.18757335431159e-09, -0.022281966651749214, 0.9924641096993544, 0.12049275878988766, -0.141114170150266, -4.978937276353663e-06, -0.12052279157635296, 0.9927105603779245, 0.01987015692547285, 0.0, 0.0, 0.0, 1.0]}, {"left_foot_pose": [1.0000000000000002, 1.950112707760899e-11, -2.9827168512852655e-10, 4.915559581900007e-10, 2.085991181067913e-11, 0.9908838044386221, 0.1347192863002309, -1.0274140132410237e-10, 2.9817963379133266e-10, -0.1347192863002311, 0.9908838044386222, 2.3060862247570313e-10, 0.0, 0.0, 0.0, 1.0], "right_foot_pose": [0.9992867263675994, 0.0373691468642147, 0.005439243345085991, -5.129381475636871e-09, -0.03776292434287197, 0.9888936398755008, 0.14374745409522158, -0.14188857385023357, -7.113426249383356e-06, -0.14385032456141386, 0.9895994563827202, 0.027499984113150744, 0.0, 0.0, 0.0, 1.0]}, {"left_foot_pose": [1.0000000000000007, 4.078301717653065e-11, -4.962653621376499e-10, 1.6639014101047622e-10, 2.8715931669523047e-11, 0.9902582802883299, 0.13924273166093862, -1.9220763348981595e-10, 4.971095721899744e-10, -0.1392427316609388, 0.9902582802883303, 7.56941662127808e-11, 0.0, 0.0, 0.0, 1.0], "right_foot_pose": [0.9984619896572424, 0.05474883871632253, 0.008730399126871695, -4.783368408398797e-10, -0.055440554981104534, 0.9860287187266797, 0.15707867681391222, -0.14277342769610057, -8.549122383553062e-06, -0.15732110635714627, 0.987547502362026, 0.030000000797734405, 0.0, 0.0, 0.0, 1.0]}, {"left_foot_pose": [1.0000000000000004, 2.2524772581164573e-11, -5.329574559453936e-10, -1.4038810789829063e-10, 5.123537553410964e-11, 0.9904332135576553, 0.13799293272431273, -2.011990400674346e-10, 5.309667795034896e-10, -0.13799293272431298, 0.9904332135576553, 1.1126827237362136e-10, 0.0, 0.0, 0.0, 1.0], "right_foot_pose": [0.9972427322475326, 0.07322967913095414, 0.012014452707182184, -3.2780555114970966e-10, -0.07420871173518757, 0.9841058992478514, 0.16133395850899257, -0.1437138254711874, -9.059770832124416e-06, -0.16178069464542136, 0.9868267359359321, 0.03000000059100507, 0.0, 0.0, 0.0, 1.0]}, {"left_foot_pose": [1.0000000000000004, -3.464651038037669e-11, -4.052638225005007e-10, -4.672991934423215e-10, 8.746788045592372e-11, 0.9913724361887577, 0.13107514167517914, -1.9957195791786564e-10, 3.9722577485493127e-10, -0.13107514167517934, 0.9913724361887577, 3.4598934828267147e-10, 0.0, 0.0, 0.0, 1.0], "right_foot_pose": [0.9956695253391097, 0.09177160832867665, 0.014838066442758577, -1.5053361313542568e-10, -0.09296341342512837, 0.9829197848261597, 0.15882852502508463, -0.1446548691595682, -8.679885129262336e-06, -0.15952011942718486, 0.9871946775700303, 0.030000000539492304, 0.0, 0.0, 0.0, 1.0]}, {"left_foot_pose": [1.0000000000000007, -1.2188698183158425e-10, -1.0241074654970585e-10, -8.228991081297472e-10, 1.331461315752794e-10, 0.9929785051317329, 0.11829492105052368, 6.878071549809572e-11, 8.727295036171707e-11, -0.11829492105052394, 0.9929785051317334, 8.587807132087732e-10, 0.0, 0.0, 0.0, 1.0], "right_foot_pose": [0.9938642555084007, 0.10939388785053655, 0.016334592853080993, 8.10901840033601e-10, -0.11060669766877637, 0.9829762330847922, 0.1467102028532439, -0.14554165166869437, -7.317074237949592e-06, -0.14761674190746926, 0.9890446387575657, 0.0276299201696424, 0.0, 0.0, 0.0, 1.0]}, {"left_foot_pose": [1.0000000000000007, -2.0782824527951501e-10, 3.481728239052058e-10, -1.0288742351916236e-09, 1.7214927131699786e-10, 0.9950362838910269, 0.0995127817937789, 4.087678398892458e-10, -3.6712649100216347e-10, -0.09951278179377918, 0.9950362838910269, 1.636449004083218e-09, 0.0, 0.0, 0.0, 1.0], "right_foot_pose": [0.9920239316048967, 0.1250725607737704, 0.01566440757430682, -2.4316393464757224e-09, -0.12604966916493912, 0.9843390679566701, 0.12323992939629201, -0.14631927171988054, -5.154792613627813e-06, -0.12423145268282584, 0.9922532671338216, 0.02008376522076097, 0.0, 0.0, 0.0, 1.0]}, {"left_foot_pose": [1.0000000000000007, -2.524746120284269e-10, 8.982741217522567e-10, -1.0305893821377627e-09, 1.8442020351807127e-10, 0.9971857401485987, 0.07497065855581145, 6.140321324316078e-10, -9.146746412901665e-10, -0.07497065855581173, 0.9971857401485991, 2.5325802774367467e-09, 0.0, 0.0, 0.0, 1.0], "right_foot_pose": [0.9904025038343517, 0.1375902244649388, 0.013107651594951713, -4.305157535588328e-09, -0.13821317010488982, 0.9859405893255675, 0.09390566505759587, -0.14693283438768984, -2.8642043968943617e-06, -0.0948160558768418, 0.9954948093987007, 0.010668137834928204, 0.0, 0.0, 0.0, 1.0]}, {"left_foot_pose": [1.0000000000000004, -2.1413763211368458e-10, 1.4622268951214369e-09, -7.896974103350423e-10, 1.4790415798411398e-10, 0.9989803453663363, 0.045147198935882225, 5.511067678598547e-10, -1.4704038057420274e-09, -0.04514719893588249, 0.9989803453663364, 3.3833535487137745e-09, 0.0, 0.0, 0.0, 1.0], "right_foot_pose": [0.9892809054091601, 0.14573740945972036, 0.00915956750079852, -2.416366903009587e-09, -0.14602496427617825, 0.9873332204222943, 0.06204693109801507, -0.14732743905035342, -9.86275088289349e-07, -0.06271936969159368, 0.9980312022499678, 0.0028374764162413454, 0.0, 0.0, 0.0, 1.0]}, {"left_foot_pose": [1.0000000000000004, 4.511284564747614e-11, 1.7944675745340528e-09, 5.451568023201744e-10, -6.543005438527178e-11, 0.9999358819766194, 0.011323954063889865, 1.7972068798444152e-10, -1.7938419104752545e-09, -0.011323954063890137, 0.9999358819766198, 3.8175883287916434e-09, 0.0, 0.0, 0.0, 1.0], "right_foot_pose": [0.9889200216622648, 0.14838659219321507, 0.004313932404468374, 7.515108604860821e-10, -0.14844928681373257, 0.9885023711956122, 0.02873797809773471, -0.14745000030033353, -1.7745485242225282e-09, -0.029059962111747644, 0.9995776701197678, 4.174243048438164e-09, 0.0, 0.0, 0.0, 1.0]}, {"left_foot_pose": [1.0000000000000002, 5.993185644211225e-10, -1.098472535154838e-09, 5.361498649236964e-09, -6.251863556736589e-10, 0.9997190572350603, -0.023702459809970645, -7.243845957100037e-10, 1.0839584378109928e-09, 0.02370245980997038, 0.99971905723506, 4.002663686608621e-09, 0.0, 0.0, 0.0, 1.0], "right_foot_pose": [0.9889200216803878, 0.14844660080276506, -0.0008929892305962614, 5.7286021377944696e-09, -0.1484492866930031, 0.9889021292128917, -0.005948791351860997, -0.1474499990543972, 1.0964322280523546e-09, 0.006015442486960863, 0.9999819070621657, 4.696142509585943e-09, 0.0, 0.0, 0.0, 1.0]}, {"left_foot_pose": [1.0000000000000007, 2.459790965279931e-10, 1.2136089355685397e-09, 1.62904129691837e-09, -1.759518699338618e-10, 0.9983531241103902, -0.057367582997932716, 2.2214781750240498e-10, -1.225721783728321e-09, 0.05736758299793243, 0.9983531241103902, 3.4997179459983485e-09, 0.0, 0.0, 0.0, 1.0], "right_foot_pose": [0.988920021667831, 0.14833301166692903, -0.005874384590286912, 1.6953691432501639e-09, -0.14844928677664934, 0.9881454350520293, -0.039133214043060166, -0.1474499998717606, -1.1785816655686742e-09, 0.03957166708207461, 0.9992167348300092, 3.466894403503229e-09, 0.0, 0.0, 0.0, 1.0]}, {"left_foot_pose": [0.9999938551973244, 0.0034919369959885422, -0.00030974765485443123, 0.0002574952185140839, -0.0035056471724257124, 0.996141638557628, -0.08769005855641196, -1.9224961052380016e-05, 2.344376792350573e-06, 0.0876906055842956, 0.9961477589628784, 0.002058252205756332, 0.0, 0.0, 0.0, 1.0], "right_foot_pose": [0.9889200216447762, 0.14809670216870546, -0.010225340916011481, -6.514997877120343e-10, -0.14844928693023382, 0.9865712181937353, -0.06811784378292136, -0.14745000042965972, -9.791381299306795e-10, 0.06888104411580237, 0.9976248802839257, 2.338051974248856e-09, 0.0, 0.0, 0.0, 1.0]}, {"left_foot_pose": [0.9998402211761266, 0.017753513771064534, -0.0020844345171372545, 0.001313051325612461, -0.017875460133434818, 0.9930621990892089, -0.11622364933662656, -9.80153903492112e-05, 6.594966424629181e-06, 0.1162423394847408, 0.9932208810066482, 0.009386885763140264, 0.0, 0.0, 0.0, 1.0], "right_foot_pose": [0.9889200216425484, 0.14780706472136634, -0.013793564186074494, -9.449728907359733e-10, -0.14844928694507603, 0.9846417495285023, -0.09188816186511022, -0.14745000053218027, -3.1551362065414174e-10, 0.0929176877881925, 0.995673793617215, 1.5160882896325667e-09, 0.0, 0.0, 0.0, 1.0]}, {"left_foot_pose": [0.9991466187496768, 0.04088053080520168, -0.005900545921673388, 0.0030347214443868648, -0.04130416577155793, 0.9889384113188393, -0.1424597645234835, -0.0002265171114412129, 1.144571758941253e-05, 0.14258190915840485, 0.9897830060421028, 0.018788171294194085, 0.0, 0.0, 0.0, 1.0], "right_foot_pose": [0.9889200216440877, 0.14752488411467873, -0.016540839108320358, -9.166287793897776e-10, -0.1484492869348206, 0.9827619562176013, -0.11018959397282925, -0.14745000033346964, 3.1808823723584053e-10, 0.11142417142749712, 0.9937729388656624, 8.333950196615092e-10, 0.0, 0.0, 0.0, 1.0]}, {"left_foot_pose": [0.997435811275536, 0.07059837860362785, -0.011733342390502333, 0.0052611949159793395, -0.07156676694596689, 0.983975713259182, -0.1633095024332218, -0.00039269135317543044, 1.5937865257801917e-05, 0.1637304634288427, 0.9865051115383853, 0.026807669712762605, 0.0, 0.0, 0.0, 1.0], "right_foot_pose": [0.9889200216464159, 0.14729900430288612, -0.018444351933046926, -6.125031029244332e-10, -0.14844928691931036, 0.9812572202220284, -0.1228701630799189, -0.14745000000278358, 8.264130267567371e-10, 0.12424681522484159, 0.9922513436153585, 3.189982097917543e-10, 0.0, 0.0, 0.0, 1.0]}, {"left_foot_pose": [0.9943218530425019, 0.10478312390180433, -0.01856204480938164, 0.007831161742100507, -0.10641453006332452, 0.9791090214041935, -0.17326705398409012, -0.0005845044491590221, 1.8802342858912723e-05, 0.17425848946408007, 0.9846999433818253, 0.030000000159451513, 0.0, 0.0, 0.0, 1.0], "right_foot_pose": [0.9889200216469377, 0.14716648112538142, -0.01947351070025232, -9.924904084343544e-11, -0.14844928691583553, 0.9803743950036029, -0.1297260761585727, -0.14744999974728232, 1.1328957137620747e-09, 0.1311795428201082, 0.991358627110042, 9.221051699981331e-11, 0.0, 0.0, 0.0, 1.0]}, {"left_foot_pose": [0.9896377105221045, 0.14137246982840357, -0.02512024456858574, 0.010583315681063441, -0.14358691280685323, 0.9743990352335135, -0.1730009208258621, -0.0007899201966597644, 1.9574612719423334e-05, 0.174815173570878, 0.9846012668619818, 0.030000000125125235, 0.0, 0.0, 0.0, 1.0], "right_foot_pose": [0.9889200216442877, 0.1471456983630508, -0.01962993235625909, 3.9060822198261347e-10, -0.14844928693348858, 0.9802359470609439, -0.13076810505040454, -0.14744999974195017, 1.1927253101222758e-09, 0.13223324673766762, 0.9912186279813423, 8.031799531016404e-11, 0.0, 0.0, 0.0, 1.0]}, {"left_foot_pose": [0.9835130579442445, 0.1782236691786598, -0.03063312908694623, 0.013356344998497735, -0.18083712149110093, 0.969316721582251, -0.16650233857772168, -0.0009968938532942916, 1.8546550215463226e-05, 0.1692968310557914, 0.9855651082757004, 0.03000000028367126, 0.0, 0.0, 0.0, 1.0], "right_foot_pose": [0.9889200216388347, 0.1472371437921913, -0.01893183271010896, 8.328062679578696e-10, -0.14844928696981322, 0.980845125801461, -0.1261175974623304, -0.14744999977018916, 1.0039121863949897e-09, 0.12753063427833294, 0.9918346320433493, 2.6337793057606973e-10, 0.0, 0.0, 0.0, 1.0]}, {"left_foot_pose": [0.9764015409420046, 0.21351945446837306, -0.03239557700687605, 0.015988938859553308, -0.21596303067563175, 0.965364234423331, -0.1463962577310405, -0.0011933897725632074, 1.5082309001601061e-05, 0.1499377786276212, 0.9886954345564358, 0.028234484211757747, 0.0, 0.0, 0.0, 1.0], "right_foot_pose": [0.9889200216394988, 0.14752052532034848, -0.016579668565493443, 7.736311521955308e-10, -0.1484492869653915, 0.9827329189416031, -0.11044826493876435, -0.14745000012613685, 1.9964103386667595e-11, 0.11168574052995779, 0.9937435762621437, 7.601239151999728e-10, 0.0, 0.0, 0.0, 1.0]}, {"left_foot_pose": [0.9690581033149991, 0.24491127474711027, -0.030738573507613068, 0.018319790281820993, -0.24683272126501618, 0.9615199081620257, -0.12063612195771678, -0.0013673672045747664, 1.0603966859390932e-05, 0.12449069728231049, 0.9922207749174178, 0.021135375918976337, 0.0, 0.0, 0.0, 1.0], "right_foot_pose": [0.9889200216359743, 0.14779276335727917, -0.013945963814791705, 8.340539955735415e-10, -0.14844928698887094, 0.9845464781944199, -0.09290339857863543, -0.14745000046606432, -4.423394379106446e-10, 0.09394429931711794, 0.9955774548601509, 1.585141733151385e-09, 0.0, 0.0, 0.0, 1.0]}, {"left_foot_pose": [0.9624689426812445, 0.27019390831890755, -0.02547128346594116, 0.020187587613426494, -0.2713918464853334, 0.9582226082304607, -0.09031001460134502, -0.0015067779773395903, 5.943872236229831e-06, 0.09383328291905707, 0.9955879242845925, 0.01176039049289683, 0.0, 0.0, 0.0, 1.0], "right_foot_pose": [0.9889200216374646, 0.1480828852685628, -0.01042352603941145, 6.658936739685484e-10, -0.14844928697894308, 0.9864791742370771, -0.0694380874735041, -0.14745000069887707, -9.806102721837592e-10, 0.07021607997511871, 0.9975318050633414, 2.5247404722428257e-09, 0.0, 0.0, 0.0, 1.0]}, {"left_foot_pose": [0.9577370707092305, 0.2871039895317152, -0.017635265358831143, 0.02143102076185958, -0.2876450997056495, 0.9559358602523971, -0.05871054163297411, -0.0015995804487658957, 2.1518311787446433e-06, 0.06130195982579316, 0.9981192662787786, 0.0035639664107238664, 0.0, 0.0, 0.0, 1.0], "right_foot_pose": [0.9889200216466516, 0.14832441828253734, -0.006087505854810334, 2.4654023180609164e-10, -0.14844928691773981, 0.9880881877110541, -0.04055295944193636, -0.14745000065613853, -1.4911007172519015e-09, 0.041007319432409504, 0.9991588461065477, 3.3519273884285994e-09, 0.0, 0.0, 0.0, 1.0]}, {"left_foot_pose": [0.9559258807091608, 0.2934938778309797, -0.008188666933671193, 0.02188878136476008, -0.2936080901310729, 0.9555540309053925, -0.026660521938644, -0.0016337375741234707, 1.3727440574271198e-08, 0.02788974177347852, 0.9996110054935415, 5.652288844054665e-07, 0.0, 0.0, 0.0, 1.0], "right_foot_pose": [0.9889200216636105, 0.14844480791307227, -0.0011531506819406608, -3.4740584194115076e-10, -0.14844928680476766, 0.9888901846775053, -0.007681920049383896, -0.14745000019164728, -1.755309208333686e-09, 0.00776798893796717, 0.9999698287187766, 3.6791829929883058e-09, 0.0, 0.0, 0.0, 1.0]}, {"left_foot_pose": [0.9559256184386792, 0.29360358740221515, 0.0017735493171600048, 0.02188884248638509, -0.29360894402696663, 0.9559081784165943, 0.005774289881776275, -0.0016337425662427494, 1.9268912528184258e-09, -0.006040521568472553, 0.9999817558831672, 4.0883138610614544e-09, 0.0, 0.0, 0.0, 1.0], "right_foot_pose": [0.988920021749314, 0.14839881170622363, 0.0038708225891378643, -4.4687054935339116e-09, -0.1484492862338374, 0.9885837768129078, 0.0257861520780199, -0.1474499989150277, 1.912311378896499e-09, -0.0260750629243221, 0.9996599877425785, 3.837862576350215e-09, 0.0, 0.0, 0.0, 1.0]}, {"left_foot_pose": [0.9559256184340712, 0.2933897633373939, 0.011342785824815009, 0.021888844763925837, -0.29360894404196786, 0.9552120147028551, 0.03692959444502898, -0.0016337424603716493, -3.2569174878216316e-10, -0.03863228877690216, 0.9992534944966964, 3.3016016101616863e-09, 0.0, 0.0, 0.0, 1.0], "right_foot_pose": [0.9889200216976677, 0.148195078345499, 0.008683860872683956, -2.634287729142218e-09, -0.14844928657789075, 0.987226570720556, 0.0578490049857932, -0.1474499998066973, -3.638754658645023e-10, -0.05849715221703085, 0.9982875753922301, 3.4764900264105947e-09, 0.0, 0.0, 0.0, 1.0]}, {"left_foot_pose": [0.9559256184903425, 0.2929245918640101, 0.020034854508098776, 0.021888847688109694, -0.2936089438587615, 0.9536975204031031, 0.06522904002908761, -0.0016337425444006726, -1.137809251404394e-09, -0.06823652290582394, 0.9976691720914926, 2.282348449123006e-09, 0.0, 0.0, 0.0, 1.0], "right_foot_pose": [0.9885438291117495, 0.15034034522156225, 0.013374547608891636, -0.00018050106046872032, -0.1509340846893016, 0.9846563146032019, 0.087583355673572, -0.14740896752635382, -2.0208304287246304e-06, -0.08859866088549079, 0.9960674059948021, 0.0014926369120464508, 0.0, 0.0, 0.0, 1.0]}, {"left_foot_pose": [0.9559256185016364, 0.29233417562663633, 0.027330233313307875, 0.021888848272245742, -0.2936089438219903, 0.9517752560951227, 0.08898117774450763, -0.0016337426583399707, -5.686854739940182e-10, -0.09308378830795168, 0.9956582789060923, 1.4987948451783417e-09, 0.0, 0.0, 0.0, 1.0], "right_foot_pose": [0.9864720803842844, 0.1628021014640721, 0.01919141425700398, -0.0011256674928331006, -0.1639293585145964, 0.9796930995842684, 0.11544953895084122, -0.14719412725121353, -6.268564594697707e-06, -0.11703378309638145, 0.9931279341428546, 0.008350319232477976, 0.0, 0.0, 0.0, 1.0]}, {"left_foot_pose": [0.9559256185027414, 0.29174790489024266, 0.03300563409943498, 0.021888848423388185, -0.293608943818392, 0.9498664883795617, 0.1074590264395178, -0.0016337429193893273, 6.650328985028251e-11, -0.11241358568089015, 0.9936615046153122, 8.608993448677715e-10, 0.0, 0.0, 0.0, 1.0], "right_foot_pose": [0.982536785312693, 0.18414084071942313, 0.026713597409240595, -0.0027407429823102262, -0.1860684427369478, 0.97236667609844, 0.1410020632144049, -0.1468270245826998, -1.1173455981569022e-05, -0.1435102713829779, 0.9896488275558849, 0.0176870594430093, 0.0, 0.0, 0.0, 1.0]}, {"left_foot_pose": [0.9559256184986323, 0.29127271815936945, 0.036965058556170466, 0.021888848216615676, -0.29360894383177166, 0.9483193854530898, 0.12035003645976317, -0.0016337431683657536, 6.369891468842665e-10, -0.125898954840489, 0.9920430702192692, 3.717172403217006e-10, 0.0, 0.0, 0.0, 1.0], "right_foot_pose": [0.9765957920764807, 0.21212106089138105, 0.035571258409363135, -0.004867991114373757, -0.21508291110245423, 0.9631595058553281, 0.16144072482559485, -0.14634351199988563, -1.5817851135641853e-05, -0.16531310234471672, 0.9862411357994355, 0.026048417426651767, 0.0, 0.0, 0.0, 1.0]}, {"left_foot_pose": [0.9559256184950855, 0.2909872412738726, 0.03914891212550018, 0.02188884777160549, -0.2936089438433183, 0.947389935771226, 0.12746018081975283, -0.0016337432462562636, 1.0449176523682423e-09, -0.1333369229254009, 0.991070766890431, 1.278809350080401e-10, 0.0, 0.0, 0.0, 1.0], "right_foot_pose": [0.9685827731570861, 0.24475434302790472, 0.04407633279104616, -0.007349677739915309, -0.2486913974868587, 0.9532625619854693, 0.17158985032026888, -0.14577943653982928, -1.8956833923126902e-05, -0.17716037786671668, 0.9841819954433024, 0.029979952644724854, 0.0, 0.0, 0.0, 1.0]}, {"left_foot_pose": [0.9559256184845925, 0.2909967833377119, 0.03907792230857746, 0.021888847265837074, -0.2936089438774819, 0.9474210027244919, 0.12722905199548062, -0.0016337429454851872, 5.398088111438611e-10, -0.13309513771593606, 0.9911032662222323, 4.9099037335853524e-11, 0.0, 0.0, 0.0, 1.0], "right_foot_pose": [0.9586376630834185, 0.2801223233647454, 0.050451113671546886, -0.010028071995319549, -0.2846292861343372, 0.9434704488018697, 0.1698519405607599, -0.14517064458149942, -1.9814640357955745e-05, -0.17718633183836538, 0.9841773231572877, 0.03000000007366288, 0.0, 0.0, 0.0, 1.0]}, {"left_foot_pose": [0.9559256184943024, 0.2911970085044569, 0.03755681222284394, 0.02188884693956302, -0.29360894384586883, 0.9480728916303203, 0.12227665455612141, -0.0016337428660803894, 4.5214665208612355e-10, -0.12791440260494155, 0.9917852114274652, 2.3474815147306316e-10, 0.0, 0.0, 0.0, 1.0], "right_foot_pose": [0.9471858213858649, 0.3159641327493434, 0.054824142323790674, -0.01274543638915816, -0.3206852341644225, 0.9332514644048103, 0.16187243364818568, -0.14455299497458338, -1.8827994740962752e-05, -0.17090456694375436, 0.9852875867701136, 0.030000000262022694, 0.0, 0.0, 0.0, 1.0]}, {"left_foot_pose": [0.9559256185073439, 0.29159842816425435, 0.03430114536701204, 0.02188884664956953, -0.29360894380340763, 0.9493798253078718, 0.11167692428179923, -0.001633742597009086, 1.8639700734723456e-10, -0.11682595597953252, 0.9931524032138619, 6.742027630624037e-10, 0.0, 0.0, 0.0, 1.0], "right_foot_pose": [0.9349662890898723, 0.35033356569802393, 0.05571742107116458, -0.015344035501380054, -0.3547365755162618, 0.9233685257499625, 0.1468077915007774, -0.1439623371094075, -1.601588435188336e-05, -0.1570253431763443, 0.9875945733669473, 0.028759736301876837, 0.0, 0.0, 0.0, 1.0]}, {"left_foot_pose": [0.9559256185196918, 0.29214746607623393, 0.02925867261140955, 0.021888846520117113, -0.2936089437632065, 0.9511673713063575, 0.0952597496553966, -0.0016337421948498937, -2.348275983294764e-10, -0.09965184307071567, 0.995022366669519, 1.4089184610655003e-09, 0.0, 0.0, 0.0, 1.0], "right_foot_pose": [0.9230111793696725, 0.3814047785979184, 0.05080115767656782, -0.01766613628724458, -0.3847731313717987, 0.9149349780956423, 0.12183440906191965, -0.1434345219485991, -1.153027217421175e-05, -0.13200144211257525, 0.9912495241599127, 0.02215548654650113, 0.0, 0.0, 0.0, 1.0]}, {"left_foot_pose": [0.9559256185255112, 0.2927450368686109, 0.022506781987124323, 0.02188884655381835, -0.29360894374426, 0.9531129294920226, 0.07327708911055006, -0.0016337419363806997, -7.598940808825651e-10, -0.07665563921