{"LoopMode": "Wrap", "FrameDuration": 0.002, "EnableCycleOffsetPosition": true, "EnableCycleOffsetRotation": false, "Debug_info": [{"left_foot_pose": [0.9999980000005875, -0.0019967130351284065, -0.00011459442147145391, 0.05985993506779563, 0.0019999987065204184, 0.9983551260920249, 0.05729783775110331, 2.9930150471509445e-05, -1.41142504981492e-09, -0.05729795234415643, 0.9983571228058465, 4.000419058514115e-09, 0.0, 0.0, 0.0, 1.0], "right_foot_pose": [0.9999995000000192, -0.000999400504485491, -3.4617090269858304e-05, 0.029999999347714704, 0.0009999998556513624, 0.9994001008234018, 0.03461847013463825, -0.1400500002010922, -1.3930113341588952e-09, -0.03461848744248929, 0.9994006005237309, 4.255509743200658e-09, 0.0, 0.0, 0.0, 1.0]}, {"left_foot_pose": [0.9999980000005824, -0.0019953997842373657, -0.00013555270990147137, 0.05985993504973108, 0.001999998709023547, 0.9976984974420332, 0.06777690024686914, 2.993016711403708e-05, -1.277136074665866e-09, -0.06777703579835319, 0.9977004928426115, 3.670233575392423e-09, 0.0, 0.0, 0.0, 1.0], "right_foot_pose": [0.9999994999042603, -0.0009990798665356789, -4.506272972315211e-05, 0.03000287869000195, 0.001000095610092636, 0.9989838197702537, 0.04505915718257268, -0.14004999537622534, -7.588760843503278e-10, -0.045059179715718496, 0.9989843193580901, 1.1923520383413932e-05, 0.0, 0.0, 0.0, 1.0]}, {"left_foot_pose": [0.9999980000005799, -0.00199395325906469, -0.00015538739205868735, 0.05985993523327576, 0.001999998710235948, 0.9969752340582816, 0.07769416116796954, 2.9930414952049345e-05, -1.1443040395784912e-09, -0.07769431655427622, 0.9969772280123376, 3.4693589667789126e-09, 0.0, 0.0, 0.0, 1.0], "right_foot_pose": [0.9999994931981513, -0.0010052450434865194, -5.5550367196118836e-05, 0.030203840683478825, 0.0010067787446764972, 0.9984763488726569, 0.05517215908850663, -0.1400496900099214, 4.1883542165397175e-09, -0.05517218705408352, 0.9984768549023404, 0.0008178781915574168, 0.0, 0.0, 0.0, 1.0]}, {"left_foot_pose": [0.9999980000005808, -0.001992410084638372, -0.00017406002976418425, 0.05985993538191862, 0.0019999987098321906, 0.9962036484661537, 0.08703040151513416, 2.9930597326727204e-05, -1.0129457642395815e-09, -0.08703057557421691, 0.9962056408770338, 3.260634588719835e-09, 0.0, 0.0, 0.0, 1.0], "right_foot_pose": [0.9999994761955528, -0.0010213496477064481, -6.673467535811191e-05, 0.03070747531982261, 0.0010235275373214256, 0.9978723183949564, 0.06519040245661205, -0.1400489306323755, 1.049063392439188e-08, -0.06519043661436744, 0.9978728410844878, 0.0027443410022072387, 0.0, 0.0, 0.0, 1.0]}, {"left_foot_pose": [0.9999980000005847, -0.0019908078636675683, -0.00019151731464746644, 0.05985993549175884, 0.0019999987079623097, 0.9954025417922158, 0.09575896719767264, 2.9930714626893312e-05, -8.831168150451914e-10, -0.09575915871417631, 0.9954045326008689, 3.0234629314063177e-09, 0.0, 0.0, 0.0, 1.0], "right_foot_pose": [0.999999449071104, -0.0010467208665100216, -7.894882066599869e-05, 0.03149429602122292, 0.0010496939974813223, 0.9971683609973601, 0.07519413519916249, -0.1400477468482795, 1.7995754126254184e-08, -0.07519417664464394, 0.9971689103651066, 0.005588802919475076, 0.0, 0.0, 0.0, 1.0]}, {"left_foot_pose": [0.9999980000005906, -0.0019891843066556125, -0.00020770318685477474, 0.059859935563064126, 0.001999998704918396, 0.9945907688729733, 0.10385182943910572, 2.9930771029697614e-05, -7.570266465565628e-10, -0.1038520371416131, 0.9945927580580597, 2.7561247312180015e-09, 0.0, 0.0, 0.0, 1.0], "right_foot_pose": [0.999999411788564, -0.0010806822948616552, -9.245703421217427e-05, 0.032544816735867496, 0.0010846301327629667, 0.9963616996833802, 0.08521846620023456, -0.1400461682682166, 2.656013750506917e-08, -0.08521851635544365, 0.9963622857526151, 0.00914875983790392, 0.0, 0.0, 0.0, 1.0]}, {"left_foot_pose": [0.9999980000005985, -0.0019875735484343204, -0.00022258974368823473, 0.05985993559869844, 0.0019999987011075373, 0.9937853965214394, 0.11129503881989539, 2.9930774192387342e-05, -6.385378355592861e-10, -0.11129526140908277, 0.9937873840957557, 2.4687314623128565e-09, 0.0, 0.0, 0.0, 1.0], "right_foot_pose": [0.9999993641597428, -0.0011225554229087617, -0.00010746828760920838, 0.03383955199393037, 0.0011276879484347798, 0.995451041026585, 0.095267797492012, -0.1400442243339491, 3.603607488257017e-08, -0.09526785810760406, 0.9954516739709608, 0.013221711483539185, 0.0, 0.0, 0.0, 1.0]}, {"left_foot_pose": [0.9999980000006067, -0.0019860069754068853, -0.00023615901569453218, 0.05985993560232149, 0.0019999986967644853, 0.9930021175910481, 0.11807961070781091, 2.993073173526272e-05, -5.278463363274332e-10, -0.118079846866385, 0.9930041035987777, 2.1660533575107443e-09, 0.0, 0.0, 0.0, 1.0], "right_foot_pose": [0.9999993058992267, -0.0011716640083533538, -0.00012411493053359705, 0.035359016667655695, 0.001178219445736621, 0.9944395934298752, 0.10530197917400291, -0.14004194437965564, 4.6262051901719116e-08, -0.10530205231844263, 0.9944402836659033, 0.017605159149929495, 0.0, 0.0, 0.0, 1.0]}, {"left_foot_pose": [0.9999980000006163, -0.001984514501556377, -0.0002483887307773333, 0.05985993557727817, 0.0019999986921160006, 0.9922558887250057, 0.12419440927747664, 2.9930652274804542e-05, -4.254170546412962e-10, -0.1241946576658715, 0.9922578732402471, 1.8553085318062656e-09, 0.0, 0.0, 0.0, 1.0], "right_foot_pose": [0.9999992366749155, -0.0012273409384383153, -0.00014242123224932765, 0.03708372583322835, 0.0012355766197645573, 0.99333910497321, 0.11522107394673295, -0.1400393576672321, 5.703834599171277e-08, -0.1152211619679418, 0.9933398632063221, 0.022096604375036216, 0.0, 0.0, 0.0, 1.0]}, {"left_foot_pose": [0.9999980000006257, -0.0019831236766769565, -0.0002592590068923491, 0.0598599355263814, 0.0019999986874127177, 0.9915604844219879, 0.12962949409020968, 2.993054591004466e-05, -3.324611882102648e-10, -0.12962975334897625, 0.9915624675463897, 1.5469929157130302e-09, 0.0, 0.0, 0.0, 1.0], "right_foot_pose": [0.9999991561543529, -0.001288936567466687, -0.00016227478991025834, 0.038994194762580106, 0.0012991114570176572, 0.9921735174518347, 0.12486001592453853, -0.14003649339083257, 6.810875931350139e-08, -0.12486012137499648, 0.9921743546827929, 0.026493548457548817, 0.0, 0.0, 0.0, 1.0]}, {"left_foot_pose": [0.9999980000006349, -0.001981859247584818, -0.00026875389147603204, 0.05985993545192011, 0.0019999986828551047, 0.9909282777608643, 0.13437688915567497, 2.9930423469205075e-05, -2.4961334043551857e-10, -0.1343771579094111, 0.9909302596208224, 1.2517916633814075e-09, 0.0, 0.0, 0.0, 1.0], "right_foot_pose": [0.9999990640468672, -0.0013558294357613812, -0.00018339010422573592, 0.04107093896855455, 0.0013681759327443858, 0.9909827665628156, 0.13398240358392244, -0.14003338066481139, 7.914619246635875e-08, -0.1339825290925992, 0.990983694062594, 0.030593492362710417, 0.0, 0.0, 0.0, 1.0]}, {"left_foot_pose": [0.9999980000006433, -0.001980743660547395, -0.00027685603783807547, 0.05985993535607366, 0.0019999986786213833, 0.9903704915746162, 0.13842792140149765, 2.9930296877049914e-05, -1.7746997855037567e-10, -0.13842819825745392, 0.9903724723189735, 9.82311357256016e-10, 0.0, 0.0, 0.0, 1.0], "right_foot_pose": [0.9999989601415107, -0.0014274385883582747, -0.00020526805298186763, 0.043294474233203734, 0.0014421220090743384, 0.9898260081340167, 0.14227576710595644, -0.1400300484756327, 8.973732502001383e-08, -0.14227591518086938, 0.989827037395644, 0.03419393676103992, 0.0, 0.0, 0.0, 1.0]}, {"left_foot_pose": [0.9999980000006508, -0.001979796974839875, -0.00028354653567621093, 0.0598599352415283, 0.001999998674869624, 0.9898971552252981, 0.14177313596786673, 2.9930179106085926e-05, -1.1666326345058448e-10, -0.14177341951438288, 0.9898991350229576, 7.534768434180883e-10, 0.0, 0.0, 0.0, 1.0], "right_foot_pose": [0.9999988443407959, -0.0015032333398939893, -0.00022717085596650794, 0.04564531652061266, 0.001520301635233328, 0.9887817070205919, 0.1493600500280514, -0.14002652562947004, 9.937989735553405e-08, -0.14936022278695887, 0.9887828496940164, 0.03709238212568934, 0.0, 0.0, 0.0, 1.0]}, {"left_foot_pose": [0.9999980000006569, -0.0019790368034636645, -0.00028880446238318066, 0.059859935111973996, 0.0019999986717389204, 0.9895170749621499, 0.14440207188148124, 2.9930083720182757e-05, -6.789652131771871e-11, -0.14440236068597367, 0.9895190539996285, 5.820556051028269e-10, 0.0, 0.0, 0.0, 1.0], "right_foot_pose": [0.999998716690233, -0.001582735600081134, -0.00024812478027212925, 0.048103981674564596, 0.0016020667510416235, 0.9879427372433014, 0.15481143791832175, -0.14002284071340598, 1.0750050681852364e-07, -0.15481163675975224, 0.9879440050548184, 0.03908632888384456, 0.0, 0.0, 0.0, 1.0]}, {"left_foot_pose": [0.9999980000006617, -0.0019784780812858345, -0.0002926075174457707, 0.05985993497242241, 0.0019999986693484107, 0.9892377179954545, 0.146303579246952, 2.9930024068165056e-05, -3.192770129927991e-11, -0.14630387185453603, 0.9892396964742026, 4.858558208531427e-10, 0.0, 0.0, 0.0, 1.0], "right_foot_pose": [0.9999985774036552, -0.0016655085018199645, -0.0002669683420345333, 0.05065098488149305, 0.0016867692943613598, 0.9874047950477742, 0.1582053271100875, -0.14001902209750025, 1.1350371576964735e-07, -0.15820555236176967, 0.987406199697923, 0.03997327763626013, 0.0, 0.0, 0.0, 1.0]}, {"left_foot_pose": [0.9999980000006652, -0.0019785322442951274, -0.0002922410462021971, 0.059859934957012154, 0.0019999986677000574, 0.9892648021197867, 0.14612033154981885, 2.993002689109358e-05, -6.776262979195779e-12, -0.1461206237909561, 0.9892667806526928, 4.3636597807372723e-10, 0.0, 0.0, 0.0, 1.0], "right_foot_pose": [0.9999984268844984, -0.001751462882225676, -0.00028036815222652644, 0.05326683050712679, 0.0017737611212173118, 0.9874376168494472, 0.15799938798036223, -0.14001509841114576, 1.1599661288269305e-07, -0.15799963673520398, 0.9874391701727909, 0.04000000796647348, 0.0, 0.0, 0.0, 1.0]}, {"left_foot_pose": [0.9999980000006655, -0.0019784438333862674, -0.00029283897905725916, 0.05985993496713386, 0.0019999986673797272, 0.9892205972708151, 0.14641929497338488, 2.9930034773453275e-05, -1.461850392170741e-12, -0.14641958781246045, 0.9892225757153089, 4.1265454941985524e-10, 0.0, 0.0, 0.0, 1.0], "right_foot_pose": [0.9999982657417846, -0.001838870658195967, -0.000295073084230476, 0.05593203693683116, 0.001862394536257701, 0.987377338645348, 0.158374627438301, -0.14001110052842672, 1.1802121442086732e-07, -0.15837490231830237, 0.987379050980754, 0.04000000826876733, 0.0, 0.0, 0.0, 1.0]}, {"left_foot_pose": [0.9999980000006647, -0.0019785561516295854, -0.0002920791437832812, 0.059859934976109204, 0.0019999986678459793, 0.9892767556035327, 0.14603938108564246, 2.9930041753761967e-05, -8.085992272486837e-12, -0.146039673164876, 0.9892787341603463, 4.158368996365347e-10, 0.0, 0.0, 0.0, 1.0], "right_foot_pose": [0.9999980948043601, -0.0019275156754931047, -0.0003083358072107757, 0.058627120905836834, 0.0019520214228410026, 0.9874536706477874, 0.15789692187175555, -0.1400070578707421, 1.1853260252423595e-07, -0.15789722292532984, 0.9874555519072513, 0.04000000843601277, 0.0, 0.0, 0.0, 1.0]}, {"left_foot_pose": [0.9999980000006624, -0.0019788676389215025, -0.0002899612801402116, 0.05985993498364102, 0.001999998669087698, 0.9894324970866258, 0.1449804597669926, 2.9930047503878496e-05, -2.6641472169183846e-11, -0.14498074972834354, 0.9894344759549307, 4.462637898106081e-10, 0.0, 0.0, 0.0, 1.0], "right_foot_pose": [0.999997915128519, -0.00201679236365977, -0.0003198236659643196, 0.06133259705382577, 0.0020419937809933396, 0.9876653778394043, 0.15656606170797338, -0.14000299966761542, 1.1752422571122147e-07, -0.1565663883657935, 0.9876674369614896, 0.040000008462960736, 0.0, 0.0, 0.0, 1.0]}, {"left_foot_pose": [0.9999980000006584, -0.0019793744189305577, -0.00028648140256200635, 0.05985993498946203, 0.0019999986710824962, 0.9896858835978808, 0.14324053829973712, 2.9930051786352177e-05, -5.7235648628831726e-11, -0.14324082478117936, 0.9896878629729723, 5.045428380645589e-10, 0.0, 0.0, 0.0, 1.0], "right_foot_pose": [0.9999977280025285, -0.002106090803496917, -0.00032919797706058493, 0.0640289800201297, 0.002131663614984024, 0.9880094399330429, 0.15437876347939555, -0.1399989551468769, 1.1501492346738387e-07, -0.15437911447058528, 0.9880116846552296, 0.04000000834908826, 0.0, 0.0, 0.0, 1.0]}, {"left_foot_pose": [0.999998000000653, -0.001980070286075562, -0.0002816315986505955, 0.059859934993258285, 0.001999998673789297, 0.9900338124247192, 0.14081566056757167, 2.9930054435110993e-05, -9.999292210181012e-11, -0.1408159421991664, 0.9900357924956867, 5.913913317390218e-10, 0.0, 0.0, 0.0, 1.0], "right_foot_pose": [0.9999975349467705, -0.0021947950110921123, -0.0003361178989495876, 0.06669678444647048, 0.002220382933274653, 0.9884810285958339, 0.15132853665370558, -0.13999495353461536, 1.1104919958233069e-07, -0.15132890993125417, 0.9884834652228666, 0.0400000080986742, 0.0, 0.0, 0.0, 1.0]}, {"left_foot_pose": [0.9999980000006461, -0.001980946416371344, -0.00027540153281237575, 0.05985993497720532, 0.0019999986772023396, 0.9904718716040968, 0.13770065928081038, 2.9930066974715765e-05, -1.5588718017368848e-10, -0.1377009346822823, 0.9904738525512055, 7.087242320791276e-10, 0.0, 0.0, 0.0, 1.0], "right_foot_pose": [0.9999973377096745, -0.0022822852240590823, -0.0003402171645392277, 0.06931652622084963, 0.0023075037490415244, 0.9890751957479293, 0.14739380103194014, -0.13999102381234138, 1.0566440023798209e-07, -0.14739419367923248, 0.9890778289243156, 0.03998808782698636, 0.0, 0.0, 0.0, 1.0]}, {"left_foot_pose": [0.9999980000006373, -0.0019820029518025925, -0.0002676920342850228, 0.059859934852815835, 0.001999998681543328, 0.9910001317438806, 0.1338459520825554, 2.993017246595911e-05, -2.3087132718477622e-10, -0.13384621977445238, 0.9910021137475388, 8.867235626319747e-10, 0.0, 0.0, 0.0, 1.0], "right_foot_pose": [0.9999971382595805, -0.00236822388667616, -0.0003390992066813278, 0.0718687246313327, 0.0023923780302779582, 0.9899066917853658, 0.14170045196086165, -0.13998719281451608, 9.817878644459505e-08, -0.1417008577044431, 0.9899095246161719, 0.039182139596234435, 0.0, 0.0, 0.0, 1.0]}, {"left_foot_pose": [0.999998000000628, -0.00198322756875227, -0.00025846306474543526, 0.059859934750482686, 0.001999998686324008, 0.9916124318928058, 0.12923151674762387, 2.993029103792906e-05, -3.185789555337514e-10, -0.12923177521046164, 0.9916144151210965, 1.1181850931296644e-09, 0.0, 0.0, 0.0, 1.0], "right_foot_pose": [0.9999969387720788, -0.0024520197364530545, -0.0003317313421717717, 0.07433388361025031, 0.002474357788081231, 0.9909739619604698, 0.1340316539848174, -0.1399834914567076, 8.886157812849173e-08, -0.13403206450540614, 0.9909769955374397, 0.037255693126189975, 0.0, 0.0, 0.0, 1.0]}, {"left_foot_pose": [0.9999980000006178, -0.0019845956135166615, -0.00024773981539251785, 0.05985993466499764, 0.0019999986913299085, 0.9922964455756327, 0.12386994834583914, 2.993041183769682e-05, -4.1789240382757426e-10, -0.12387019608532579, 0.992298430171984, 1.3864026662813167e-09, 0.0, 0.0, 0.0, 1.0], "right_foot_pose": [0.9999967416133042, -0.0025328157358679546, -0.00031875887824337547, 0.07669251883402155, 0.0025527950893444173, 0.9921741366096628, 0.12483575561553675, -0.13997994980048534, 7.83485855229234e-08, -0.12483616257847072, 0.9921773694822288, 0.034411247891779746, 0.0, 0.0, 0.0, 1.0]}, {"left_foot_pose": [0.9999980000006077, -0.001986079343997533, -0.00023554962237145121, 0.05985993459302467, 0.0019999986963130643, 0.9930383021623687, 0.11777491432259986, 2.993052583328583e-05, -5.275027192567771e-10, -0.11777514987178068, 0.9930402882424664, 1.6797029184223433e-09, 0.0, 0.0, 0.0, 1.0], "right_foot_pose": [0.999996549319223, -0.0026097426523948065, -0.0003009866028099498, 0.07892514640121367, 0.0026270419947689934, 0.9934144004834037, 0.11454661742084452, -0.1399765976650139, 6.72324132000179e-08, -0.11454701286147932, 0.9934178284309717, 0.030851303560359068, 0.0, 0.0, 0.0, 1.0]}, {"left_foot_pose": [0.9999980000005985, -0.00198764770997094, -0.00022192653069793094, 0.05985993453265869, 0.0019999987009948874, 0.993822476998054, 0.11096343640429236, 2.993062492634771e-05, -6.458098485683517e-10, -0.11096365833025927, 0.9938244646465323, 1.9890279284728862e-09, 0.0, 0.0, 0.0, 1.0], "right_foot_pose": [0.9999963645705985, -0.0026819503710787253, -0.0002792629474011933, 0.08101228233826119, 0.0026964505527789905, 0.9946210284605176, 0.10354582994287484, -0.13997346464647903, 5.602291598093776e-08, -0.10354620652804931, 0.9946246443325478, 0.026778359736246822, 0.0, 0.0, 0.0, 1.0]}, {"left_foot_pose": [0.9999980000005902, -0.0019892674505325083, -0.0002069053666840134, 0.059859934482597764, 0.0019999987051274254, 0.9946323400279581, 0.10345292734228861, 2.993070205201294e-05, -7.719952245002309e-10, -0.10345313424696065, 0.99463432929619, 2.309262427113712e-09, 0.0, 0.0, 0.0, 1.0], "right_foot_pose": [0.9999961901637514, -0.002748626734741777, -0.0002543797456813548, 0.08293444238007877, 0.0027603727972709716, 0.995742467810026, 0.0921374958506019, -0.13997058015602765, 4.513135827402006e-08, -0.09213784700476069, 0.9957462614287461, 0.02239491579898918, 0.0, 0.0, 0.0, 1.0]}, {"left_foot_pose": [0.9999980000005837, -0.0019909037528472694, -0.00019051792735970768, 0.05985993444208521, 0.001999998708436373, 0.9954504852599754, 0.09525928511618445, 2.9930750654567212e-05, -9.049906461281242e-10, -0.09525947563327869, 0.9954524761645199, 2.6367038205576954e-09, 0.0, 0.0, 0.0, 1.0], "right_foot_pose": [0.9999960289771128, -0.0028090027165698314, -0.00022701044816828605, 0.08467214195979686, 0.0028181607484417588, 0.9967473901975165, 0.08054004038014796, -0.13996797347990678, 3.4879538720342504e-08, -0.08054036030573895, 0.9967513483120153, 0.017903470809716306, 0.0, 0.0, 0.0, 1.0]}, {"left_foot_pose": [0.9999980000005795, -0.0019925184202791886, -0.00017281547045873782, 0.05985993441181829, 0.0019999987104950662, 0.9962578150284139, 0.08640813619080817, 2.9930763573405086e-05, -1.0400202118119108e-09, -0.08640830900530418, 0.9962598075476322, 2.9615256774695453e-09, 0.0, 0.0, 0.0, 1.0], "right_foot_pose": [0.9999958839335682, -0.0028623457466974644, -0.00019771885950573657, 0.08620589628788998, 0.0028691664155970405, 0.9976192765980498, 0.06890244439831525, -0.13996567384001524, 2.5526929206817776e-08, -0.06890272807958843, 0.9976233828771205, 0.013506523473438885, 0.0, 0.0, 0.0, 1.0]}, {"left_foot_pose": [0.9999980000005784, -0.001994070913787882, -0.0001538701889545921, 0.059859934392250666, 0.0019999987110655023, 0.9970340601645783, 0.07693557614584093, 2.9930735932428773e-05, -1.1753964939371311e-09, -0.07693573001491294, 0.9970360542362918, 3.282827940043198e-09, 0.0, 0.0, 0.0, 1.0], "right_foot_pose": [0.999995757958605, -0.002907953066768329, -0.00016695435485528822, 0.08751622041227868, 0.0029127418002346567, 0.9983520410428527, 0.05731246008308226, -0.1399637103706853, 1.72768680232083e-08, -0.05731270325618243, 0.9983562761086188, 0.0094065722080705, 0.0, 0.0, 0.0, 1.0]}, {"left_foot_pose": [0.9999980000005806, -0.00199552146543301, -0.0001337494705183248, 0.05985993438452779, 0.001999998709966437, 0.9977593369481476, 0.06687529841394449, 2.9930664104413016e-05, -1.3104710115717673e-09, -0.06687543216215523, 0.9977613324704092, 3.604920612021445e-09, 0.0, 0.0, 0.0, 1.0], "right_foot_pose": [0.9999956539342556, -0.0029451456781700493, -0.0001350167927166937, 0.08858362921552554, 0.0029482388980293815, 0.998946642946319, 0.045792056447374295, -0.13996211214047816, 1.0294685030205002e-08, -0.04579225549384677, 0.9989509844515825, 0.00580611559082881, 0.0, 0.0, 0.0, 1.0]}, {"left_foot_pose": [0.9999980000005871, -0.0019968290021812685, -0.00011255559844854468, 0.05985993439526684, 0.0019999987066729665, 0.9984131096251915, 0.05627843755586481, 2.9930542089813203e-05, -1.431256564939866e-09, -0.05627855011007431, 0.9984151064549799, 3.904469685067635e-09, 0.0, 0.0, 0.0, 1.0], "right_foot_pose": [0.9999955746488485, -0.0029732562964442924, -0.00010212597372564522, 0.08938863723627813, 0.002975009700628349, 0.9994062544075372, 0.03432619944558316, -0.13996090818527968, 4.748244228437748e-09, -0.03432635136585963, 0.9994106771502433, 0.00290765364712315, 0.0, 0.0, 0.0, 1.0]}, {"left_foot_pose": [0.9999980000005982, -0.0019979502742801447, -9.049588940414723e-05, 0.059859934433631745, 0.0019999987011231047, 0.9989737534053065, 0.04524864652683529, 2.993036669915461e-05, -1.527433576552088e-09, -0.0452487370212308, 0.9989757513563504, 4.166723743814771e-09, 0.0, 0.0, 0.0, 1.0], "right_foot_pose": [0.9999955227425524, -0.0029916213110280244, -6.853306022567681e-05, 0.08991175829114345, 0.002992406197183221, 0.9997332374116387, 0.02290195449290945, -0.13996012745927122, 8.030438997830872e-10, -0.022902057033717452, 0.9997377134947065, 0.0009136901800248995, 0.0, 0.0, 0.0, 1.0]}, {"left_foot_pose": [0.999998000000613, -0.001998849522879022, -6.778908282474944e-05, 0.0598599345115129, 0.001999998693715242, 0.9994233882808892, 0.03389529410364519, 2.9930136173379057e-05, -1.597601778711441e-09, -0.03389536189115512, 0.9994253871311598, 4.3960752191263275e-09, 0.0, 0.0, 0.0, 1.0], "right_foot_pose": [0.9999955006487311, -0.002999583340955427, -3.43813035330974e-05, 0.09013350540646045, 0.002999780374188805, 0.9999298131102016, 0.01146168273439981, -0.13995979906560435, -1.3821731584910412e-09, -0.011461734300622816, 0.9999343121659652, 2.6734222648469586e-05, 0.0, 0.0, 0.0, 1.0]}, {"left_foot_pose": [0.9999980000006303, -0.0019995004481093005, -4.4639654202833674e-05, 0.05985993446722962, 0.0019999986851783813, 0.9997488634801607, 0.022320617719665804, 2.9930096617067706e-05, -1.6415773195066059e-09, -0.022320662357694386, 0.9997508629813305, 4.558384246455827e-09, 0.0, 0.0, 0.0, 1.0], "right_foot_pose": [0.9999955000033791, -0.0029999954817530074, 3.179862627279125e-07, 0.09013997508308176, 0.002999995498605176, 0.9999954944435627, -0.00010544943301939164, -0.1399597903003591, -1.6370073619325147e-09, 0.00010544991245447503, 0.999999994440158, 4.9441694904839295e-09, 0.0, 0.0, 0.0, 1.0]}, {"left_foot_pose": [0.9999980000006488, -0.0019998856593924147, -2.126153783628789e-05, 0.059859934397130214, 0.001999998675907857, 0.9999414830277978, 0.01063158151289731, 2.9930116761821626e-05, -1.6537290933143215e-09, -0.010631602772788962, 0.9999434829141511, 4.6476192269717664e-09, 0.0, 0.0, 0.0, 1.0], "right_foot_pose": [0.9999955000034071, -0.0029997867138493953, 3.539219113253946e-05, 0.09013997503004867, 0.00299999548929295, 0.9999259149060935, -0.011796810004230305, -0.1399597902893847, -1.6551824274019292e-09, 0.011796863095039049, 0.9999304145894938, 4.887264579145345e-09, 0.0, 0.0, 0.0, 1.0]}, {"left_foot_pose": [0.9999980000006676, -0.0019999975643844848, 2.099651595126547e-06, 0.0598599343464667, 0.001999998666519393, 0.9999974497907473, -0.0010490077868520217, 2.9930134824772067e-05, -1.6332220471137041e-09, 0.001049009888137268, 0.9999994497889764, 4.666673859843318e-09, 0.0, 0.0, 0.0, 1.0], "right_foot_pose": [0.9999955000034344, -0.002999167562583768, 7.047561738717339e-05, 0.09013997497875721, 0.002999995480179655, 0.9997195411447888, -0.02349125540221622, -0.1399597902676486, -1.6406696959416875e-09, 0.023491361118181023, 0.9997240398994189, 4.7629273719485e-09, 0.0, 0.0, 0.0, 1.0]}, {"left_foot_pose": [0.999998000000685, -0.0019998399146802007, 2.519814276867191e-05, 0.059859934317775754, 0.0019999986576860335, 0.9999186385610696, -0.012598264306928534, 2.993014841802359e-05, -1.5807949800443697e-09, 0.012598289506659992, 0.9999206384016219, 4.613530266150967e-09, 0.0, 0.0, 0.0, 1.0], "right_foot_pose": [0.9999955000034592, -0.00299815043917215, 0.00010519874392352451, 0.09013997493201023, 0.0029999954719347427, 0.9993805095509252, -0.03506561217063722, -0.1399597902379073, -1.5937772556850945e-09, 0.03506576997125901, 0.9993850067798309, 4.575139052331867e-09, 0.0, 0.0, 0.0, 1.0]}, {"left_foot_pose": [0.9999980000007007, -0.0019994276188698198, 4.7789088866083437e-05, 0.05985993431247825, 0.001999998650027843, 0.9997125026965421, -0.023893763990157323, 2.993015559534483e-05, -1.497991436400719e-09, 0.02389381178075901, 0.9997145021247752, 4.4870612919689634e-09, 0.0, 0.0, 0.0, 1.0], "right_foot_pose": [0.9999955000034791, -0.002996764657949863, 0.00013919186724327764, 0.09013997489247647, 0.0029999954651702336, 0.9989185909221755, -0.04639664575445498, -0.1399597902030847, -1.5156499143479552e-09, 0.046396854544680864, 0.9989230860723758, 4.328415487142578e-09, 0.0, 0.0, 0.0, 1.0]}, {"left_foot_pose": [0.9999980000007122, -0.0019987862132471745, 6.962937586022918e-05, 0.05985993433065096, 0.0019999986440618137, 0.9993918095452188, -0.03481394863209013, 2.9930155103372047e-05, -1.3873841927234796e-09, 0.03481401826287468, 0.9993938083320275, 4.287977181660629e-09, 0.0, 0.0, 0.0, 1.0], "right_foot_pose": [0.9999955000034937, -0.002995055764340248, 0.00017208640513923304, 0.09013997486246954, 0.0029999954603865363, 0.998348966504555, -0.05736149498160565, -0.139959790166031, -1.4085246060310262e-09, 0.05736175311351267, 0.9983534590913902, 4.028616655549211e-09, 0.0, 0.0, 0.0, 1.0]}, {"left_foot_pose": [0.9999979998092161, -0.0019980463083708925, 9.049042837753601e-05, 0.05986280029674641, 0.002000094389777814, 0.9989740495714452, -0.04524210323648486, 2.9936826438462308e-05, -1.7723293308738528e-09, 0.045242193733044736, 0.9989760477139691, 1.1923545632751276e-05, 0.0, 0.0, 0.0, 1.0], "right_foot_pose": [0.9999955000035017, -0.0029930842145119946, 0.0002035181363101607, 0.09013997487123776, 0.002999995457824344, 0.9976917879855989, -0.0678387515609762, -0.1399597901688058, -1.2768737543910669e-09, 0.06783905684031606, 0.9976962776150947, 3.7024004487240525e-09, 0.0, 0.0, 0.0, 1.0]}, {"left_foot_pose": [0.9999979864200006, -0.0020037011375091066, 0.0001110751856715316, 0.0600628259502022, 0.002006777502685407, 0.9984651854686877, -0.05534660107933251, 3.0432967299764968e-05, -6.6583227285916685e-09, 0.05534671253770693, 0.9984671959615247, 0.000817878194558988, 0.0, 0.0, 0.0, 1.0], "right_foot_pose": [0.999995500003505, -0.0029909128595197085, 0.00023326595616409194, 0.09013997506048087, 0.002999995456587307, 0.9969680063479397, -0.0777547062619024, -0.1399597904134105, -1.1444191069595486e-09, 0.07775505616280527, 0.9969724927203955, 3.5034495027286283e-09, 0.0, 0.0, 0.0, 1.0]}, {"left_foot_pose": [0.9999979526686467, -0.0020191983717854716, 0.00013227415254250433, 0.060564113894001535, 0.0020235262577702117, 0.9978595912699042, -0.06536162063584715, 3.168226370964429e-05, -1.2953826746535905e-08, 0.0653617544791725, 0.9978616342216017, 0.0027443409588153167, 0.0, 0.0, 0.0, 1.0], "right_foot_pose": [0.999995500003504, -0.0029885966942730666, 0.0002612710102122443, 0.09013997521364597, 0.002999995456962651, 0.9961959532022093, -0.0870897402154814, -0.13995979059306468, -1.0133495796479974e-09, 0.08709013212379908, 0.9962004361004161, 3.2954739770385544e-09, 0.0, 0.0, 0.0, 1.0]}, {"left_foot_pose": [0.9999978993777829, -0.0020438614931244064, 0.00015449990142145077, 0.061347268391184, 0.002049692665303197, 0.9971537578191088, -0.07536698234113369, 3.3636602513594654e-05, -2.048422517352903e-08, 0.07536714070089051, 0.9971558524636823, 0.005588802842858467, 0.0, 0.0, 0.0, 1.0], "right_foot_pose": [0.9999955000034983, -0.0029861921532682452, 0.00028745291196659604, 0.09013997532687723, 0.0029999954588029675, 0.9953944401241356, -0.09581705796571968, -0.13995979070817552, -8.837226822777176e-10, 0.09581748914672442, 0.9953989194155363, 3.0580089016574163e-09, 0.0, 0.0, 0.0, 1.0]}, {"left_foot_pose": [0.9999978271591612, -0.002077011019668707, 0.0001780510651954011, 0.062392894204248255, 0.0020846287335633206, 0.9963447961844771, -0.08539731517534341, 3.624787776605569e-05, -2.908759342437339e-08, 0.08539750079093567, 0.9963469610826654, 0.009148759749364133, 0.0, 0.0, 0.0, 1.0], "right_foot_pose": [0.9999955000034895, -0.002983755844241396, 0.00031172717701301604, 0.09013997540048486, 0.002999995461818717, 0.9945823365612183, -0.10390849737945855, -0.1399597907628896, -7.577610261152862e-10, 0.10390896497169913, 0.9945868121981662, 2.789576583617226e-09, 0.0, 0.0, 0.0, 1.0]}, {"left_foot_pose": [0.9999977364725838, -0.0021179668906612095, 0.00020314024626437343, 0.06368159666090728, 0.0021276864684678003, 0.9954313347740592, -0.09545643351931644, 3.946781676006546e-05, -3.860079099792264e-08, 0.09545664966981496, 0.9954335879574358, 0.013221711396907303, 0.0, 0.0, 0.0, 1.0], "right_foot_pose": [0.9999955000034781, -0.002981339008687965, 0.0003340516560731589, 0.090139975437388, 0.0029999954656048395, 0.9937767233467594, -0.11135000746019352, -0.13995979076480747, -6.393422317477224e-10, 0.11135050853900054, 0.9937811953584682, 2.5005391923738074e-09, 0.0, 0.0, 0.0, 1.0]}, {"left_foot_pose": [0.9999976276806347, -0.002166055888426439, 0.0002298586339929271, 0.0651939814254326, 0.0021782178727172224, 0.9944165499498816, -0.10550346227813932, 4.324804024143439e-05, -4.883407461793898e-08, 0.10550371267241705, 0.9944189090178921, 0.017605159070296472, 0.0, 0.0, 0.0, 1.0], "right_foot_pose": [0.999995500003465, -0.0029789887574311713, 0.0003543992137161778, 0.09013997544128241, 0.002999995469927258, 0.992993304259375, -0.11813254303209096, -0.1399597907215055, -5.286757983494134e-10, 0.11813307463209216, 0.9929977727457239, 2.195888040845695e-09, 0.0, 0.0, 0.0, 1.0]}, {"left_foot_pose": [0.9999975010992346, -0.0022206994038075603, 0.00025746736671082685, 0.066910654441431, 0.0022355749335391142, 0.9933465695133659, -0.11514163035473064, 4.754024917444713e-05, -5.937560189486518e-08, 0.11514191821481333, 0.9933490517787849, 0.022096604293017498, 0.0, 0.0, 0.0, 1.0], "right_foot_pose": [0.9999955000034488, -0.002976849152410018, 0.00037194351202176067, 0.09013997542097298, 0.0029999954753865093, 0.9922800991248856, -0.12398066344335776, -0.13995979063629613, -4.1209138606216245e-10, 0.12398122135965287, 0.9922845644018499, 1.8664663425926875e-09, 0.0, 0.0, 0.0, 1.0]}, {"left_foot_pose": [0.9999973570439089, -0.002281164369850598, 0.00028669551042869107, 0.06881222163676587, 0.002299109652245522, 0.9921958663417129, -0.12466786638595398, 5.229564821691152e-05, -7.020548095980212e-08, 0.12466819603867212, 0.9921984886586249, 0.026493548373904663, 0.0, 0.0, 0.0, 1.0], "right_foot_pose": [0.9999955000034344, -0.0029748084297407324, 0.0003879274253037634, 0.09013997536951598, 0.0029999954801565145, 0.9915998553899429, -0.12930864943136475, -0.1399597905292163, -3.1846628015315483e-10, 0.12930923132340877, 0.9916043176058428, 1.5563322922074185e-09, 0.0, 0.0, 0.0, 1.0]}, {"left_foot_pose": [0.9999971958720162, -0.0023469170685246053, 0.00031658865896332415, 0.07087928936763567, 0.002368174000993186, 0.9910256988002294, -0.1336504996976031, 5.746575183372335e-05, -8.085802460604767e-08, 0.13365087466152767, 0.9910284777453185, 0.030593492272051333, 0.0, 0.0, 0.0, 1.0], "right_foot_pose": [0.9999955000034207, -0.002972967185609891, 0.00040179475074926795, 0.0901399752933491, 0.002999995484737107, 0.9909861044611533, -0.1339311046471275, -0.13995979040704262, -2.355897500665525e-10, 0.13393170734005264, 0.9909905639152062, 1.2600801721496246e-09, 0.0, 0.0, 0.0, 1.0]}, {"left_foot_pose": [0.9999970180206426, -0.002417438670041235, 0.00034632369271224835, 0.07309246419951242, 0.002442119942853153, 0.9898958311617472, -0.1417754545003447, 6.30018291086186e-05, -9.091347677349885e-08, 0.14177587749286233, 0.9898987829879992, 0.03419393665963187, 0.0, 0.0, 0.0, 1.0], "right_foot_pose": [0.9999955000034082, -0.002971359033184824, 0.00041351956374554005, 0.09013997519463153, 0.0029999954889448556, 0.9904500508906324, -0.137839387396383, -0.13995979028187833, -1.6408718451819053e-10, 0.1378400076764351, 0.9904545079324746, 9.90266986466981e-10, 0.0, 0.0, 0.0, 1.0]}, {"left_foot_pose": [0.9999968240403548, -0.002492278852440273, 0.0003747736999223839, 0.0754323528749098, 0.002520299425563507, 0.9888847982023404, -0.14866238251529107, 6.885497038002647e-05, -9.990252315631924e-08, 0.14866285491150377, 0.9888879388330872, 0.0370923820128659, 0.0, 0.0, 0.0, 1.0], "right_foot_pose": [0.9999955000033972, -0.0029700137504506826, 0.0004230736080915895, 0.09013997507605757, 0.002999995492618298, 0.9900016208223731, -0.14102407878131584, -0.13995979016683574, -1.0461283803053838e-10, 0.14102471339235756, 0.9900060758463066, 7.617536532111835e-10, 0.0, 0.0, 0.0, 1.0]}, {"left_foot_pose": [0.9999966146247357, -0.0025710522282902477, 0.00040053652589160706, 0.07787956201120481, 0.0026020643838402407, 0.9880847139917955, -0.15388900947337028, 7.497604904057459e-05, -1.0733791296346135e-07, 0.1538895307231522, 0.9880880589976773, 0.03908632876217879, 0.0, 0.0, 0.0, 1.0], "right_foot_pose": [0.999995500003388, -0.0029689571954320316, 0.00043042553991275395, 0.09013997494135283, 0.00299999549561615, 0.9896494337339452, -0.1434747306570331, -0.13995979007556414, -5.789246349939491e-11, 0.143475376295912, 0.9896538871730592, 5.912549408404466e-10, 0.0, 0.0, 0.0, 1.0]}, {"left_foot_pose": [0.9999963906357038, -0.002653414329997577, 0.0004220283872590145, 0.08041469756716044, 0.0026867667471472192, 0.9875894373686307, -0.15703466013068246, 8.13157238562269e-05, -1.1276002979863417e-07, 0.15703522722722374, 0.9875930019039639, 0.03997327750956082, 0.0, 0.0, 0.0, 1.0], "right_foot_pose": [0.9999955000033813, -0.0029682109183235346, 0.0004355421119473674, 0.09013997479558476, 0.002999995497819077, 0.9894006731439556, -0.14518026039823925, -0.13995979002143025, -2.4704105331588484e-11, 0.1451809137119332, 0.9894051254636638, 4.965502314879799e-10, 0.0, 0.0, 0.0, 1.0]}, {"left_foot_pose": [0.9999961531244903, -0.0027387702803060624, 0.000439173739938564, 0.08301835485751079, 0.0027737584986144686, 0.9873888232258736, -0.15828966495768773, 8.782493642001815e-05, -1.162122042768083e-07, 0.15829027419894534, 0.987392621551331, 0.040000007917180586, 0.0, 0.0, 0.0, 1.0], "right_foot_pose": [0.999995500003378, -0.0029677801747181646, 0.00043846759109035727, 0.09013997477198522, 0.002999995498977835, 0.9892570911286477, -0.14615542302183987, -0.13995979002247042, -6.844770365511825e-12, 0.14615608072372951, 0.9892615428022452, 4.5013480443056864e-10, 0.0, 0.0, 0.0, 1.0]}, {"left_foot_pose": [0.999995903348456, -0.002826118975463482, 0.0004542442547272271, 0.08567114288544178, 0.002862391708424094, 0.9873303309567424, -0.15865252688362078, 9.445685383021804e-05, -1.182136241918668e-07, 0.1586531771644896, 0.9873343756679395, 0.040000008221548165, 0.0, 0.0, 0.0, 1.0], "right_foot_pose": [0.9999955000033771, -0.0029676497101599887, 0.00043934973952682233, 0.09013997478081061, 0.002999995499302511, 0.9892136027047858, -0.14644947337161143, -0.13995979003019138, -1.480447300294698e-12, 0.14645013239671686, 0.9892180541826884, 4.2618723133935887e-10, 0.0, 0.0, 0.0, 1.0]}, {"left_foot_pose": [0.999995642784254, -0.0029148451645608807, 0.0004670012573758615, 0.08835366923874283, 0.0029520183762400225, 0.9874095859833741, -0.1581568686325355, 0.00010116315693304775, -1.187344237669552e-07, 0.1581575581052303, 0.9874138883032678, 0.0400000083911954, 0.0, 0.0, 0.0, 1.0], "right_foot_pose": [0.9999955000033782, -0.0029678204838006718, 0.0004381946701897001, 0.09013997478847449, 0.0029999954988382494, 0.9892705275541334, -0.14606444926734807, -0.13995979003701756, -8.059299760923428e-12, 0.14606510655985783, 0.9892749792881943, 4.292130886818235e-10, 0.0, 0.0, 0.0, 1.0]}, {"left_foot_pose": [0.9999953731361779, -0.003004342227909455, 0.0004771100661164456, 0.09104653934828552, 0.0030419905035555883, 0.987625303281623, -0.1568024445334306, 0.00010789536062402391, -1.1776819590500086e-07, 0.1568031703941627, 0.9876298728543637, 0.040000008420755545, 0.0, 0.0, 0.0, 1.0], "right_foot_pose": [0.9999955000033822, -0.0029682901026275017, 0.000435002129004285, 0.0901399747946985, 0.0029999954975957646, 0.9894270679953882, -0.14500026601721833, -0.13995979004261971, -2.657516601055556e-11, 0.14500091852093994, 0.9894315204338718, 4.5955458882751543e-10, 0.0, 0.0, 0.0, 1.0]}, {"left_foot_pose": [0.9999950963404913, -0.003093997207032635, 0.00048422748347714894, 0.09373035864465559, 0.003131660096431364, 0.9879743551593181, -0.15458611274163941, 0.00011460497811520073, -1.1533467037940579e-07, 0.15458687113986494, 0.9879791998170683, 0.04000000830963094, 0.0, 0.0, 0.0, 1.0], "right_foot_pose": [0.9999955000033881, -0.002969052697241737, 0.0004297662790432465, 0.09013997479923148, 0.002999995495596844, 0.9896812675410148, -0.14325497794295572, -0.13995979004676096, -5.7135071568639497e-11, 0.14325562259294145, 0.9896857211233822, 5.178073594902521e-10, 0.0, 0.0, 0.0, 1.0]}, {"left_foot_pose": [0.9999948145655652, -0.0031831890394533762, 0.00048800565663076215, 0.09638573256084218, 0.0032203791654670535, 0.9884517502838557, -0.15150170467296314, 0.00012124352090316787, -1.1147967164557306e-07, 0.15150249063405571, 0.9884568758077749, 0.040000008062052166, 0.0, 0.0, 0.0, 1.0], "right_foot_pose": [0.9999955000033961, -0.0029700989032219465, 0.00042247539856367513, 0.09013997480178056, 0.002999995492881942, 0.9900300046774742, -0.14082467775700086, -0.13995979004927786, -9.986358349836037e-11, 0.14082531147072058, 0.9900344598291385, 6.046769959744402e-10, 0.0, 0.0, 0.0, 1.0]}, {"left_foot_pose": [0.9999945302078274, -0.0032712925209976624, 0.00048805703501419946, 0.09899326777083094, 0.0033074997227615158, 0.9890523302632727, -0.14752812764478218, 0.00012776226086875717, -1.0628718119214355e-07, 0.1475289349450921, 0.9890577401516844, 0.0399880877944367, 0.0, 0.0, 0.0, 1.0], "right_foot_pose": [0.9999955000034064, -0.002971415428977148, 0.00041311413095497653, 0.09013997478437638, 0.002999995489456331, 0.990468848872133, -0.13770424627067626, -0.1399597900617974, -1.5573564420100418e-10, 0.13770486594256648, 0.9904733059985713, 7.219616848797017e-10, 0.0, 0.0, 0.0, 1.0]}, {"left_foot_pose": [0.9999942458837178, -0.003358084570203162, 0.0004811106680729376, 0.10153357430579887, 0.0033923737184587896, 0.9898907437279628, -0.14179142175130316, 0.0001341103336143512, -9.941146414268452e-08, 0.14179223797416027, 0.9898964396593568, 0.03918213956904045, 0.0, 0.0, 0.0, 1.0], "right_foot_pose": [0.9999955000034195, -0.0029730024353514318, 0.0004015338466300129, 0.09013997465781423, 0.0029999954850958178, 0.9909978539963927, -0.1338441384657324, -0.1399597901678386, -2.307012724329956e-10, 0.13384474076729383, 0.9910023135033217, 8.992664668472372e-10, 0.0, 0.0, 0.0, 1.0]}, {"left_foot_pose": [0.999993964416722, -0.003442970771473485, 0.00046592101866671704, 0.10398724693577453, 0.0034743531945707526, 0.9909649264465961, -0.13407625972771217, 0.00014024089579327964, -9.074460215841729e-08, 0.13407706927346028, 0.9909709074917551, 0.03725569309562412, 0.0, 0.0, 0.0, 1.0], "right_foot_pose": [0.999995500003434, -0.0029748413705899816, 0.00038767473684554846, 0.09013997455384842, 0.002999995480290267, 0.9916108355837377, -0.12922442021553035, -0.13995979028681937, -3.1839045277032797e-10, 0.1292250017285413, 0.991615297849049, 1.1301658636719836e-09, 0.0, 0.0, 0.0, 1.0]}, {"left_foot_pose": [0.9999936888208739, -0.00352498896821995, 0.00044358899444424773, 0.10633489214896541, 0.0035527902295996107, 0.9921713864261978, -0.12483315921141175, 0.000146106299898887, -8.079853317132734e-08, 0.12483394734562821, 0.9921776482012196, 0.03441124785486862, 0.0, 0.0, 0.0, 1.0], "right_foot_pose": [0.9999955000034491, -0.00297689518517198, 0.00037157490233592853, 0.09013997446724253, 0.002999995475254278, 0.9922954435907416, -0.1238577920689778, -0.1399597904079623, -4.176843578329917e-10, 0.12385834943236625, 0.9922999089367538, 1.397942366032634e-09, 0.0, 0.0, 0.0, 1.0]}, {"left_foot_pose": [0.9999934222800622, -0.0036031752837716196, 0.0004153606683400873, 0.10855711684286193, 0.0036270368905588655, 0.993416862921613, -0.11449795223660868, 0.00015165865875017143, -7.010058224955669e-08, 0.114498705629612, 0.9934233973533841, 0.0308513035187