{"LoopMode": "Wrap", "FrameDuration": 0.002, "EnableCycleOffsetPosition": true, "EnableCycleOffsetRotation": false, "Debug_info": [{"left_foot_pose": [0.9999980000005878, -0.0019967178274630996, -0.00011451088330590214, 0.039859939929463614, 0.0019999987062255227, 0.9983575224449454, 0.057256068523485304, 1.9930100313472407e-05, -1.41100122175791e-09, -0.057256183033000646, 0.998359519163559, 3.3412183644832005e-09, 0.0, 0.0, 0.0, 1.0], "right_foot_pose": [0.9999995000000188, -0.0009994011060464518, -3.459973006769302e-05, 0.019999999512511576, 0.0009999998560428752, 0.9994007020543539, 0.034601108848597115, -0.1400500002382118, -1.391933362937667e-09, -0.03460112614776862, 0.9994012017549839, 3.528945496933389e-09, 0.0, 0.0, 0.0, 1.0]}, {"left_foot_pose": [0.999998000000583, -0.0019954052840250413, -0.0001354717222179674, 0.039859939923452145, 0.0019999987087584476, 0.9977012475050436, 0.06773640625280956, 1.9930110191919426e-05, -1.2766992570122101e-09, -0.0677365417233063, 0.9977032429111213, 3.0436805298350578e-09, 0.0, 0.0, 0.0, 1.0], "right_foot_pose": [0.9999994999042596, -0.000999080643448813, -4.5045508474446636e-05, 0.020001921320565462, 0.0010000956104029984, 0.9989845963451477, 0.045041936835491334, -0.14004999685177583, -7.581352323519315e-10, -0.045041959360026064, 0.9989850959333727, 1.1922956987098221e-05, 0.0, 0.0, 0.0, 1.0]}, {"left_foot_pose": [0.9999980000005808, -0.001993959399884878, -0.0001553085675827409, 0.03985994006408589, 0.0019999987098880366, 0.9969783046784187, 0.07765474876469244, 1.9930344016521467e-05, -1.1438345258675673e-09, -0.07765490407217507, 0.996980298638615, 2.822715651495944e-09, 0.0, 0.0, 0.0, 1.0], "right_foot_pose": [0.9999994931981514, -0.0010052459714937926, -5.5533560741723344e-05, 0.020136051895399028, 0.0010067787440921243, 0.9984772710387829, 0.05515546768458157, -0.1400497917102274, 4.1864846566461365e-09, -0.05515549564169734, 0.9984777770689333, 0.000817878229403976, 0.0, 0.0, 0.0, 1.0]}, {"left_foot_pose": [0.9999980000005816, -0.001992416811586368, -0.00017398300675310397, 0.039859940182100755, 0.001999998709432351, 0.9962070121744719, 0.08699188984942642, 1.9930516270132148e-05, -1.0124811355189663e-09, -0.0869920638314865, 0.9962090045920787, 2.6139056127916227e-09, 0.0, 0.0, 0.0, 1.0], "right_foot_pose": [0.9999994761955542, -0.0010213506838405435, -6.671879594682533e-05, 0.020472198978909343, 0.0010235275360263923, 0.997873331565242, 0.06517489196206945, -0.14004928358543325, 1.0486714781760618e-08, -0.06517492611169629, 0.9978738542553037, 0.0027443407718892032, 0.0, 0.0, 0.0, 1.0]}, {"left_foot_pose": [0.9999980000005855, -0.0019908150915520385, -0.00019144216212709292, 0.03985994027293533, 0.0019999987075475117, 0.9954061559724572, 0.09572139080324195, 1.9930628485258228e-05, -8.827015912585172e-10, -0.09572158224459344, 0.9954081467883377, 2.3968191806278405e-09, 0.0, 0.0, 0.0, 1.0], "right_foot_pose": [0.9999994490711057, -0.0010467219476337725, -7.893446228179417e-05, 0.02099735655172414, 0.0010496939957294177, 0.9971693919943603, 0.07518046163806962, -0.1400484923381449, 1.7990531082173096e-08, -0.07518050307601229, 0.9971699413626733, 0.005588802201085347, 0.0, 0.0, 0.0, 1.0]}, {"left_foot_pose": [0.9999980000005915, -0.0019891918985812575, -0.00020763046185036727, 0.03985994033548883, 0.0019999987045171163, 0.9945945650610973, 0.10381546684434681, 1.993068458880365e-05, -7.566969654660643e-10, -0.10381567447412947, 0.9945965542537752, 2.1651071144268563e-09, 0.0, 0.0, 0.0, 1.0], "right_foot_pose": [0.9999994117885662, -0.0010806833333825555, -9.2444871361558e-05, 0.0216985188735188, 0.0010846301307758702, 0.9963626582708325, 0.08520725779509357, -0.1400474378381922, 2.6554390990807055e-08, -0.08520730794370343, 0.99636324434063, 0.00914875872527434, 0.0, 0.0, 0.0, 1.0]}, {"left_foot_pose": [0.999998000000599, -0.001987581308496796, -0.0002225204373981944, 0.03985994037113436, 0.001999998700736228, 0.9937892767556054, 0.11126038563104436, 1.993069126706576e-05, -6.383113497160069e-10, -0.11126060815092564, 0.9937912643376815, 1.9226735065158707e-09, 0.0, 0.0, 0.0, 1.0], "right_foot_pose": [0.9999993641597449, -0.0011225563039868373, -0.00010745906233338664, 0.022562680531442857, 0.0011276879463752588, 0.9954518234311605, 0.0952596218104669, -0.14004613980299738, 3.60305651233374e-08, -0.09525968242085418, 0.9954524563760323, 0.013221710085459769, 0.0, 0.0, 0.0, 1.0]}, {"left_foot_pose": [0.9999980000006076, -0.001986014656918857, -0.00023609440532303477, 0.039859940382630875, 0.0019999986964301486, 0.9930059585240503, 0.11804730552175745, 1.9930655186922545e-05, -5.277163288884553e-10, -0.1180475416157212, 0.9930079445394612, 1.6696844185037918e-09, 0.0, 0.0, 0.0, 1.0], "right_foot_pose": [0.9999993058992293, -0.0011716645899374164, -0.00012410942099221766, 0.023576836322700054, 0.0011782194437169086, 0.9944400881562487, 0.10529730702508391, -0.14004461785189742, 4.625749532442871e-08, -0.1052973801662751, 0.9944407783926185, 0.01760515749530832, 0.0, 0.0, 0.0, 1.0]}, {"left_foot_pose": [0.9999980000006168, -0.0019845218327282053, -0.00024833014859156424, 0.039859940372813894, 0.0019999986918184283, 0.9922595544638464, 0.12416511821136461, 1.993058404001647e-05, -4.253524948797371e-10, -0.1241653665411773, 0.9922615389864188, 1.409779445959991e-09, 0.0, 0.0, 0.0, 1.0], "right_foot_pose": [0.9999992366749175, -0.0012273410565143824, -0.00014242019815895808, 0.024727981185498557, 0.0012355766178576155, 0.9933392017552559, 0.11522023957036372, -0.1400428915339667, 5.7035386636737925e-08, -0.11522032759093181, 0.9933399599884395, 0.022096602423282305, 0.0, 0.0, 0.0, 1.0]}, {"left_foot_pose": [0.9999980000006261, -0.0019831304040509807, -0.00025920754062254767, 0.0398599403442287, 0.001999998687146603, 0.991563848243924, 0.12960376098305537, 1.9930486996220728e-05, -3.324115609839382e-10, -0.1296040201903557, 0.9915658313750523, 1.1505447358728382e-09, 0.0, 0.0, 0.0, 1.0], "right_foot_pose": [0.9999991561543549, -0.0012889360490599506, -0.00016227889346358813, 0.02600311019679342, 0.0012991114552614112, 0.9921731198315183, 0.12486317548908536, -0.14004098032856455, 6.810792253837575e-08, -0.12486328094220815, 0.9921739570621388, 0.0264935461364423, 0.0, 0.0, 0.0, 1.0]}, {"left_foot_pose": [0.9999980000006353, -0.0019818651924021435, -0.00026871004743507867, 0.03985994029912116, 0.001999998682611788, 0.9909312502952509, 0.13435496713393624, 1.9930373998120268e-05, -2.495175834805992e-10, -0.13435523584382836, 0.9909332321611536, 9.006172682624047e-10, 0.0, 0.0, 0.0, 1.0], "right_foot_pose": [0.9999990640468693, -0.0013558281212992615, -0.00018339981000336134, 0.02738921859262043, 0.0013681759311400228, 0.9909818075556844, 0.13398949655958103, -0.14003890363125804, 7.91478282133803e-08, -0.13398962207489828, 0.9909827350545618, 0.030593489606952594, 0.0, 0.0, 0.0, 1.0]}, {"left_foot_pose": [0.9999980000006436, -0.0019807487761369707, -0.0002768194346422678, 0.03985994023956428, 0.0019999986783908186, 0.9903730494952588, 0.13840961974786414, 1.9930256060202156e-05, -1.7727518973783458e-10, -0.1384098965672174, 0.9903750302447317, 6.709691274808804e-10, 0.0, 0.0, 0.0, 1.0], "right_foot_pose": [0.9999989601415129, -0.0014274363629517167, -0.00020528351745795564, 0.028873301767111118, 0.001442122007585796, 0.9898244670937469, 0.14228648785705134, -0.14003668070457642, 8.974154692051224e-08, -0.14228663594311786, 0.9898254963537677, 0.034193933546112824, 0.0, 0.0, 0.0, 1.0]}, {"left_foot_pose": [0.9999980000006512, -0.0019798013842134464, -0.0002835157449569034, 0.039859940167749346, 0.0019999986746428544, 0.9898993600450657, 0.14175774048591344, 1.9930145222876727e-05, -1.1634168719766973e-10, -0.14175802400163903, 0.9899013398471345, 4.751129836777501e-10, 0.0, 0.0, 0.0, 1.0], "right_foot_pose": [0.9999988443407983, -0.0015032301693465326, -0.00022719182549362218, 0.030442355189171506, 0.0015203016337974585, 0.9887796240383352, 0.14937383897306275, -0.14003433062618925, 9.938654070792925e-08, -0.14937401174791495, 0.988780766709347, 0.03709237848851118, 0.0, 0.0, 0.0, 1.0]}, {"left_foot_pose": [0.9999980000006576, -0.0019790407903516227, -0.0002887771392770142, 0.03985994008622898, 0.001999998671511007, 0.9895190685482849, 0.14438841014655343, 1.9930054240583847e-05, -6.745887126490305e-11, -0.1443886989237231, 0.9895210475897498, 3.288758571029504e-10, 0.0, 0.0, 0.0, 1.0], "right_foot_pose": [0.9999987166902355, -0.0015827315627734016, -0.0002481505226942117, 0.03208337418450159, 0.0016020667495939465, 0.987940219987411, 0.1548275011532377, -0.14003187225359975, 1.0750912003960842e-07, -0.1548277000152952, 0.9879414877956904, 0.03908632491662454, 0.0, 0.0, 0.0, 1.0]}, {"left_foot_pose": [0.9999980000006622, -0.001978482014971435, -0.00029258091686925144, 0.03985993999816807, 0.0019999986691202555, 0.9892396849857589, 0.14629027874264489, 1.9929996048802592e-05, -3.142099537794198e-11, -0.14629057132362874, 0.9892416634684408, 2.5006984677444777e-10, 0.0, 0.0, 0.0, 1.0], "right_foot_pose": [0.9999985774036579, -0.00166550380424131, -0.00026699763728514717, 0.03378335359236416, 0.0016867692928711191, 0.987402013063061, 0.1582226892969754, -0.14002932423153294, 1.1351359680990193e-07, -0.15822291457337243, 0.9874034177092436, 0.0399732734472591, 0.0, 0.0, 0.0, 1.0]}, {"left_foot_pose": [0.9999980000006654, -0.0019785364179153112, -0.0002922127869477051, 0.03985993999175601, 0.0019999986674680984, 0.9892668890791322, 0.14610620170624694, 1.9929996074642166e-05, -6.266226380497202e-12, -0.1461064939191254, 0.9892688676162117, 2.0270821826651186e-10, 0.0, 0.0, 0.0, 1.0], "right_foot_pose": [0.9999984268845009, -0.001751457933739376, -0.0002803990539085172, 0.03552928114842336, 0.0017737611196646408, 0.987434829938032, 0.15801680415936675, -0.14002670546336096, 1.1600680173228069e-07, -0.1580170529416231, 0.9874363832569826, 0.04000000356452661, 0.0, 0.0, 0.0, 1.0]}, {"left_foot_pose": [0.9999980000006662, -0.001978448250861328, -0.0002928091310855538, 0.039859940000204534, 0.0019999986671456966, 0.9892228061573093, 0.1464043707803515, 1.9930001480645068e-05, -9.679675305432971e-13, -0.14640466358957951, 0.9892247846062204, 1.8461693979121563e-10, 0.0, 0.0, 0.0, 1.0], "right_foot_pose": [0.9999982657417879, -0.0018388656473674917, -0.00029510429918692884, 0.037308154198338946, 0.0018623945346074287, 0.9873746508952768, 0.15839138314954831, -0.14002403711822184, 1.1803107447791289e-07, -0.15839165805862554, 0.9873763632260121, 0.04000000368077736, 0.0, 0.0, 0.0, 1.0]}, {"left_foot_pose": [0.9999980000006654, -0.0019785608247292114, -0.0002920474846543517, 0.039859940006907485, 0.0019999986676113623, 0.9892790923011506, 0.14602355132355138, 1.993000571917907e-05, -7.609040302936456e-12, -0.14602384337112617, 0.9892810708626372, 1.914872010955193e-10, 0.0, 0.0, 0.0, 1.0], "right_foot_pose": [0.9999980948043639, -0.0019275109439253904, -0.0003083653730698699, 0.03910696879433602, 0.0019520214210425018, 0.9874512492531212, 0.15791206401292393, -0.14002133888344256, 1.1854130139903638e-07, -0.15791236509536263, 0.9874531305079627, 0.040000003752567126, 0.0, 0.0, 0.0, 1.0]}, {"left_foot_pose": [0.9999980000006629, -0.0019788725499603225, -0.0002899277607063719, 0.03985994001170434, 0.0019999986688535353, 0.9894349527523311, 0.14496369986075108, 1.9930008628738817e-05, -2.6179175134264492e-11, -0.14496398978858308, 0.9894369316255467, 2.2351515777119246e-10, 0.0, 0.0, 0.0, 1.0], "right_foot_pose": [0.9999979151285228, -0.002016788289071585, -0.0003198493463338172, 0.0409127195777349, 0.0020419937789996345, 0.9876633846491764, 0.1565786348284451, -0.140018630267654, 1.1753093695376692e-07, -0.1565789615124911, 0.9876654437670965, 0.040000003777911144, 0.0, 0.0, 0.0, 1.0]}, {"left_foot_pose": [0.999998000000659, -0.0019793795214632175, -0.0002864461439986041, 0.03985994001444883, 0.0019999986708497605, 0.9896884350091306, 0.14322290883268357, 1.9930010129451566e-05, -5.677984638991775e-11, -0.1432231952788677, 0.9896904143893245, 2.8110707511741495e-10, 0.0, 0.0, 0.0, 1.0], "right_foot_pose": [0.9999977280025332, -0.002106087776726204, -0.000329217326267988, 0.042712401189460084, 0.002131663612759145, 0.9880080218339821, 0.15438783890560687, -0.14001593077865887, 1.1501888513162196e-07, -0.15438818991742329, 0.9880102665529384, 0.04000000375733008, 0.0, 0.0, 0.0, 1.0]}, {"left_foot_pose": [0.9999980000006534, -0.00198007550777836, -0.0002815948822886447, 0.03985994001496178, 0.001999998673558571, 0.9900364234202661, 0.14079730219899106, 1.9930010210204678e-05, -9.953123567358243e-11, -0.1407975837938699, 0.9900384034964548, 3.6472533326836754e-10, 0.0, 0.0, 0.0, 1.0], "right_foot_pose": [0.9999975349467758, -0.0021947934084611534, -0.00033612834735372965, 0.04449300827118712, 0.0022203829307998538, 0.9884803081920672, 0.15133324227067935, -0.14001325992340047, 1.1104976735033786e-07, -0.15133361555982777, 0.9884827448173176, 0.040000003693747684, 0.0, 0.0, 0.0, 1.0]}, {"left_foot_pose": [0.9999980000006468, -0.0019809516624705713, -0.0002753637936328165, 0.03985994000096615, 0.001999998676972049, 0.9904744947993994, 0.13768178948999496, 1.993002066564848e-05, -1.553979046981887e-10, -0.1376820648537281, 0.9904764757517542, 4.758587898723299e-10, 0.0, 0.0, 0.0, 1.0], "right_foot_pose": [0.9999973377096807, -0.0022822853760681478, -0.00034021612636556977, 0.04624153630608132, 0.00230750374632193, 0.9890752625568419, 0.14739335271502269, -0.1400106369731695, 1.0566107978296458e-07, -0.14739374536111297, 0.9890778957334008, 0.03998808365284041, 0.0, 0.0, 0.0, 1.0]}, {"left_foot_pose": [0.9999980000006379, -0.001982008002970299, -0.00026765463075436116, 0.0398599399116913, 0.001999998681300511, 0.9910026574874331, 0.13382725005812843, 1.99301266382507e-05, -2.3026447909264497e-10, -0.1338275177126224, 0.9910046394961424, 6.446862835240985e-10, 0.0, 0.0, 0.0, 1.0], "right_foot_pose": [0.9999971382595872, -0.0023682259888326163, -0.0003390845048061109, 0.047944983017128344, 0.0023923780273912175, 0.9899075709732451, 0.14169430989712897, -0.14000807907326, 9.817133912411915e-08, -0.14169471562311506, 0.9899104038065641, 0.0391821354810683, 0.0, 0.0, 0.0, 1.0]}, {"left_foot_pose": [0.9999980000006283, -0.0019832321334008743, -0.0002584280350716625, 0.039859939837574666, 0.001999998686066049, 0.9916147143941045, 0.12921400157241103, 1.9930248205084558e-05, -3.178148998731923e-10, -0.12921426000021988, 0.9916166976269593, 8.661935127496356e-10, 0.0, 0.0, 0.0, 1.0], "right_foot_pose": [0.999996938772086, -0.002452023761337154, -0.000331701568401656, 0.04959033579280052, 0.002474357785112714, 0.9909755887408127, 0.13401962570217332, -0.14000560735363407, 8.88503257407031e-08, -0.13402003618591235, 0.9909786223227618, 0.03725568926403318, 0.0, 0.0, 0.0, 1.0]}, {"left_foot_pose": [0.9999980000006186, -0.0019845994784424407, -0.0002477088500299104, 0.03985993977510206, 0.0019999986910541365, 0.9922983782325565, 0.12385446524964243, 1.9930374006767865e-05, -4.16978634612449e-10, -0.12385471295816453, 0.9923003628327726, 1.1234194616238646e-09, 0.0, 0.0, 0.0, 1.0], "right_foot_pose": [0.9999967416133116, -0.0025328214598150517, -0.00031871336925446526, 0.051164590007583124, 0.0025527950863524474, 0.9921763787387332, 0.12481793424881256, -0.14000324217268886, 7.833412742172093e-08, -0.12481834115364034, 0.9921796116186058, 0.03441124442584968, 0.0, 0.0, 0.0, 1.0]}, {"left_foot_pose": [0.9999980000006085, -0.0019860824264307077, -0.0002355236283139891, 0.03985993972190858, 0.001999998696017571, 0.9930398435868365, 0.11776191682478819, 1.9930494297535663e-05, -5.2648669852592e-10, -0.11776215234797588, 0.9930418296700164, 1.4039100854068565e-09, 0.0, 0.0, 0.0, 1.0], "right_foot_pose": [0.9999965493192308, -0.002609749706340431, -0.0003009254084287768, 0.05265474130946814, 0.00262704199179692, 0.9934170853948836, 0.11452332991975012, -0.1400010036501454, 6.721553536778851e-08, -0.11452372527998245, 0.9934205133517179, 0.030851300549415143, 0.0, 0.0, 0.0, 1.0]}, {"left_foot_pose": [0.9999980000005992, -0.001987650054097415, -0.00022190553206676364, 0.039859939676455104, 0.001999998700678606, 0.9938236492785132, 0.11095293659897783, 1.9930600282457023e-05, -6.447597440155957e-10, -0.11095315850394714, 0.9938256369293353, 1.697677401435449e-09, 0.0, 0.0, 0.0, 1.0], "right_foot_pose": [0.9999963645706063, -0.0026819583004405066, -0.0002791867577500502, 0.05404778528949184, 0.00269645054986522, 0.994623968897843, 0.1035175813489415, -0.1399989116778632, 5.600451658810328e-08, -0.1035179578313701, 0.9946275847805649, 0.026778357160342846, 0.0, 0.0, 0.0, 1.0]}, {"left_foot_pose": [0.999998000000591, -0.0019892691882915257, -0.0002068886552556611, 0.039859939637465515, 0.001999998704789629, 0.9946332091302127, 0.10344457115052434, 1.9930684288844806e-05, -7.709763172358858e-10, -0.10344477803848595, 0.9946351984001821, 1.9983756316399592e-09, 0.0, 0.0, 0.0, 1.0], "right_foot_pose": [0.9999961901637593, -0.0027486350544828177, -0.00025428980251016676, 0.05533071733126544, 0.0027603727944532294, 0.9957454816410818, 0.09210491915965001, -0.13999698595440718, 4.511238422979177e-08, -0.09210527018964397, 0.9957492752712858, 0.022394913591467003, 0.0, 0.0, 0.0, 1.0]}, {"left_foot_pose": [0.9999980000005843, -0.0019909050529098443, -0.0001905043375013578, 0.039859939604018124, 0.001999998708076889, 0.9954511355171531, 0.09525248974582554, 1.9930739271143902e-05, -9.040508422698795e-10, -0.09525268024933085, 0.9954531264229971, 2.3010041719229157e-09, 0.0, 0.0, 0.0, 1.0], "right_foot_pose": [0.9999960289771204, -0.0028090109544689763, -0.00022690845693432838, 0.056490532603448176, 0.0028181607457595506, 0.9967503133027479, 0.08050385643486026, -0.1399952460462584, 3.486093782210922e-08, -0.08050417621671088, 0.9967542714288549, 0.01790346889885954, 0.0, 0.0, 0.0, 1.0]}, {"left_foot_pose": [0.9999980000005801, -0.0019925194428429376, -0.000172803675757522, 0.03985993957643778, 0.001999998710115215, 0.9962583265381296, 0.08640223844673255, 1.99307576458415e-05, -1.0391808831463638e-09, -0.08640241124943464, 0.9962603190583698, 2.5948858686786203e-09, 0.0, 0.0, 0.0, 1.0], "right_foot_pose": [0.9999958839335754, -0.0028623534751766014, -0.00019760690736418018, 0.05751422611584134, 0.002869166413096864, 0.9976219703259191, 0.0688634315665794, -0.13999371145121114, 2.550961744407809e-08, -0.06886371508722261, 0.9976260766160764, 0.013506521826898418, 0.0, 0.0, 0.0, 1.0]}, {"left_foot_pose": [0.9999980000005791, -0.0019940717796885013, -0.000153858961827142, 0.03985993955493244, 0.001999998710670692, 0.9970344933431912, 0.07692996223217576, 1.9930734105937098e-05, -1.174648314584742e-09, -0.07693011609002136, 0.99703648741577, 2.8773737420495493e-09, 0.0, 0.0, 0.0, 1.0], "right_foot_pose": [0.9999957579586112, -0.0029079599236935248, -0.00016683484113842154, 0.058388792761981834, 0.0029127417979847733, 0.9983543953761859, 0.05727143413839492, -0.13999240157782594, 1.726170548573114e-08, -0.05727167713741624, 0.9983586304519366, 0.009406570882333341, 0.0, 0.0, 0.0, 1.0]}, {"left_foot_pose": [0.9999980000005813, -0.0019955222421068107, -0.0001337378762331816, 0.03985993954054931, 0.001999998709570066, 0.9977597255093815, 0.06686950094479416, 1.9930664611634424e-05, -1.3097736249209205e-09, -0.06686963468141126, 0.9977617210324194, 3.150477254076911e-09, 0.0, 0.0, 0.0, 1.0], "right_foot_pose": [0.9999956539342613, -0.0029451513773376082, -0.00013489237715772815, 0.05910122732214746, 0.0029482388961451903, 0.9989485763146618, 0.04574986083389945, -0.13999133577175069, 1.0282469302202722e-08, -0.04575005969695005, 0.9989529178283255, 0.005806114749381655, 0.0, 0.0, 0.0, 1.0]}, {"left_foot_pose": [0.9999980000005878, -0.001996829705634687, -0.00011254311129562171, 0.039859939539421206, 0.0019999987063006913, 0.9984134615617047, 0.056272193644375045, 1.993054283909619e-05, -1.4305468548089851e-09, -0.05627230618609806, 0.9984154583921964, 3.3907673960276163e-09, 0.0, 0.0, 0.0, 1.0], "right_foot_pose": [0.9999955746488526, -0.0029732606354138753, -0.00010199953345156187, 0.05963852435494831, 0.002975009699295766, 0.9994077131549018, 0.03428370172221695, -0.13999053335460926, 4.7397026725161624e-09, -0.03428385345439971, 0.9994121359040611, 0.0029076534427696157, 0.0, 0.0, 0.0, 1.0]}, {"left_foot_pose": [0.9999980000005989, -0.00199795088382639, -9.048242409511258e-05, 0.039859939560151984, 0.0019999987008125107, 0.9989740583562994, 0.04524191349116964, 1.993036578479615e-05, -1.5266376020873064e-09, -0.04524200397210061, 0.9989760563079526, 3.5842138146335856e-09, 0.0, 0.0, 0.0, 1.0], "right_foot_pose": [0.9999955227425543, -0.002991624180739421, -6.840765234160028e-05, 0.0599876779550271, 0.0029924061966389737, 0.9997341965434426, 0.022860047392597317, -0.13999001357377017, 7.987984628715689e-10, -0.022860149745762864, 0.9997386726308038, 0.0009136903669782412, 0.0, 0.0, 0.0, 1.0]}, {"left_foot_pose": [0.9999980000006135, -0.001998850002686273, -6.777492730804596e-05, 0.039859939613552144, 0.0019999986935018907, 0.9994236283123834, 0.03388821588897488, 1.9930133052814894e-05, -1.5966621413838237e-09, -0.033888283662330224, 0.9994256271631334, 3.738532691754948e-09, 0.0, 0.0, 0.0, 1.0], "right_foot_pose": [0.9999955006487297, -0.002999584727485936, -3.4260157858495095e-05, 0.06013568169303866, 0.0029997803745910696, 0.9999302752050053, 0.0114212979186534, -0.13998979581193385, -1.3817287358062217e-09, -0.011421349303171464, 0.999934774262849, 2.6733672031292732e-05, 0.0, 0.0, 0.0, 1.0]}, {"left_foot_pose": [0.9999980000006305, -0.0019995007728128194, -4.462509787824328e-05, 0.03985993958028528, 0.0019999986849591435, 0.999749025958174, 0.022313339080981317, 1.993010162588786e-05, -1.6405997125495438e-09, -0.02231338370445455, 0.9997510254596687, 3.868177271548756e-09, 0.0, 0.0, 0.0, 1.0], "right_foot_pose": [0.9999955000033771, -0.0029999954679615416, 4.32591832039572e-07, 0.06013999986350088, 0.0029999954991504693, 0.9999954896854326, -0.0001436516511243466, -0.13998979026613392, -1.6355785045138628e-09, 0.00014365230246577012, 0.9999999896820078, 4.054984681367557e-09, 0.0, 0.0, 0.0, 1.0]}, {"left_foot_pose": [0.9999980000006493, -0.0019998858191160973, -2.1246484520360478e-05, 0.03985993952977646, 0.001999998675650742, 0.9999415630295255, 0.010624054375235423, 1.9930131829335243e-05, -1.6527464903511657e-09, -0.010624075620074733, 0.9999435629160378, 3.938338974385225e-09, 0.0, 0.0, 0.0, 1.0], "right_foot_pose": [0.9999955000034058, -0.0029997854375330645, 3.550024569744553e-05, 0.060139999818032974, 0.0029999954897762015, 0.9999254893218201, -0.011832828553642094, -0.13998979024291966, -1.6537700568173016e-09, 0.011832881806530696, 0.9999299890033067, 4.037436482362544e-09, 0.0, 0.0, 0.0, 1.0]}, {"left_foot_pose": [0.9999980000006679, -0.0019999975475933473, 2.115305157517647e-06, 0.03985993949532939, 0.0019999986662230474, 0.9999974415492324, -0.0010568350511758866, 1.9930159111076345e-05, -1.632235225300056e-09, 0.0010568371681137134, 0.9999994415474445, 3.941483681102476e-09, 0.0, 0.0, 0.0, 1.0], "right_foot_pose": [0.9999955000034331, -0.002999165174004261, 7.057721088267776e-05, 0.060139999779138, 0.002999995480605527, 0.9997187448197401, -0.023525120258137685, -0.13998979021115027, -1.6392841372649045e-09, 0.023525226126490793, 0.9997232435707883, 3.954310434650665e-09, 0.0, 0.0, 0.0, 1.0]}, {"left_foot_pose": [0.9999980000006858, -0.0019998397082534357, 2.5214493750463065e-05, 0.039859939478630826, 0.001999998657349829, 0.9999185355161306, -0.012606440284557902, 1.9930180887748825e-05, -1.5798041059131971e-09, 0.012606465500639352, 0.9999205353564766, 3.876219012433069e-09, 0.0, 0.0, 0.0, 1.0], "right_foot_pose": [0.9999955000034579, -0.002998147095704248, 0.00010529399978466717, 0.060139999748718594, 0.0029999954723079546, 0.9993793949417146, -0.0350973644751052, -0.13998979017372154, -1.5924280013225952e-09, 0.035097522418608876, 0.999383892165606, 3.808641187152961e-09, 0.0, 0.0, 0.0, 1.0]}, {"left_foot_pose": [0.9999980000007013, -0.001999427208772789, 4.780622794224219e-05, 0.03985993948051929, 0.0019999986496520715, 0.9997122978306687, -0.023902334018388878, 1.9930195015003746e-05, -1.496997231596535e-09, 0.023902381826128652, 0.9997142972584913, 3.742258232464213e-09, 0.0, 0.0, 0.0, 1.0], "right_foot_pose": [0.9999955000034784, -0.0029967605196250867, 0.00013928094274275345, 0.06013999972833987, 0.002999995465495394, 0.9989172113712408, -0.04642633792914137, -0.13998979013361088, -1.5143451244384353e-09, 0.046426546852978666, 0.9989217065152343, 3.604299976533998e-09, 0.0, 0.0, 0.0, 1.0]}, {"left_foot_pose": [0.9999980000007131, -0.0019987855853216526, 6.964738691515495e-05, 0.0398599395008268, 0.0019999986436478284, 0.9993914957786427, -0.03482295465284011, 1.993020003811935e-05, -1.3863879895134951e-09, 0.0348230243016347, 0.9993934945648231, 3.5412291571335075e-09, 0.0, 0.0, 0.0, 1.0], "right_foot_pose": [0.9999955000034928, -0.002995050989623337, 0.00017216949087202622, 0.06013999971907358, 0.0029999954606680897, 0.9983473748323429, -0.05738919055540943, -0.1399897900936418, -1.4072718300904052e-09, 0.0573894488119433, 0.998351867412017, 3.3466396251458086e-09, 0.0, 0.0, 0.0, 1.0]}, {"left_foot_pose": [0.9999979998092169, -0.0019980454496871945, 9.050937889469208e-05, 0.03986184793064739, 0.0020000943894431214, 0.9989736204087373, -0.045251578424339106, 1.9934475449449873e-05, -1.7715538399964757e-09, 0.04525166893984963, 0.9989756185504026, 1.1922965000486785e-05, 0.0, 0.0, 0.0, 1.0], "right_foot_pose": [0.9999955000035006, -0.0029930789567978885, 0.00020359544910182877, 0.06013999974005965, 0.002999995458083226, 0.9976900353172918, -0.06786452280707772, -0.1399897900939506, -1.27567798842222e-09, 0.0678648282023851, 0.9976945249389018, 3.053087276050359e-09, 0.0, 0.0, 0.0, 1.0]}, {"left_foot_pose": [0.9999979864199995, -0.0020037000694775576, 0.00011109445994110146, 0.0399950422917347, 0.002006777503215289, 0.9984646530510417, -0.05535620517806995, 2.0263515900356688e-05, -6.659239883736347e-09, 0.05535631665578493, 0.9984666635428071, 0.0008178782300438531, 0.0, 0.0, 0.0, 1.0], "right_foot_pose": [0.999995500003504, -0.002990907288119814, 0.00023333738554167082, 0.06013999988632292, 0.002999995456933002, 0.9969661490846847, -0.0777785163558223, -0.13998979032534117, -1.1432733565577863e-09, 0.07777886636386765, 0.9969706354487837, 2.83378319421157e-09, 0.0, 0.0, 0.0, 1.0]}, {"left_foot_pose": [0.9999979526686439, -0.002019197155683927, 0.0001322927339654607, 0.0403288430331048, 0.0020235262589884118, 0.9978589898196991, -0.06537080217872232, 2.1094113723772734e-05, -1.2956051300318604e-08, 0.06537093604085001, 0.9978610327701666, 0.002744340756485282, 0.0, 0.0, 0.0, 1.0], "right_foot_pose": [0.9999955000035026, -0.0029885909640793604, 0.0002613365524128551, 0.060140000008856796, 0.002999995457363743, 0.996194042986666, -0.08711158789240732, -0.13998979049551366, -1.0122866519037047e-09, 0.08711197989903684, 0.9961985258762781, 2.626074552258828e-09, 0.0, 0.0, 0.0, 1.0]}, {"left_foot_pose": [0.9999978993777794, -0.002043860219153467, 0.00015451677580189971, 0.04085033494428007, 0.0020496926669683634, 0.9971531356598928, -0.07537521345651613, 2.2394334933126606e-05, -2.0487209175381223e-08, 0.07537537183356982, 0.997155230303162, 0.005588802173379259, 0.0, 0.0, 0.0, 1.0], "right_foot_pose": [0.9999955000034972, -0.0029861863503966427, 0.00028751319284055476, 0.06014000010313997, 0.0029999954592219162, 0.99539250567625, -0.09583715182955826, -0.13998979060604722, -8.827823231730651e-10, 0.09583758310098302, 0.9953969849589469, 2.409554666904512e-09, 0.0, 0.0, 0.0, 1.0]}, {"left_foot_pose": [0.999997827159157, -0.00207700980907076, 0.00017806520887235326, 0.04154660307796404, 0.002084628735468764, 0.9963442147741111, -0.08540409831616078, 2.4132254481105953e-05, -2.909077521247189e-08, 0.08540428394649867, 0.9963463796710391, 0.00914875869208897, 0.0, 0.0, 0.0, 1.0], "right_foot_pose": [0.9999955000034884, -0.0029837499555838433, 0.0003117835401895305, 0.06014000016811573, 0.002999995462226469, 0.9945803735235352, -0.10392728529607599, -0.13998979066087025, -7.569742663792878e-10, 0.10392775297286026, 0.994584849151651, 2.1779684791778386e-09, 0.0, 0.0, 0.0, 1.0]}, {"left_foot_pose": [0.9999977364725795, -0.0021179658967853073, 0.000203150629217482, 0.042404732804461616, 0.0021276864704669984, 0.9954308669405484, -0.09546131201839202, 2.6275795411602118e-05, -3.8603644437580634e-08, 0.09546152817993961, 0.9954331201228689, 0.013221710051489352, 0.0, 0.0, 0.0, 1.0], "right_foot_pose": [0.9999955000034768, -0.002981332911371444, 0.00033410607222696364, 0.060140000205219334, 0.002999995465984145, 0.9937746907691336, -0.1113681463162479, -0.1399897906666378, -6.387206176932021e-10, 0.11136864747667838, 0.9937791627716971, 1.9353273081335054e-09, 0.0, 0.0, 0.0, 1.0]}, {"left_foot_pose": [0.9999976276806304, -0.002166055295703706, 0.00022986423833130934, 0.04341180970064207, 0.0021782178747146094, 0.9944162770819066, -0.10550603414711436, 2.8792783051886928e-05, -4.883612264632681e-08, 0.10550628454749834, 0.9944186361492734, 0.017605157462473285, 0.0, 0.0, 0.0, 1.0], "right_foot_pose": [0.9999955000034642, -0.0029789822333871345, 0.0003544540517577851, 0.06014000021725417, 0.0029999954702705327, 0.992991129455686, -0.1181508224664547, -0.13998979062998623, -5.28207395070887e-10, 0.11815135414871243, 0.9929955979322495, 1.681909979345253e-09, 0.0, 0.0, 0.0, 1.0]}, {"left_foot_pose": [0.9999975010992304, -0.00222069940922388, 0.0002574673367891504, 0.04455491953368457, 0.0022355749354733383, 0.9933465711206994, -0.11514161648794946, 3.16511231227834e-05, -5.937646353895473e-08, 0.1151419043479999, 0.9933490533861266, 0.022096602395716196, 0.0, 0.0, 0.0, 1.0], "right_foot_pose": [0.9999955000034477, -0.0029768419426492755, 0.00037200121326793034, 0.06014000021055158, 0.0029999954756946973, 0.9922776957643638, -0.12399989724072688, -0.13998979055255517, -4.117326728088524e-10, 0.12400045524357346, 0.9922821610305138, 1.4007110887837015e-09, 0.0, 0.0, 0.0, 1.0]}, {"left_foot_pose": [0.9999973570439044, -0.002281165200664255, 0.0002866889145543995, 0.04582114807047468, 0.002299109654088486, 0.9921962267844846, -0.124664997691537, 3.481822729715922e-05, -7.020480710996597e-08, 0.1246653273366723, 0.9921988491023543, 0.026493546107427914, 0.0, 0.0, 0.0, 1.0], "right_foot_pose": [0.9999955000034335, -0.0029748002723572016, 0.00038798997693813525, 0.06014000018154207, 0.0029999954804334527, 0.9915971361679595, -0.12932950000142596, -0.13998979045481447, -3.181655760365821e-10, 0.1293300819872971, 0.991601598371624, 1.1406901603838726e-09, 0.0, 0.0, 0.0, 1.0]}, {"left_foot_pose": [0.9999971958720122, -0.00234691893477467, 0.00031657483695078913, 0.0471975813589818, 0.0023681740027409657, 0.9910264857850961, -0.1336446640324128, 3.826180928195172e-05, -8.08556020439551e-08, 0.13364503897996838, 0.9910292647323977, 0.030593489573686045, 0.0, 0.0, 0.0, 1.0], "right_foot_pose": [0.9999955000034201, -0.0029729579257098664, 0.0004018632627211412, 0.060140000135057395, 0.0029999954849909702, 0.9909830177413396, -0.13395394199260321, -0.13998979034201298, -2.352838278817323e-10, 0.1339545447882959, 0.9909874771815033, 8.907787146794632e-10, 0.0, 0.0, 0.0, 1.0]}, {"left_foot_pose": [0.9999970180206383, -0.002417441737413957, 0.00034630229269493393, 0.04867130556612642, 0.0024421199445264553, 0.9898970859362993, -0.14176669321459204, 4.19493330892258e-05, -9.090923966292405e-08, 0.14176711618097426, 0.9899000377663004, 0.034193933506359596, 0.0, 0.0, 0.0, 1.0], "right_foot_pose": [0.9999955000034072, -0.002971348701553808, 0.000413593796986927, 0.06014000007317999, 0.0029999954891852614, 0.9904466069291284, -0.13786413184596388, -0.13998979022533756, -1.6372125475966142e-10, 0.1378647522373655, 0.9904510639554736, 6.618728343177338e-10, 0.0, 0.0, 0.0, 1.0]}, {"left_foot_pose": [0.9999968240403507, -0.0024922831968698243, 0.00037474481893489276, 0.05022940693028316, 0.0025202994271991785, 0.9888865205247456, -0.14865092537639987, 4.584807914923689e-05, -9.98965664768397e-08, 0.14865139773621125, 0.9888896611609718, 0.037092378441112205, 0.0, 0.0, 0.0, 1.0], "right_foot_pose": [0.9999955000033964, -0.0029700026183096624, 0.0004231517510008993, 0.06013999999812907, 0.0029999954928535597, 0.9899979100217627, -0.14105012647844245, -0.13998979011697418, -1.0415920063992669e-10, 0.14105076120669796, 0.9900023650289986, 4.674023737494259e-10, 0.0, 0.0, 0.0, 1.0]}, {"left_foot_pose": [0.9999966146247314, -0.002571057785370692, 0.0004005008638599453, 0.051858971543592536, 0.0026020643854735757, 0.9880868480031386, -0.15387530686941672, 4.992510976184125e-05, -1.073304912892121e-07, 0.15387582807279224, 0.9880901930162559, 0.0390863248613885, 0.0, 0.0, 0.0, 1.0], "right_foot_pose": [0.9999955000033873, -0.002968945759114285, 0.0004305044187489943, 0.060139999912502316, 0.002999995495850855, 0.9896456215371617, -0.1435010236874635, -0.13998979002978834, -5.736210969531425e-11, 0.14350166944466006, 0.9896500749591218, 3.231249295909677e-10, 0.0, 0.0, 0.0, 1.0]}, {"left_foot_pose": [0.999996390635699, -0.00265342085281985, 0.00042198738479681054, 0.05354708501100907, 0.002686766748788578, 0.9875918633788217, -0.15701940221636665, 5.414727724422849e-05, -1.1275153587100329e-07, 0.15701996925781528, 0.9875954279229239, 0.03997327338380573, 0.0, 0.0, 0.0, 1.0], "right_foot_pose": [0.9999955000033807, -0.00296819978640791, 0.00043561797058984603, 0.06013999981952295, 0.0029999954980521283, 0.9893969624126646, -0.1452055467108744, -0.13998978997678313, -2.4141555069953378e-11, 0.14520620013835564, 0.9894014147156752, 2.467990395382813e-10, 0.0, 0.0, 0.0, 1.0]}, {"left_foot_pose": [0.9999961531244856, -0.002738777371003544, 0.0004391295291921663, 0.05528082594995999, 0.00277375850027149, 0.9873913777879405, -0.15827372913347146, 5.848174318076951e-05, -1.1620308135232958e-07, 0.15827433831340224, 0.9873951761232391, 0.040000003546266975, 0.0, 0.0, 0.0, 1.0], "right_foot_pose": [0.9999955000033773, -0.0029677697738463393, 0.00043853798550693086, 0.06013999980639732, 0.002999995499211412, 0.9892536240787243, -0.1461788879220069, -0.13998978997608946, -6.309587119808544e-12, 0.14617954572948752, 0.9892580757367212, 2.093693551863396e-10, 0.0, 0.0, 0.0, 1.0]}, {"left_foot_pose": [0.9999959033484512, -0.002826126199536556, 0.00045419931812001364, 0.057047282372071344, 0.002862391710146824, 0.9873328529890625, -0.1586368309131803, 6.289786231996469e-05, -1.1820453013318432e-07, 0.15863748112972384, 0.9873368977106058, 0.04000000366340789, 0.0, 0.0, 0.0, 1.0], "right_foot_pose": [0.9999955000033762, -0.0029676401411677066, 0.0004394143713750845, 0.06013999981354879, 0.002999995499536794, 0.9892104129486794, -0.1464710174092684, -0.1399897899813979, -9.820124560823414e-13, 0.14647167653132095, 0.9892148644122286, 1.9134750034455195e-10, 0.0, 0.0, 0.0, 1.0]}, {"left_foot_pose": [0.9999956427842486, -0.002914852022524452, 0.00046695846220939517, 0.058833541146872385, 0.0029520183780847556, 0.9874119074712434, -0.15814237437036627, 6.736350900524504e-05, -1.187260998699729e-07, 0.15814306377988369, 0.9874162098012667, 0.04000000373618602, 0.0, 0.0, 0.0, 1.0], "right_foot_pose": [0.9999955000033778, -0.0029678117937051384, 0.0004382535243394761, 0.06013999981892313, 0.002999995499071878, 0.9892676307647388, -0.1460840673999936, -0.13998978998554573, -7.595670427958108e-12, 0.14608472478078405, 0.9892720824857651, 1.9831657149804727e-10, 0.0, 0.0, 0.0, 1.0]}, {"left_foot_pose": [0.9999953731361717, -0.0030043481792373004, 0.0004770726022302856, 0.06062668769378151, 0.0030419905055768174, 0.9876272581816622, -0.15679013103616338, 7.184639726489847e-05, -1.1776139329109627e-07, 0.1567908568399036, 0.9876318277634618, 0.04000000376258263, 0.0, 0.0, 0.0, 1.0], "right_foot_pose": [0.9999955000033816, -0.0029682822913694317, 0.0004350554283407294, 0.060139999822383994, 0.0029999954978276845, 0.9894244641531309, -0.1450180325418291, -0.13998978998837067, -2.613984738339259e-11, 0.1450186851254992, 0.9894289165798983, 2.3046752700706108e-10, 0.0, 0.0, 0.0, 1.0]}, {"left_foot_pose": [0.9999950963404841, -0.0030940017021227036, 0.00048419877549315914, 0.06241380743184468, 0.0031316600986742433, 0.9879757892512456, -0.1545769470471116, 7.631424031534148e-05, -1.153300997023273e-07, 0.15457770540037893, 0.9879806339160407, 0.040000003743102454, 0.0, 0.0, 0.0, 1.0], "right_foot_pose": [0.9999955000033875, -0.002969045720033394, 0.00042981448012898056, 0.06013999982380637, 0.0029999954958262087, 0.9896789417165881, -0.1432710450501419, -0.1399897899897929, -5.671779408276516e-11, 0.1432716897724287, 0.9896833952884897, 2.882006994164854e-10, 0.0, 0.0, 0.0, 1.0]}, {"left_foot_pose": [0.9999948145655574, -0.003183191556155117, 0.00048798925672544, 0.06418198578085091, 0.003220379167960157, 0.988452530749819, -0.1514966125439564, 8.073475053584078e-05, -1.1147795313140411e-07, 0.15149739847863997, 0.9884576562777957, 0.04000000368066196, 0.0, 0.0, 0.0, 1.0], "right_foot_pose": [0.9999955000033955, -0.0029700926759545533, 0.0004225191769746272, 0.0601399998230367, 0.0029999954931083693, 0.9900279288342712, -0.1408392706426893, -0.13998978998980247, -9.945052487484602e-11, 0.14083990442207617, 0.9900323839765951, 3.719713009830983e-10, 0.0, 0.0, 0.0, 1.0]}, {"left_foot_pose": [0.9999945302078186, -0.0032712926034212737, 0.0004880565012025942, 0.06591830899986009, 0.0033074997255132035, 0.9890523544258191, -0.14752796565502782, 8.507540795794216e-05, -1.0628876220524338e-07, 0.14752877295445815, 0.9890577643143709, 0.0399880836415607, 0.0, 0.0, 0.0, 1.0], "right_foot_pose": [0.9999955000034058, -0.002971409834290996, 0.0004131543716161689, 0.06013999980770417, 0.002999995489681112, 0.9904669838889325, -0.13771765991703164, -0.1399897900002791, -1.5530232401918097e-10, 0.13771827964928227, 0.9904714410069793, 4.831921460168864e-10, 0.0, 0.0, 0.0, 1.0]}, {"left_foot_pose": [0.9999942458837078, -0.0033580818605928463, 0.00048112960135460333, 0.06760986556133644, 0.0033923737214318246, 0.9898899445004331, -0.14179700129926737, 8.93015731224904e-05, -9.941643322333123e-08, 0.1417978175542479, 0.9898956404272335, 0.03918213547171408, 0.0, 0.0, 0.0, 1.0], "right_foot_pose": [0.9999955000034189, -0.0029729971752893323, 0.0004015727925708188, 0.06013999971657406, 0.0029999954853318868, 0.9909961005463789, -0.13385712057623192, -0.1399897901067406, -2.301577626203258e-10, 0.13385772293621154, 0.9910005600454183, 6.516207365359072e-10, 0.0, 0.0, 0.0, 1.0]}, {"left_foot_pose": [0.9999939644167113, -0.0034429651636395473, 0.0004659624796784532, 0.06924373365135614, 0.0034743531976858502, 0.9909633121414834, -0.1340881906039459, 9.338255181849664e-05, -9.075309109007782e-08, 0.1340890002217344, 0.9909692931769017, 0.03725568925110151, 0.0, 0.0, 0.0, 1.0], "right_foot_pose": [0.9999955000034332, -0.002974836042587542, 0.0003877156212803309, 0.06013999964110025, 0.0029999954805404057, 0.9916090594771106, -0.12923804853848994, -0.1399897902286527, -3.1769639670899275e-10, 0.12923863011282663, 0.9916135217344303, 8.727437245115155e-10, 0.0, 0.0, 0.0, 1.0]}, {"left_foot_pose": [0.9999936888208628, -0.0035249806605721023, 0.00044365503189181487, 0.07080699943895331, 0.003552790232789241, 0.9921690480464033, -0.12485174320071316, 9.728691200862685e-05, -8.081043198640806e-08, 0.12485253145225989, 0.9921753098066678, 0.03441124440728141, 0.0, 0.0, 0.0, 1.0], "right_foot_pose": [0.9999955000034482, -0.0029768895048367192, 0.0003716204100154426, 0.0601399995777382, 0.0029999954755211018, 0.9922935500305278, -0.12387296151686743, -0.139989790354721, -4.168456396959908e-10, 0.12387351894851625, 0.9922980153680202, 1.1296242066749507e-09, 0.0, 0.0, 0.0, 1.0]}, {"left_foot_pose": [0.9999934222800506, -0.0036031647374051247, 0.0004154521738135649, 0.07228674935839798, 0.003627036893759495, 0.9934139553141517, -0.11452317665199961, 0.00010098298465383362, -7.011550414635597e-08, 0.11452393021097754, 0.99342048972679