{"LoopMode": "Wrap", "FrameDuration": 0.002, "EnableCycleOffsetPosition": true, "EnableCycleOffsetRotation": false, "Debug_info": [{"left_foot_pose": [0.9999980000005887, -0.0019967226557601426, -0.00011442665716872629, 0.019859944841666064, 0.0019999987059735698, 0.9983599367584807, 0.05721395529745648, 9.930063541579992e-06, -1.4105536904358871e-09, -0.05721406972274606, 0.9983619334819223, 2.9546572202776566e-09, 0.0, 0.0, 0.0, 1.0], "right_foot_pose": [0.9999995000000186, -0.000999401714116282, -3.458217226992125e-05, 0.009999999649768549, 0.000999999856407804, 0.9994013098151259, 0.03458355013728109, -0.140050000265838, -1.3910247007256989e-09, -0.03458356742767414, 0.9994018095160601, 3.1384458157313055e-09, 0.0, 0.0, 0.0, 1.0]}, {"left_foot_pose": [0.9999980000005837, -0.0019954108363548976, -0.00013538991199242895, 0.019859944844905324, 0.001999998708527451, 0.9977040238232344, 0.06769550097379871, 9.930068601317343e-06, -1.2762360715576098e-09, -0.06769563636248561, 0.9977060192348642, 2.6735555158641233e-09, 0.0, 0.0, 0.0, 1.0], "right_foot_pose": [0.9999994999042597, -0.000999081426714752, -4.502813901768429e-05, 0.010000963910376219, 0.0010000956106839423, 0.9989853792944051, 0.04502456845748682, -0.14004999831787313, -7.575564174024829e-10, -0.04502459097333628, 0.998985878883022, 1.192264697509604e-05, 0.0, 0.0, 0.0, 1.0]}, {"left_foot_pose": [0.9999980000005813, -0.001993965609435579, -0.00015522882044490314, 0.01985994493783877, 0.001999998709576694, 0.9969814096463915, 0.07761487502184658, 9.930290937890107e-06, -1.1433495245408404e-09, -0.07761503024958247, 0.996983403612797, 2.4224722575127977e-09, 0.0, 0.0, 0.0, 1.0], "right_foot_pose": [0.9999994931981522, -0.0010052469051113659, -5.5516648005511245e-05, 0.010068263020359259, 0.0010067787435302392, 0.998478198753208, 0.05513867074123961, -0.14004989341479956, 4.1845866750441906e-09, -0.055138698689840684, 0.998478704783828, 0.0008178782235042023, 0.0, 0.0, 0.0, 1.0]}, {"left_foot_pose": [0.9999980000005825, -0.001992423618253246, -0.00017390503646859734, 0.019859945021556247, 0.0019999987090702793, 0.9962104157237841, 0.08695290454384033, 9.930454886732457e-06, -1.012012121412671e-09, -0.08695307844793054, 0.9962124081481968, 2.200218639225593e-09, 0.0, 0.0, 0.0, 1.0], "right_foot_pose": [0.9999994761955554, -0.0010213517244275479, -6.670284556764062e-05, 0.010236922618784311, 0.0010235275347972473, 0.9978743490261197, 0.06515931205194911, -0.1400496365320835, 1.0482872189007604e-08, -0.06515934619341111, 0.9978748717167133, 0.0027443406631989936, 0.0, 0.0, 0.0, 1.0]}, {"left_foot_pose": [0.9999980000005864, -0.0019908224027478678, -0.00019136611349064922, 0.01985994508997973, 0.0019999987071685223, 0.9954098117905008, 0.0956833663515863, 9.930562999570583e-06, -8.822903642702547e-10, -0.0956835577168895, 0.9954118026136921, 1.9868422393432006e-09, 0.0, 0.0, 0.0, 1.0], "right_foot_pose": [0.9999994490711075, -0.001046723031804058, -7.892006203052436e-05, 0.010500417163566185, 0.0010496939940652138, 0.9971704258193962, 0.07516674805845272, -0.14004923780026038, 1.7985441930989182e-08, -0.07516678948883476, 0.9971709751882777, 0.005588801864972598, 0.0, 0.0, 0.0, 1.0]}, {"left_foot_pose": [0.9999980000005924, -0.001989199569131639, -0.0002075569578620824, 0.01985994514036355, 0.0019999987041473544, 0.9945984005454903, 0.10377871476144229, 9.930619065025813e-06, -7.563768878008371e-10, -0.1037789223177212, 0.9946003897458385, 1.772780151843012e-09, 0.0, 0.0, 0.0, 1.0], "right_foot_pose": [0.9999994117885683, -0.0010806843734815377, -9.243268951724632e-05, 0.01085222117827867, 0.0010846301288798045, 0.9963636182414329, 0.08519603172873451, -0.14004870736006908, 2.654879946367936e-08, -0.08519608187073482, 0.9963642043117938, 0.009148758181533427, 0.0, 0.0, 0.0, 1.0]}, {"left_foot_pose": [0.9999980000005996, -0.00198758913437179, -0.00022245052145216174, 0.019859945172553024, 0.001999998700391548, 0.9937931898821094, 0.11122542761949994, 9.930629020971603e-06, -6.380976869456164e-10, -0.11122565006946544, 0.9937951774720111, 1.5573723144424179e-09, 0.0, 0.0, 0.0, 1.0], "right_foot_pose": [0.9999993641597471, -0.001122557185312996, -0.0001074498345402453, 0.011285809297455904, 0.0011276879443990109, 0.9954526059952905, 0.09525144375328105, -0.1400480552069277, 3.602521018470543e-08, -0.09525150435846222, 0.9954532389406588, 0.013221709368180144, 0.0, 0.0, 0.0, 1.0]}, {"left_foot_pose": [0.9999980000006083, -0.001986022384518342, -0.0002360293894051631, 0.019859945188319846, 0.0019999986961175098, 0.9930098224892238, 0.1180147975685104, 9.930598759200215e-06, -5.276002547464103e-10, -0.11801503359745831, 0.9930118085123621, 1.337108597454506e-09, 0.0, 0.0, 0.0, 1.0], "right_foot_pose": [0.9999993058992316, -0.0011716651707748315, -0.00012410391891031584, 0.011794656245658935, 0.0011782194417664584, 0.9944405822036779, 0.105292641078839, -0.14004729124247986, 4.625308390879871e-08, -0.10529271421678613, 0.9944412724403892, 0.017605156607447367, 0.0, 0.0, 0.0, 1.0]}, {"left_foot_pose": [0.9999980000006177, -0.0019845291858902967, -0.000248271376726856, 0.019859945189867778, 0.001999998691537886, 0.9922632311885743, 0.12413573231122768, 9.93053517639366e-06, -4.253011467712235e-10, -0.12413598058226846, 0.9922652157184993, 1.1125992419036557e-09, 0.0, 0.0, 0.0, 1.0], "right_foot_pose": [0.9999992366749197, -0.0012273411733453332, -0.00014241917523671055, 0.012372236821655303, 0.0012355766160020878, 0.9933392975008314, 0.11521941412357835, -0.14004642529916148, 5.703255767745723e-08, -0.11521950214351262, 0.9933400557340862, 0.022096601338960187, 0.0, 0.0, 0.0, 1.0]}, {"left_foot_pose": [0.9999980000006266, -0.001983137128935168, -0.000259156083107965, 0.019859945179332407, 0.0019999986868931064, 0.9915672108140062, 0.12957803225773085, 9.93044660359179e-06, -3.3237198127602814e-10, -0.12957829141357366, 0.9915691939518593, 8.888521654815129e-10, 0.0, 0.0, 0.0, 1.0], "right_foot_pose": [0.9999991561543571, -0.0012889355294780159, -0.00016228300649317114, 0.013012025898719293, 0.0012991114535361077, 0.9921727212941963, 0.12486634225883347, -0.140045467138862, 6.810719861742052e-08, -0.12486644771462727, 0.9921735585244779, 0.026493544817865665, 0.0, 0.0, 0.0, 1.0]}, {"left_foot_pose": [0.9999980000006357, -0.0019818711148036025, -0.00026866636152635484, 0.019859945158758965, 0.001999998682377053, 0.99093421161704, 0.13433312418084656, 9.930342137485886e-06, -2.4942826582001274e-10, -0.13433339284705284, 0.9909361934888649, 6.724968637517037e-10, 0.0, 0.0, 0.0, 1.0], "right_foot_pose": [0.9999990640468717, -0.0013558268062235908, -0.00018340951986249972, 0.013707498424520037, 0.0013681759295448958, 0.9909808481027135, 0.13399659245015308, -0.14004442643791865, 7.914955683055785e-08, -0.13399671797211368, 0.9909817756006895, 0.030593488022606946, 0.0, 0.0, 0.0, 1.0]}, {"left_foot_pose": [0.9999980000006443, -0.0019807538583772755, -0.0002767830652056388, 0.01985994513002321, 0.001999998678165124, 0.9903755907386232, 0.13839143497489675, 9.930231899116237e-06, -1.7708367608438398e-10, -0.13839171175788068, 0.9903775714931778, 4.727842006779781e-10, 0.0, 0.0, 0.0, 1.0], "right_foot_pose": [0.9999989601415151, -0.0014274341377302942, -0.0002052989793868035, 0.014452129401184845, 0.001442122006087183, 0.9898229261961355, 0.1422972067914168, -0.14004331273754292, 8.974584392759829e-08, -0.14229735488863512, 0.9898239554545494, 0.03419393168602048, 0.0, 0.0, 0.0, 1.0]}, {"left_foot_pose": [0.9999980000006519, -0.0019798057600804346, -0.0002834851848433525, 0.019859945094915926, 0.0019999986744182216, 0.9899015481104202, 0.14174246030705417, 9.930127024999902e-06, -1.1602133219123418e-10, -0.14174274379221993, 0.9899035279168643, 3.017161104290622e-10, 0.0, 0.0, 0.0, 1.0], "right_foot_pose": [0.9999988443408006, -0.0015032269996423694, -0.0002272127873101265, 0.015239393819817676, 0.0015203016323388455, 0.9887775416314614, 0.1493876228078811, -0.14004213539259383, 9.939324639934736e-08, -0.14938779559867216, 0.9887786843000611, 0.03709237637118397, 0.0, 0.0, 0.0, 1.0]}, {"left_foot_pose": [0.9999980000006579, -0.001979044751891757, -0.00028874998726359876, 0.019859945055263527, 0.001999998671283621, 0.9895210494601225, 0.14437483395887607, 9.93003952172878e-06, -6.70232196143865e-11, -0.1443751227088941, 0.9895230285055486, 1.7409669539336647e-10, 0.0, 0.0, 0.0, 1.0], "right_foot_pose": [0.999998716690238, -0.0015827275265002975, -0.00024817625561994596, 0.016062766534431602, 0.0016020667481211094, 0.9879377033979858, 0.1548435584286525, -0.14004090353797533, 1.0751778893837794e-07, -0.15484375731132938, 0.9879389712030285, 0.03908632258150946, 0.0, 0.0, 0.0, 1.0]}, {"left_foot_pose": [0.9999980000006625, -0.0019784859339555816, -0.00029255441324423456, 0.01985994501317145, 0.0019999986688920596, 0.9892416446250946, 0.14627702671562348, 9.929982004630057e-06, -3.0917731148464784e-11, -0.14627731927010415, 0.9892436231116951, 1.0768670677396841e-10, 0.0, 0.0, 0.0, 1.0], "right_foot_pose": [0.9999985774036604, -0.0016654991073694564, -0.000267026924717293, 0.016915722097354115, 0.001686769291362906, 0.9873992315129158, 0.15824004681830964, -0.1400396260977519, 1.1352353297272975e-07, -0.15824027211941505, 0.9874006361551327, 0.039973270932512364, 0.0, 0.0, 0.0, 1.0]}, {"left_foot_pose": [0.9999980000006659, -0.0019785405844012795, -0.00029218457321058075, 0.019859945013399067, 0.0019999986672361537, 0.9892689724709895, 0.1460920946236448, 9.929979012612833e-06, -5.761407830241789e-12, -0.14609238680831002, 0.9892709510122352, 6.214918163438554e-11, 0.0, 0.0, 0.0, 1.0], "right_foot_pose": [0.9999984268845037, -0.0017514529854734783, -0.0002804299506746625, 0.01779173165773809, 0.0017737611181045437, 0.9874320431595183, 0.15803421753947688, -0.1400383122360925, 1.1601704137457171e-07, -0.15803446634914342, 0.987433596474076, 0.04000000091216011, 0.0, 0.0, 0.0, 1.0]}, {"left_foot_pose": [0.9999980000006666, -0.0019784526650074023, -0.0002927793025013956, 0.019859945018836193, 0.001999998666911874, 0.9892250133788617, 0.14638945628331182, 9.929981623650955e-06, -4.790251614723178e-13, -0.14638974906271174, 0.9892269918321869, 4.76182357433963e-11, 0.0, 0.0, 0.0, 1.0], "right_foot_pose": [0.9999982657417912, -0.001838860636493795, -0.00029513551104041926, 0.018684271429978586, 0.0018623945329574747, 0.9873719631243003, 0.15840813717315336, -0.1400369734148939, 1.1804097550218808e-07, -0.1584084121113035, 0.9873736754503645, 0.04000000092187683, 0.0, 0.0, 0.0, 1.0]}, {"left_foot_pose": [0.9999980000006659, -0.001978565495969808, -0.0002920158346147625, 0.01985994502227307, 0.001999998667376842, 0.989281428068812, 0.1460077261088021, 9.929982896859924e-06, -7.1377504708571e-12, -0.1460080181247273, 0.9892834066349694, 5.690144883052639e-11, 0.0, 0.0, 0.0, 1.0], "right_foot_pose": [0.9999980948043674, -0.0019275062123303764, -0.00030839493621369167, 0.019586816761928975, 0.0019520214192473451, 0.9874488278447178, 0.1579272047510215, -0.14003561959635102, 1.1855002392158728e-07, -0.15792750586232202, 0.9874507090949364, 0.040000000943737755, 0.0, 0.0, 0.0, 1.0]}, {"left_foot_pose": [0.9999980000006632, -0.0019788774602726325, -0.00028989424227356483, 0.019859945023637245, 0.0019999986686194695, 0.9894374080543822, 0.14494694045736983, 9.929982791777314e-06, -2.5721818591809745e-11, -0.1449472303516838, 0.9894393869325079, 9.008729179305064e-11, 0.0, 0.0, 0.0, 1.0], "right_foot_pose": [0.9999979151285269, -0.002016784214772507, -0.0003198750227788984, 0.0204928422879693, 0.002041993777007761, 0.9876613915996867, 0.15659120602634385, -0.1400342605686029, 1.1753764963960233e-07, -0.1565915327366116, 0.9876634507134426, 0.040000000977480334, 0.0, 0.0, 0.0, 1.0]}, {"left_foot_pose": [0.9999980000006593, -0.0019793846259320907, -0.00028641086762078524, 0.019859945022851412, 0.0019999986706167737, 0.9896909873882043, 0.14320527046124862, 9.929981341102664e-06, -5.632926219913055e-11, -0.14320555687215675, 0.9896929667735023, 1.4745488857714761e-10, 0.0, 0.0, 0.0, 1.0], "right_foot_pose": [0.999997728002538, -0.0021060847508033056, -0.00032923666886151495, 0.021395822642222614, 0.002131663610530338, 0.9880066041324589, 0.15439691124144284, -0.14003290611955166, 1.1502282098317473e-07, -0.15439726227387884, 0.9880088488481862, 0.040000001023679364, 0.0, 0.0, 0.0, 1.0]}, {"left_foot_pose": [0.9999980000006539, -0.0019800807367877024, -0.00028155810965365205, 0.019859945019816177, 0.0019999986733272466, 0.9900390380689255, 0.14077891569714646, 9.929978652862409e-06, -9.907598853861645e-11, -0.140779197255253, 0.9900410181503428, 2.2931023746508572e-10, 0.0, 0.0, 0.0, 1.0], "right_foot_pose": [0.9999975349467811, -0.0021947918073476247, -0.0003361387854310212, 0.022289232459021768, 0.0022203829283119667, 0.9884795884734912, 0.15133794326251807, -0.14003156603681197, 1.1105027932963809e-07, -0.15133831656325486, 0.9884820250969603, 0.040000001083569846, 0.0, 0.0, 0.0, 1.0]}, {"left_foot_pose": [0.9999980000006472, -0.0019809569240178287, -0.0002753259380253345, 0.01985994500803129, 0.001999998676740764, 0.9904771257186729, 0.13766286148911044, 9.929986810643283e-06, -1.5491617873867477e-10, -0.1376631368149884, 0.9904791066762889, 3.370799750435083e-10, 0.0, 0.0, 0.0, 1.0], "right_foot_pose": [0.9999973377096869, -0.002282285530173481, -0.00034021507396545854, 0.0231665467942367, 0.0023075037435786013, 0.9890753302786341, 0.14739289827085905, -0.14003024987962703, 1.0565767428486344e-07, -0.14739329091573083, 0.9890779634553684, 0.039988081182978426, 0.0, 0.0, 0.0, 1.0]}, {"left_foot_pose": [0.9999980000006385, -0.0019820130767136046, -0.0002676170546934317, 0.01985994495667397, 0.001999998681056491, 0.9910051945189019, 0.1338084617721542, 9.930093362656156e-06, -2.2966445887125325e-10, -0.1338087293890726, 0.9910071765326846, 5.028573946130876e-10, 0.0, 0.0, 0.0, 1.0], "right_foot_pose": [0.9999971382595942, -0.0023682280930523063, -0.0003390697876882535, 0.024021241654054754, 0.0023923780244788305, 0.9899084510278269, 0.14168816150644511, -0.14002896509928192, 9.816378833085745e-08, -0.14168856721481732, 0.9899112838636616, 0.039182132995465586, 0.0, 0.0, 0.0, 1.0]}, {"left_foot_pose": [0.9999980000006292, -0.0019832367197294225, -0.0002583928341608651, 0.01985994491407772, 0.001999998685807046, 0.9916170077356299, 0.12919640078072286, 9.930218217454531e-06, -3.170543969254565e-10, -0.12919665917333145, 0.9916189909730712, 7.225609069405614e-10, 0.0, 0.0, 0.0, 1.0], "right_foot_pose": [0.9999969387720935, -0.0024520277870325926, -0.00033167178580382405, 0.02484678802257397, 0.0024743577821297255, 0.9909772158492467, 0.13400759389393305, -0.1400277230495723, 8.883897010217322e-08, -0.13400800434081145, 0.9909802494361758, 0.03725568689913578, 0.0, 0.0, 0.0, 1.0]}, {"left_foot_pose": [0.999998000000619, -0.001984603352313547, -0.00024767780905606354, 0.019859944877830625, 0.0019999986907780756, 0.9923003153624563, 0.1238389443463063, 9.930349558560057e-06, -4.1606242290629183e-10, -0.12383919202378829, 0.9923022999665457, 9.791312483020675e-10, 0.0, 0.0, 0.0, 1.0], "right_foot_pose": [0.9999967416133195, -0.002532827181977164, -0.00031866786791399254, 0.025636661047063865, 0.002552795083368352, 0.992178620161577, 0.12480011591153098, -0.14002653438014814, 7.831958211249983e-08, -0.12480052275826217, 0.9921818530487537, 0.03441124228641125, 0.0, 0.0, 0.0, 1.0]}, {"left_foot_pose": [0.9999980000006092, -0.001986085494588812, -0.00023549775174521245, 0.019859944846203764, 0.001999998695723093, 0.9930413778737919, 0.11774897806664407, 9.930476876945059e-06, -5.254618515226041e-10, -0.11774921356395616, 0.9930433639600394, 1.2592530629351728e-09, 0.0, 0.0, 0.0, 1.0], "right_foot_pose": [0.9999965493192386, -0.0026097567548856422, -0.0003008642485958571, 0.026384335964879112, 0.0026270419888610413, 0.9934197682350627, 0.11450005559030507, -0.14002540950536638, 6.7198598804761e-08, -0.11450045087018024, 0.993423196201156, 0.03085129868526, 0.0, 0.0, 0.0, 1.0]}, {"left_foot_pose": [0.9999980000005998, -0.0019876523555115754, -0.0002218849140652353, 0.019859944817861453, 0.001999998700364913, 0.9938248002022039, 0.11094262710179821, 9.9305905597721e-06, -6.436969274111093e-10, -0.11094284898615056, 0.9938267878553269, 1.551756931283954e-09, 0.0, 0.0, 0.0, 1.0], "right_foot_pose": [0.999996364570614, -0.0026819662203477223, -0.00027911063856182056, 0.02708328793492909, 0.0026964505470173815, 0.9946269058045276, 0.10348935889335999, -0.14002435860891757, 5.598609232627279e-08, -0.10348973527313773, 0.9946305216979283, 0.02677835556832127, 0.0, 0.0, 0.0, 1.0]}, {"left_foot_pose": [0.9999980000005914, -0.0019892708559957678, -0.00020687261615056143, 0.019859944791460887, 0.001999998704456534, 0.9946340432032869, 0.10343655111354655, 9.930682191056257e-06, -7.699451420104775e-10, -0.10343675798546999, 0.9946360324749229, 1.848851530206197e-09, 0.0, 0.0, 0.0, 1.0], "right_foot_pose": [0.9999961901637668, -0.0027486433608782113, -0.0002541999725806726, 0.027726991973217145, 0.002760372791730636, 0.9957484906046224, 0.09207238348531413, -0.14002339167563582, 4.5093421731882515e-08, -0.0920727343912996, 0.9957522842462916, 0.022394912235478848, 0.0, 0.0, 0.0, 1.0]}, {"left_foot_pose": [0.999998000000585, -0.0019909062617281034, -0.0001904917003745128, 0.01985994476581512, 0.0019999987077246443, 0.9954517401487708, 0.09524617073643384, 9.930744107910713e-06, -9.031032113440709e-10, -0.0952463612273029, 0.9954537310558232, 2.1439980485427057e-09, 0.0, 0.0, 0.0, 1.0], "right_foot_pose": [0.9999960289771275, -0.0028090191757700915, -0.00022680662663308242, 0.02830892296541897, 0.0028181607432002723, 0.9967532304774174, 0.08046772957439326, -0.1400225185531631, 3.484238510755463e-08, -0.08046804921273029, 0.9967571886151091, 0.017903467737101726, 0.0, 0.0, 0.0, 1.0]}, {"left_foot_pose": [0.9999980000005808, -0.0019925203619952907, -0.00017279307282920883, 0.019859944740712742, 0.001999998709745535, 0.9962587863368055, 0.0863969365884995, 9.930768182845467e-06, -1.0383426091986444e-09, -0.08639710938059945, 0.9962607788579644, 2.4251460700730476e-09, 0.0, 0.0, 0.0, 1.0], "right_foot_pose": [0.9999958839335822, -0.0028623611847523665, -0.00019749516758253138, 0.028822555710001942, 0.0028691664107447406, 0.9976246574170129, 0.06882449271658293, -0.1400217490172711, 2.5492388781531058e-08, -0.06882477607690106, 0.9976287637182298, 0.013506520840763488, 0.0, 0.0, 0.0, 1.0]}, {"left_foot_pose": [0.9999980000005799, -0.0019940725398431393, -0.0001538491046454044, 0.01985994471581273, 0.0019999987102887135, 0.9970348736415918, 0.07692503329641719, 9.93074863560664e-06, -1.173913124848585e-09, -0.07692518714440631, 0.9970368677149302, 2.687688419045209e-09, 0.0, 0.0, 0.0, 1.0], "right_foot_pose": [0.9999957579586174, -0.0029079667605273443, -0.00016671559480461515, 0.029261364947457937, 0.002912741795900519, 0.9983567427582472, 0.05723049994865672, -0.14002109275317062, 1.724665691264653e-08, -0.05723074277398879, 0.9983609778439544, 0.00940657010728118, 0.0, 0.0, 0.0, 1.0]}, {"left_foot_pose": [0.9999980000005823, -0.0019955229199073187, -0.00013372775656729844, 0.0198599446915628, 0.00199999870918746, 0.9977600646256469, 0.06686444079919072, 9.93068103600711e-06, -1.3091070469663746e-09, -0.06686457452568881, 0.9977620601493623, 2.931299092345796e-09, 0.0, 0.0, 0.0, 1.0], "right_foot_pose": [0.9999956539342664, -0.0029451570564383855, -0.0001347682885973576, 0.02961882536405992, 0.0029482388944241087, 0.9989505028242145, 0.04570777608537139, -0.1400205593848441, 1.0270387189540336e-08, -0.04570797476548234, 0.9989548443462488, 0.005806114284109903, 0.0, 0.0, 0.0, 1.0]}, {"left_foot_pose": [0.9999980000005887, -0.0019968303247341387, -0.00011253211977420634, 0.01985994467295941, 0.0019999987059390644, 0.9984137713139074, 0.05626669757429729, 9.930558735726097e-06, -1.4298914345914807e-09, -0.056266810105029416, 0.9984157681450176, 3.131480949547516e-09, 0.0, 0.0, 0.0, 1.0], "right_foot_pose": [0.9999955746488562, -0.0029732649556421884, -0.00010187348652727587, 0.029888411531311842, 0.002975009698082516, 0.9994091655645667, 0.034241336171834606, -0.14002015851751562, 4.731289125307981e-09, -0.03424148771650898, 0.9994135883201511, 0.002907653374138029, 0.0, 0.0, 0.0, 1.0]}, {"left_foot_pose": [0.9999980000005995, -0.0019979514287582455, -9.047038375660845e-05, 0.019859944667329356, 0.001999998700502866, 0.9989743309971941, 0.04523589298231315, 9.930378937981696e-06, -1.525927003780238e-09, -0.0452359834512045, 0.9989763289493918, 3.274082990833982e-09, 0.0, 0.0, 0.0, 1.0], "right_foot_pose": [0.9999955227425558, -0.002991627034484689, -6.828271427776218e-05, 0.03006359776206287, 0.0029924061961118216, 0.999735150334785, 0.02281829726870193, -0.14001989968619602, 7.946336836612031e-10, -0.02281839943492809, 0.9997396264264151, 0.0009136905357761058, 0.0, 0.0, 0.0, 1.0]}, {"left_foot_pose": [0.9999980000006138, -0.0019988504395200266, -6.776203607818445e-05, 0.019859944683925938, 0.001999998693274982, 0.9994238468614234, 0.033881769876167936, 9.930142502157652e-06, -1.595840520770041e-09, -0.03388183763663285, 0.9994258457126101, 3.369234287398104e-09, 0.0, 0.0, 0.0, 1.0], "right_foot_pose": [0.9999955006487291, -0.002999586102608593, -3.4139573963959856e-05, 0.030137858056280963, 0.002999780374872701, 0.9999307335370481, 0.011381100375774673, -0.1400197925524685, -1.38128320290027e-09, -0.011381151579430399, 0.9999352325969547, 2.673337854480068e-05, 0.0, 0.0, 0.0, 1.0]}, {"left_foot_pose": [0.9999980000006312, -0.0019995010737481294, -4.461160155196431e-05, 0.01985994465746986, 0.001999998684727458, 0.9997491765564401, 0.02230659050554458, 9.930116257581695e-06, -1.6397513355578445e-09, -0.02230663511552233, 0.9997511760582352, 3.47865783401069e-09, 0.0, 0.0, 0.0, 1.0], "right_foot_pose": [0.9999955000033761, -0.0029999954497860414, 5.465228129659433e-07, 0.030140024685968228, 0.0029999954995669135, 0.9999954835087543, -0.00018162900443224306, -0.14001979022906952, -1.634157862747865e-09, 0.0001816298266681349, 0.999999983505303, 3.5455385086202718e-09, 0.0, 0.0, 0.0, 1.0]}, {"left_foot_pose": [0.9999980000006499, -0.001999885969417305, -2.123230742497374e-05, 0.019859944625913662, 0.0019999986753869033, 0.999941638322297, 0.010616965414844626, 9.930152992464192e-06, -1.6518992235790898e-09, -0.010616986645507682, 0.9999436382089596, 3.541201679113648e-09, 0.0, 0.0, 0.0, 1.0], "right_foot_pose": [0.9999955000034042, -0.002999784166799152, 3.560749291832652e-05, 0.030140024653760738, 0.002999995490151334, 0.9999250656341994, -0.011868577989856946, -0.14001979019784314, -1.65235713112388e-09, 0.011868631403614388, 0.9999295653137801, 3.548413632370462e-09, 0.0, 0.0, 0.0, 1.0]}, {"left_foot_pose": [0.9999980000006687, -0.001999997531439576, 2.13024513083191e-06, 0.019859944608065592, 0.0019999986659263993, 0.9999974336263294, -0.0010643054504207623, 9.930185690560159e-06, -1.6313904565259743e-09, 0.001064307582297722, 0.9999994336245253, 3.5388862743013227e-09, 0.0, 0.0, 0.0, 1.0], "right_foot_pose": [0.999995500003432, -0.002999162804543863, 7.067784315380417e-05, 0.030140024631191094, 0.002999995480941577, 0.999717954897365, -0.02355866471055663, -0.14001979015984656, -1.6378897523183124e-09, 0.02355877072985617, 0.9997224536448592, 3.4872960838483458e-09, 0.0, 0.0, 0.0, 1.0]}, {"left_foot_pose": [0.9999980000006863, -0.001999839508902191, 2.5230273855408288e-05, 0.019859944604754348, 0.0019999986570205033, 0.9999184360062183, -0.012614330749226793, 9.930211653417023e-06, -1.5789630563820506e-09, 0.012614355981087509, 0.9999204358463645, 3.470570789088079e-09, 0.0, 0.0, 0.0, 1.0], "right_foot_pose": [0.999995500003457, -0.0029981437891111787, 0.00010538811831186049, 0.030140024619254458, 0.0029999954726074164, 0.9993782926482209, -0.035128737675744724, -0.14001979011807503, -1.5910621491297067e-09, 0.03512889576042425, 0.9993827898671525, 3.364549208684231e-09, 0.0, 0.0, 0.0, 1.0]}, {"left_foot_pose": [0.9999980000007018, -0.0019994268092292226, 4.782292026571038e-05, 0.019859944616151416, 0.001999998649291141, 0.999712098235812, -0.02391068059161174, 9.930228640660232e-06, -1.4961610115309884e-09, 0.023910728416042998, 0.9997140976632345, 3.3363208445935655e-09, 0.0, 0.0, 0.0, 1.0], "right_foot_pose": [0.9999955000034778, -0.0029967564407431656, 0.00013936868174886874, 0.030140024618496835, 0.002999995465760925, 0.9989158516537937, -0.04645558461564544, -0.14001979007553728, -1.5130179635394678e-09, 0.04645579367108938, 0.9989203467916694, 3.1835533098600877e-09, 0.0, 0.0, 0.0, 1.0]}, {"left_foot_pose": [0.999998000000714, -0.0019987849691009154, 6.966505815940095e-05, 0.019859944641671515, 0.0019999986432574224, 0.999391187855429, -0.03483179068526528, 9.930235121882042e-06, -1.3855574870916343e-09, 0.0348318603517303, 0.9993931866409931, 3.138139109681859e-09, 0.0, 0.0, 0.0, 1.0], "right_foot_pose": [0.9999955000034921, -0.0029950463022181515, 0.0001722510174321395, 0.03014002462891653, 0.0029999954609024435, 0.9983458122788902, -0.05741636641618603, -0.14001979003502257, -1.4059925198247435e-09, 0.05741662479500793, 0.9983503048515331, 2.9492619665894004e-09, 0.0, 0.0, 0.0, 1.0]}, {"left_foot_pose": [0.9999979998092173, -0.0019980446021144144, 9.052808079882887e-05, 0.01986089552273692, 0.0020000943891351473, 0.9989731967912956, -0.04526092923278224, 9.93211455256951e-06, -1.7709350015891163e-09, 0.045261019766994946, 0.9989751949321127, 1.1922644786187264e-05, 0.0, 0.0, 0.0, 1.0], "right_foot_pose": [0.9999955000035001, -0.0029930738198159293, 0.00020367095762842614, 0.03014002465929805, 0.0029999954583044683, 0.9976883229044965, -0.06788969264375358, -0.1400197900348976, -1.274453412171956e-09, 0.067889998152322, 0.9976928125184011, 2.6710941514185293e-09, 0.0, 0.0, 0.0, 1.0]}, {"left_foot_pose": [0.9999979864199986, -0.002003699010769368, 0.00011111356234720318, 0.01992725854597527, 0.0020067775037239713, 0.9984641252899887, -0.055365723628874194, 1.0094068620883703e-05, -6.6601712497365965e-09, 0.055365835125757296, 0.9984661357806925, 0.0008178782201958071, 0.0, 0.0, 0.0, 1.0], "right_foot_pose": [0.9999955000035032, -0.0029909018696913548, 0.00023340683224167197, 0.030140024757243367, 0.002999995457239779, 0.9969643428239968, -0.07780166556554452, -0.1400197902556638, -1.1421113413953847e-09, 0.07780201567775827, 0.9969688291799689, 2.4208489934895994e-09, 0.0, 0.0, 0.0, 1.0]}, {"left_foot_pose": [0.9999979526686419, -0.0020191959464337618, 0.00013231120726357447, 0.02009357214822325, 0.0020235262601447875, 0.9978583917825918, -0.06537993033442928, 1.0505958359505532e-05, -1.2958185703992237e-08, 0.06538006421524979, 0.9978604347318372, 0.0027443406590328193, 0.0, 0.0, 0.0, 1.0], "right_foot_pose": [0.9999955000035015, -0.0029885854095847457, 0.0002614000688435806, 0.03014002484508092, 0.0029999954577254596, 0.9961921913500119, -0.08713276031731795, -0.1400197904182113, -1.0112191722518267e-09, 0.08713315241922064, 0.996196674231293, 2.1993648430251866e-09, 0.0, 0.0, 0.0, 1.0]}, {"left_foot_pose": [0.9999978993777761, -0.0020438589492815695, 0.00015453359302262704, 0.02035340156971393, 0.002049692668551175, 0.9971525155351291, -0.07538341675680243, 1.115204178562916e-05, -2.049005151277575e-08, 0.07538357515109424, 0.9971546101770978, 0.005588801859813156, 0.0, 0.0, 0.0, 1.0], "right_foot_pose": [0.9999955000034961, -0.002986180733195498, 0.0002875715325566123, 0.03014002491673129, 0.0029999954596039895, 0.9953906331305052, -0.09585659864242341, -0.1400197905251749, -8.818462384335875e-10, 0.09585703000135645, 0.9953951124047772, 1.986652217733642e-09, 0.0, 0.0, 0.0, 1.0]}, {"left_foot_pose": [0.9999978271591534, -0.0020770085999397576, 0.00017807933330614255, 0.02070031210756556, 0.002084628737288578, 0.9963436341019268, -0.08541087230320482, 1.2016585967044094e-05, -2.90938026240589e-08, 0.08541105794826812, 0.9963457989975962, 0.009148758175172654, 0.0, 0.0, 0.0, 1.0], "right_foot_pose": [0.9999955000034869, -0.0029837442488840986, 0.0003118381517438643, 0.030140024969459313, 0.0029999954626018428, 0.9945784711492107, -0.1039454893380319, -0.14001979058037684, -7.56197665189857e-10, 0.10394595709673247, 0.994582946768767, 1.7731389481689952e-09, 0.0, 0.0, 0.0, 1.0]}, {"left_foot_pose": [0.9999977364725757, -0.0021179649022572294, 0.0002031610176164563, 0.021127869164548747, 0.002127686472388162, 0.9954303988304923, -0.0954661931494242, 1.3083712072810977e-05, -3.8606350495132084e-08, 0.09546640932202648, 0.9954326520117566, 0.013221709360556506, 0.0, 0.0, 0.0, 1.0], "right_foot_pose": [0.9999955000034758, -0.0029813269792227605, 0.0003341590055594027, 0.03014002500315039, 0.0029999954663362007, 0.9937727132567001, -0.11138579089640975, -0.14001979058974953, -6.3811254836457e-10, 0.11138629213623945, 0.993777185250366, 1.5581672827003068e-09, 0.0, 0.0, 0.0, 1.0]}, {"left_foot_pose": [0.9999976276806263, -0.002166054701071909, 0.00022986985990829082, 0.021629638231623866, 0.002178217876647407, 0.9944160033607035, -0.10550861399434716, 1.433744734157319e-05, -4.883803711488469e-08, 0.10550886440085591, 0.9944183624274244, 0.01760515659867018, 0.0, 0.0, 0.0, 1.0], "right_foot_pose": [0.999995500003463, -0.002978975846641175, 0.00035450772727564845, 0.03014002501960618, 0.00299999547059154, 0.9929890004257292, -0.11816871439043261, -0.1400197905591693, -5.277530916286833e-10, 0.11816924615320304, 0.9929934688927132, 1.3382541949602533e-09, 0.0, 0.0, 0.0, 1.0]}, {"left_foot_pose": [0.9999975010992262, -0.002220699412547979, 0.00025746732450109054, 0.022199184896797994, 0.0022355749373600825, 0.9933465718074372, -0.11514161056330668, 1.5761899450246475e-05, -5.937720777695935e-08, 0.11514189842334446, 0.9933490540728701, 0.02209660134106215, 0.0, 0.0, 0.0, 1.0], "right_foot_pose": [0.9999955000034467, -0.0029768348350775807, 0.0003720580876711725, 0.030140025022757408, 0.0029999954759854335, 0.9922753264730433, -0.12401885542109883, -0.14001979048887786, -4.1138689365656e-10, 0.12401941350925659, 0.9922797917285325, 1.0906906142138517e-09, 0.0, 0.0, 0.0, 1.0]}, {"left_foot_pose": [0.9999973570439005, -0.002281166030333819, 0.0002866823274027415, 0.022830074759673802, 0.0022991096559031206, 0.9921965867363217, -0.12466213283745829, 1.734068311029513e-05, -7.02040291212101e-08, 0.12466246247502069, 0.9921992090551474, 0.026493544819467953, 0.0, 0.0, 0.0, 1.0], "right_foot_pose": [0.9999955000034327, -0.002974792180429596, 0.00038805201643489707, 0.03014002501184139, 0.002999995480697346, 0.9915944387692925, -0.12935017985657318, -0.14001979039960696, -3.1787569659622185e-10, 0.12935076193550324, 0.9915989009608192, 8.667203482692898e-10, 0.0, 0.0, 0.0, 1.0]}, {"left_foot_pose": [0.999997195872008, -0.0023469208016414812, 0.0003165610096893415, 0.02351587354794085, 0.002368174004480559, 0.9910272730286664, -0.13363882618928694, 1.905771141144999e-05, -8.08530892762418e-08, 0.13363920112046723, 0.9910300519781821, 0.030593488022211963, 0.0, 0.0, 0.0, 1.0], "right_foot_pose": [0.9999955000034192, -0.002972948699639685, 0.00040193151250729687, 0.030140024990109704, 0.0029999954852359175, 0.9909799423013428, -0.1339766919412339, -0.14001979029524442, -2.34984900102849e-10, 0.13397729483930101, 0.9909844017276673, 6.510203626186595e-10, 0.0, 0.0, 0.0, 1.0]}, {"left_foot_pose": [0.9999970180206346, -0.002417444807357375, 0.0003462808734484456, 0.02425014702657881, 0.0024421199462092737, 0.9898983417547618, -0.14175792408660007, 2.0896645859278667e-05, -9.090492306038079e-08, 0.14175834702682322, 0.9899012935885152, 0.03419393168202285, 0.0, 0.0, 0.0, 1.0], "right_foot_pose": [0.9999955000034065, -0.0029713383831965795, 0.0004136679212657528, 0.03014002495947316, 0.002999995489420269, 0.9904431673941398, -0.13788883997382528, -0.14001979018608454, -1.6335932180438743e-10, 0.13788946047641293, 0.990447624405008, 4.527474298243739e-10, 0.0, 0.0, 0.0, 1.0]}, {"left_foot_pose": [0.9999968240403467, -0.0024922875452231767, 0.00037471590971276467, 0.02502646094739719, 0.002520299428855658, 0.9888882443912327, -0.14863945706176188, 2.2840962597626274e-05, -9.989053768837481e-08, 0.14863992938513626, 0.9888913850329434, 0.03709237636187033, 0.0, 0.0, 0.0, 1.0], "right_foot_pose": [0.9999955000033955, -0.0029699914921772833, 0.00042322983700589445, 0.030140024921771875, 0.0029999954930862546, 0.9899942012249621, -0.14107615520700412, -0.14001979008342139, -1.0370745062864828e-10, 0.14107679005238813, 0.9899986562155091, 2.8380767180813393e-10, 0.0, 0.0, 0.0, 1.0]}, {"left_foot_pose": [0.999996614624727, -0.0025710633465051867, 0.00040046517269436594, 0.025838380922716446, 0.002602064387129423, 0.9880889835595758, -0.15386159309304745, 2.4873919785214915e-05, -1.0732300216891421e-07, 0.15386211424997856, 0.9880923285799339, 0.03908632256486063, 0.0, 0.0, 0.0, 1.0], "right_foot_pose": [0.9999955000033866, -0.0029689343313145183, 0.00043058322409274475, 0.030140024878894837, 0.0029999954960846856, 0.9896418121800836, -0.14352729221978677, -0.14001978999940076, -5.6833643270622654e-11, 0.14352793809519063, 0.9896462655849022, 1.5892134136441527e-10, 0.0, 0.0, 0.0, 1.0]}, {"left_foot_pose": [0.9999963906356948, -0.002653427378550294, 0.0004219463600618674, 0.026679472261581835, 0.002686766750445717, 0.9875942904617125, -0.1570041360342335, 2.6978568039466577e-05, -1.1274297943781619e-07, 0.15700470302055947, 0.9875978550145875, 0.03997327090561352, 0.0, 0.0, 0.0, 1.0], "right_foot_pose": [0.9999955000033801, -0.002968188667560785, 0.00043569372670839086, 0.0301400248330214, 0.0029999954982849165, 0.9893932560377782, -0.14523079884781345, -0.14001978994675224, -2.3582390988888177e-11, 0.14523145238892812, 0.9893977083241109, 9.577368065283309e-11, 0.0, 0.0, 0.0, 1.0]}, {"left_foot_pose": [0.9999961531244812, -0.0027387844629045304, 0.00043908530640978527, 0.027543296924402536, 0.002773758501934366, 0.9873939327786412, -0.15825778898904977, 2.913827150968426e-05, -1.161939046930565e-07, 0.158258398107637, 0.9873977311237819, 0.04000000091005641, 0.0, 0.0, 0.0, 1.0], "right_foot_pose": [0.9999955000033764, -0.0029677593863379438, 0.0004386082779564585, 0.03014002482798284, 0.0029999954994448085, 0.989250161483555, -0.14620231883169263, -0.14001978994384529, -5.779344366907759e-12, 0.14620297674461127, 0.9892546131259708, 6.413052727749502e-11, 0.0, 0.0, 0.0, 1.0]}, {"left_foot_pose": [0.999995903348446, -0.0028261334233139306, 0.00045415437878614797, 0.0284234218418792, 0.002862391711868714, 0.9873353749162048, -0.15862113400416114, 3.133857908149337e-05, -1.1819539577340606e-07, 0.15862178415637546, 0.9873394196480941, 0.040000000920177206, 0.0, 0.0, 0.0, 1.0], "right_foot_pose": [0.9999955000033756, -0.002967630581526425, 0.00043947893036418357, 0.030140024832077124, 0.002999995499770813, 0.9892072263098615, -0.14649253715924238, -0.14001978994641964, -4.880740153647512e-13, 0.14649319637813282, 0.9892116777590716, 4.98226807033042e-11, 0.0, 0.0, 0.0, 1.0]}, {"left_foot_pose": [0.9999956427842434, -0.0029148588791623295, 0.00046691567127476595, 0.02931341314579403, 0.002952018379926128, 0.9874142285101255, -0.1581278815492041, 3.3563563105670075e-05, -1.1871775449017505e-07, 0.15812857089555013, 0.9874185308502764, 0.0400000009424252, 0.0, 0.0, 0.0, 1.0], "right_foot_pose": [0.9999955000033768, -0.0029678031071607197, 0.00043831234636861256, 0.030140024834135404, 0.0029999954993053545, 0.9892647351592943, -0.14610367482447484, -0.14001978994765935, -7.135871364535798e-12, 0.14610433229349773, 0.9892691868672908, 5.933453728346194e-11, 0.0, 0.0, 0.0, 1.0]}, {"left_foot_pose": [0.9999953731361655, -0.0030043541288543164, 0.0004770351460935379, 0.030206836235622415, 0.0030419905075967, 0.987629212519978, -0.15677782008600907, 3.579713711426499e-05, -1.1775459256457078e-07, 0.15677854583276915, 0.9876337821108335, 0.04000000097653318, 0.0, 0.0, 0.0, 1.0], "right_foot_pose": [0.9999955000033807, -0.002968274479116201, 0.000435108727797189, 0.0301400248341123, 0.002999995498059605, 0.9894218599793426, -0.14503579910501416, -0.14001978994752376, -2.5708747603722844e-11, 0.14503645176863283, 0.9894263123943922, 9.27517923576815e-11, 0.0, 0.0, 0.0, 1.0]}, {"left_foot_pose": [0.9999950963404772, -0.00309400619583236, 0.0004841700746165396, 0.031097256510597592, 0.003131660100921798, 0.9879772229023911, -0.15456778361318424, 3.802321441291959e-05, -1.1532555705838015e-07, 0.15456854192150463, 0.9879820675742291, 0.040000001023077415, 0.0, 0.0, 0.0, 1.0], "right_foot_pose": [0.9999955000033864, -0.0029690387412278584, 0.00042986268673074663, 0.030140024831953955, 0.0029999954960558788, 0.9896766153598772, -0.1432871139943914, -0.14001978994604564, -5.6305235044726987e-11, 0.14328775878898767, 0.989681068921311, 1.503501559363407e-10, 0.0, 0.0, 0.0, 1.0]}, {"left_foot_pose": [0.9999948145655491, -0.003183194072474248, 0.00048797285884227804, 0.03197823937015117, 0.0032203791704669355, 0.988453311095362, -0.15149152102548458, 4.022570803280737e-05, -1.1147628907367453e-07, 0.1514923069337625, 0.9884584366273959, 0.040000001083298, 0.0, 0.0, 0.0, 1.0], "right_foot_pose": [0.9999955000033949, -0.002970086451969157, 0.00042256292769373056, 0.030140024827589013, 0.0029999954933353106, 0.9900258540851161, -0.14085385429613406, -0.14001978994333325, -9.904235123273319e-11, 0.1408544881411465, 0.9900303092181045, 2.324313866375327e-10, 0.0, 0.0, 0.0, 1.0]}, {"left_foot_pose": [0.9999945302078092, -0.003271292686958766, 0.0004880559600884414, 0.032843350635398345, 0.003307499728289124, 0.9890523789214679, -0.14752780143191174, 4.2388304164808766e-05, -1.0629042526382476e-07, 0.1475286087304506, 0.989057788810162, 0.039988081183219525, 0.0, 0.0, 0.0, 1.0], "right_foot_pose": [0.9999955000034051, -0.0029714042530422985, 0.0004131945116577375, 0.0301400248144742, 0.0029999954899069896, 0.9904651233848111, -0.13773104002138276, -0.14001978995153594, -1.548757206869951e-10, 0.13773165981384292, 0.9904695804944861, 3.4037388185748085e-10, 0.0, 0.0, 0.0, 1.0]}, {"left_foot_pose": [0.9999942458836977, -0.0033580791534197248, 0.00048114851704817135, 0.033686157065175255, 0.003392373724430668, 0.9898891459877539, -0.1418025756329913, 4.449258252797045e-05, -9.942149989258186e-08, 0.14180339192006552, 0.9898948419099655, 0.03918213299528184, 0.0, 0.0, 0.0, 1.0], "right_foot_pose": [0.9999955000034182, -0.002972991937988131, 0.0004016115661845277, 0.030140024761586403, 0.0029999954855692533, 0.9909943546831536, -0.13387004524241802, -0.14001979005848222, -2.296207476129296e-10, 0.13387064766055734, 0.9909988141743374, 5.059620708514068e-10, 0.0, 0.0, 0.0, 1.0]}, {"left_foot_pose": [0.9999939644167002, -0.003442959558446355, 0.00046600391753027093, 0.034500220407832245, 0.003474353200815279, 0.9909616985960751, -0.13410011478525544, 4.652400831826539e-05, -9.076167971976601e-08, 0.13410092447504426, 0.990967679621758, 0.03725568689565738, 0.0, 0.0, 0.0, 1.0], "right_foot_pose": [0.9999955000034326, -0.002974830734753499, 0.0003877563466086631, 0.03014002471790965, 0.002999995480791523, 0.9916072900930208, -0.12925162382535582, -0.14001979018359087, -3.170045610942419e-10, 0.12925220546077953, 0.9916117523423794, 7.25412306612494e-10, 0.0, 0.0, 0.0, 1.0]}, {"left_foot_pose": [0.9999936888208513, -0.0035249723542649276, 0.00044372104864005087, 0.035279106588000014, 0.003552790235970679, 0.9921667100493108, -0.12487032133964908, 4.84673597024414e-05, -8.082241845359664e-08, 0.12487110970848951, 0.9921729717948201, 0.03441124227864248, 0.0, 0.0, 0.0, 1.0], "right_foot_pose": [0.9999955000034475, -0.002976883824063826, 0.00037166591554228963, 0.03014002468100098, 0.0029999954757880865, 0.9922916563242278, -0.12388813024848681, -0.14001979031509937, -4.1600270271150357e-10, 0.12388868774839276, 0.9922961216531995, 9.817089710595361e-10, 0.0, 0.0, 0.0, 1.0]}, {"left_foot_pose": [0.9999934222800388, -0.0036031541897697927, 0.00041554366955554907, 0.036016381615557015, 0.0036270368969239337, 0.99341104736907, -0.11454839836696369, 5.030718008832216e-05, -7.013049376675978e-08, 0.11454915