{"LoopMode": "Wrap", "FrameDuration": 0.002, "EnableCycleOffsetPosition": true, "EnableCycleOffsetRotation": false, "Debug_info": [{"left_foot_pose": [0.955925618431397, 0.29352026046443663, 0.0072158660908515386, 0.08155644617427353, -0.2936089440506738, 0.9556368844029871, 0.02349325737315371, -0.006087220057248278, -7.660049496794273e-10, -0.024576449406746245, 0.9996979534512204, 3.680973373332286e-09, 0.0, 0.0, 0.0, 1.0], "right_foot_pose": [0.9889200216915327, 0.1482349967240323, 0.007973483795962437, 0.029999997316074195, -0.14844928661875859, 0.9874924935451344, 0.05311670635867939, -0.1474499987218853, -6.028465936691895e-10, -0.05371183238578506, 0.998556477652497, 4.9241410046696465e-09, 0.0, 0.0, 0.0, 1.0]}, {"left_foot_pose": [0.9559256184757393, 0.2934172658653458, 0.010607546081988916, 0.08155644805073159, -0.293608943906306, 0.9553015574672314, 0.03453581270082528, -0.006087221189823503, -1.5559155909819456e-09, -0.03612813851816914, 0.9993471657072999, 3.676395514407016e-09, 0.0, 0.0, 0.0, 1.0], "right_foot_pose": [0.9889179035320543, 0.14815413377109588, 0.009577719994996892, 0.03000176803949058, -0.148463396410544, 0.986857945953605, 0.06379666475982407, -0.14745040161605372, -1.0947620469854858e-07, -0.06451160480694912, 0.9979169568883073, 1.1923731561697126e-05, 0.0, 0.0, 0.0, 1.0]}, {"left_foot_pose": [0.9559256184845915, 0.29328206700662346, 0.013850671361862502, 0.0815564485236513, -0.2936089438774842, 0.9548613800994434, 0.045094709997246366, -0.006087221201900679, -1.4128352649631927e-09, -0.0471738695350518, 0.9988866932906308, 3.5191605810003246e-09, 0.0, 0.0, 0.0, 1.0], "right_foot_pose": [0.9887695736587669, 0.14902414382583284, 0.011248767205246462, 0.03012521166586043, -0.14944808531877066, 0.9859652718703915, 0.0744160766239312, -0.1474784553891185, -1.1017099687373332e-06, -0.0752614590778234, 0.9971638344706767, 0.0008178781620650638, 0.0, 0.0, 0.0, 1.0]}, {"left_foot_pose": [0.9559256184918288, 0.29312113326018624, 0.01691783518302629, 0.08155644891766257, -0.2936089438539222, 0.9543374156046959, 0.05508071591705743, -0.006087221264418095, -1.2358054230861633e-09, -0.05762029515036916, 0.9983385706196, 3.353885891232977e-09, 0.0, 0.0, 0.0, 1.0], "right_foot_pose": [0.9883935344736926, 0.1513488981244925, 0.013104657458439082, 0.030434574291094574, -0.15191517700766313, 0.9847105104835632, 0.08524663945242274, -0.1475487679998981, -2.308985671756447e-06, -0.08624802362780834, 0.9962736965387399, 0.0027443404225842363, 0.0, 0.0, 0.0, 1.0]}, {"left_foot_pose": [0.9559256184973204, 0.29294079942723816, 0.019796462599342743, 0.08155644922440355, -0.2936089438360424, 0.9537502886880995, 0.0644528892048403, -0.0060872213664588445, -1.0300653739095703e-09, -0.0674245864525592, 0.9977243733324864, 3.157854554236561e-09, 0.0, 0.0, 0.0, 1.0], "right_foot_pose": [0.9877937331953102, 0.15502454976675434, 0.015196368963923665, 0.030917886153198182, -0.15576758535158813, 0.9830841303655908, 0.09634340650540378, -0.14765861936692595, -3.7159511179641235e-06, -0.09753451488034848, 0.9952321429662764, 0.005588801949439573, 0.0, 0.0, 0.0, 1.0]}, {"left_foot_pose": [0.9559256185010778, 0.29274758008225304, 0.022473679033877807, 0.08155644944125953, -0.29360894382380925, 0.9531212093603716, 0.07316931306285639, -0.006087221497795357, -8.041147624271953e-10, -0.07654289400988237, 0.9970662893592347, 2.92727567186013e-09, 0.0, 0.0, 0.0, 1.0], "right_foot_pose": [0.9869695034508398, 0.15994583256439135, 0.01756501930789407, 0.03156317775551156, -0.1609074244087204, 0.9810749167239682, 0.1077070496541942, -0.1478052893818091, -5.306124752794883e-06, -0.10912991533187784, 0.9940274953699731, 0.00914875875759881, 0.0, 0.0, 0.0, 1.0]}, {"left_foot_pose": [0.955925618503274, 0.29254762587125016, 0.024941902217539003, 0.0815564495712578, -0.29360894381665903, 0.9524702027659091, 0.08120530126743332, -0.006087221648831652, -5.685598820021517e-10, -0.0849493934066862, 0.996385267133069, 2.6715129552989936e-09, 0.0, 0.0, 0.0, 1.0], "right_foot_pose": [0.9859168726496131, 0.16600648748259048, 0.020242686049509816, 0.03235848001855921, -0.16723612102345084, 0.9786728499910682, 0.11929598700454971, -0.14798605776537946, -7.059474154193886e-06, -0.1210012347211902, 0.9926523566415945, 0.013221710501078149, 0.0, 0.0, 0.0, 1.0]}, {"left_foot_pose": [0.9559256185040998, 0.29234668259484686, 0.027196122211507304, 0.08155644961819192, -0.2936089438139703, 0.951815975962408, 0.08854454254878848, -0.0060872218114951335, -3.2912232233250006e-10, -0.09262702131946977, 0.9957008762281389, 2.3956615788356395e-09, 0.0, 0.0, 0.0, 1.0], "right_foot_pose": [0.9846297786151306, 0.1731003970276483, 0.02324761521509329, 0.033291824168832834, -0.1746545132088752, 0.9758751333015799, 0.1310096378874262, -0.14819820414191148, -8.949264211257304e-06, -0.13305629166820448, 0.9911084820378725, 0.017605158376175448, 0.0, 0.0, 0.0, 1.0]}, {"left_foot_pose": [0.9559256185037939, 0.2921501807788696, 0.029231554166929803, 0.08155644958681092, -0.2936089438149666, 0.951176209543968, 0.09517145848115276, -0.006087221977391396, -9.132227866729353e-11, -0.09955948105752659, 0.9950316124282471, 2.1082286680296214e-09, 0.0, 0.0, 0.0, 1.0], "right_foot_pose": [0.9831011938442205, 0.18112335038093216, 0.02657770887142574, 0.03435124166572035, -0.18306294694016317, 0.9726936686236101, 0.14267089569048627, -0.14843900808394897, -1.0938516447868917e-05, -0.14512532158906244, 0.9894132811489947, 0.0220966038528133, 0.0, 0.0, 0.0, 1.0]}, {"left_foot_pose": [0.9559256185026468, 0.29196309665221676, 0.03104451777016116, 0.08155644948348699, -0.2936089438187014, 0.9505671050159586, 0.10107406675921773, -0.006087222137237889, 1.3885525883756614e-10, -0.10573423785524116, 0.994394424232745, 1.8214812366745825e-09, 0.0, 0.0, 0.0, 1.0], "right_foot_pose": [0.9813241558985571, 0.18997525004862037, 0.030204394033792912, 0.03552476420133394, -0.19236138095151767, 0.9691619898079686, 0.15401992283430108, -0.14870574912833961, -1.2977269819002842e-05, -0.1569536297140757, 0.9876059730232334, 0.026493548194429534, 0.0, 0.0, 0.0, 1.0]}, {"left_foot_pose": [0.9559256185009466, 0.29178987632799963, 0.032632498618315194, 0.08155644931517375, -0.2936089438242362, 0.9500031379442465, 0.10624418102890289, -0.0060872222810506174, 3.566323344588716e-10, -0.11114272791585011, 0.9938044546244619, 1.5479420037434188e-09, 0.0, 0.0, 0.0, 1.0], "right_foot_pose": [0.9792927025313594, 0.19956289219377213, 0.034065449183647734, 0.036800423711190675, -0.20244950615847698, 0.9653419795397724, 0.16470901612972608, -0.14899570677249124, -1.500051961542903e-05, -0.16819487090125707, 0.9857537649826622, 0.030593492360352678, 0.0, 0.0, 0.0, 1.0]}, {"left_foot_pose": [0.9559256184989796, 0.29163449509602296, 0.03399313412193729, 0.08155644909018823, -0.29360894383064035, 0.9494972509983757, 0.11067410920890301, -0.0060872223981200515, 5.57741806081879e-10, -0.11577690450437966, 0.9932752430134283, 1.3016656016939798e-09, 0.0, 0.0, 0.0, 1.0], "right_foot_pose": [0.9770027102107218, 0.20980303798296798, 0.038057712674584986, 0.038166252323216035, -0.21322688375148327, 0.9613288582273187, 0.1743018140611015, -0.14930616041916492, -1.6927356240620383e-05, -0.17840827220865277, 0.9839565478825718, 0.03419393704554699, 0.0, 0.0, 0.0, 1.0]}, {"left_foot_pose": [0.9559256184970213, 0.29150045516925444, 0.03512401653008908, 0.08155644881866439, -0.2936089438370166, 0.949060846614367, 0.11435601218359025, -0.006087222477510414, 7.383137138804413e-10, -0.11962856707216502, 0.9928187175613993, 1.0981583420388574e-09, 0.0, 0.0, 0.0, 1.0], "right_foot_pose": [0.9744526347595007, 0.2206247513281237, 0.04203310257012726, 0.03961028215555202, -0.22459310377205496, 0.9572505029082147, 0.18228936452795266, -0.14963438928214517, -1.866285530555581e-05, -0.1870726965202928, 0.9823460723534878, 0.03709238277437274, 0.0, 0.0, 0.0, 1.0]}, {"left_foot_pose": [0.9559256184953319, 0.29139078917242683, 0.03602249144338239, 0.0815564485126459, -0.29360894384251685, 0.9487037983526849, 0.11728124780573805, -0.006087222508763602, 8.947768035415805e-10, -0.12268867501387226, 0.992445207063514, 9.537005074555793e-10, 0.0, 0.0, 0.0, 1.0], "right_foot_pose": [0.9716441529758808, 0.2319697727653857, 0.0458002675860978, 0.041120544914635695, -0.23644796379675037, 0.9532582231297031, 0.18812527860968514, -0.14997767225290884, -2.0103567475242375e-05, -0.19362020700013854, 0.9810765592129238, 0.03908633002657034, 0.0, 0.0, 0.0, 1.0]}, {"left_foot_pose": [0.9559256184941505, 0.2913080309522125, 0.03668573304872393, 0.0815564481855925, -0.293608943846364, 0.9484343558624447, 0.11944061584408046, -0.006087222482639937, 1.0238504771459988e-09, -0.1249476039087404, 0.9921633415307513, 8.84628863218051e-10, 0.0, 0.0, 0.0, 1.0], "right_foot_pose": [0.968582704335023, 0.24378946774483617, 0.0491349191486362, 0.0426850713745578, -0.24869166535259588, 0.949506844358953, 0.19128305753426098, -0.15033328776259045, -2.1147243771501184e-05, -0.19749290603004596, 0.980304315822695, 0.03997327940328794, 0.0, 0.0, 0.0, 1.0]}, {"left_foot_pose": [0.9559256184796171, 0.29129857325695485, 0.036760755607384094, 0.08155644791675751, -0.29360894389368175, 0.9484035637608833, 0.1196848708538136, -0.0060872219854278585, 4.955726642074251e-10, -0.1252031208242028, 0.9921311297081054, 6.70751953979476e-10, 0.0, 0.0, 0.0, 1.0], "right_foot_pose": [0.9652779309167979, 0.2560201418029255, 0.05188644405039866, 0.04429188191337848, -0.26122502868631253, 0.9460613759835925, 0.19164904711442213, -0.15069851176067178, -2.1744434586089304e-05, -0.19854863349628177, 0.9800910364164843, 0.04000000933514129, 0.0, 0.0, 0.0, 1.0]}, {"left_foot_pose": [0.9559256184814459, 0.2912829172787254, 0.036884604274164706, 0.08155644781307503, -0.2936089438877268, 0.9483525913733669, 0.12008809476611136, -0.006087221956060657, 5.287314690245197e-10, -0.12562493596820784, 0.9920778071618098, 6.618381537260021e-10, 0.0, 0.0, 0.0, 1.0], "right_foot_pose": [0.9617440136241977, 0.26850744630408374, 0.054334183874230425, 0.04592901170814988, -0.2739497248992674, 0.9426539788725041, 0.19066993560457343, -0.15107062718486683, -2.203712168558764e-05, -0.19826050387078162, 0.9801493621480702, 0.04000000963744626, 0.0, 0.0, 0.0, 1.0]}, {"left_foot_pose": [0.9559256184838699, 0.29129501593439827, 0.03678893336331827, 0.0815564477054157, -0.2936089438798345, 0.9483919819372556, 0.11977661153536344, -0.006087221922946826, 5.39966873778417e-10, -0.12529909133311412, 0.9921190138844719, 6.812541919476445e-10, 0.0, 0.0, 0.0, 1.0], "right_foot_pose": [0.9579999258651816, 0.2811602527810415, 0.05643628529951, 0.047584494061104265, -0.2867684458880333, 0.9392798924865708, 0.18845992150422328, -0.15144691404780924, -2.2028819242505753e-05, -0.1967287366566381, 0.9804579561042962, 0.040000009778860875, 0.0, 0.0, 0.0, 1.0]}, {"left_foot_pose": [0.9559256184868672, 0.2913345890749394, 0.03647422554404959, 0.08155644759558629, -0.29360894387007663, 0.9485208233492843, 0.1187519926245225, -0.0060872218870141916, 5.290259696476813e-10, -0.12422723083661201, 0.9922537957189523, 7.294744877595072e-10, 0.0, 0.0, 0.0, 1.0], "right_foot_pose": [0.9540695734742761, 0.2938921733290667, 0.058126064949645145, 0.049246359892613396, -0.29958512729913755, 0.9359536493861023, 0.18503923287237398, -0.15182465180459917, -2.172031406884809e-05, -0.1939540065498907, 0.9810106232204994, 0.04000000975395884, 0.0, 0.0, 0.0, 1.0]}, {"left_foot_pose": [0.9559256184903991, 0.29140091810751034, 0.03594046243232588, 0.08155644748514156, -0.29360894385857733, 0.9487367760298088, 0.11701417817861205, -0.0060872218489145405, 4.957778613383349e-10, -0.1224092918640797, 0.9924797052158475, 8.072154056293357e-10, 0.0, 0.0, 0.0, 1.0], "right_foot_pose": [0.949981841621777, 0.30661573632024075, 0.05934046536465066, 0.05090264012614139, -0.312305139475591, 0.932688440119304, 0.18043772755427595, -0.15220111990987165, -2.1119382904200367e-05, -0.18994489703231332, 0.9817947523007827, 0.0400000095639371, 0.0, 0.0, 0.0, 1.0]}, {"left_foot_pose": [0.955925618494396, 0.2914928484262951, 0.03518708885987924, 0.08155644737597158, -0.2936089438455646, 0.9490360808368321, 0.11456136069268295, -0.006087221809210474, 4.4026490387766063e-10, -0.11984338357286187, 0.9927928099124254, 9.151845531407687e-10, 0.0, 0.0, 0.0, 1.0], "right_foot_pose": [0.9457705472870002, 0.31924200890173066, 0.06002175969459426, 0.052541365688588484, -0.3248354529215696, 0.9294965361261533, 0.1746943555319433, -0.15257359781831797, -2.0240724510881163e-05, -0.184717971734939, 0.9827915702265884, 0.04000000921717713, 0.0, 0.0, 0.0, 1.0]}, {"left_foot_pose": [0.9559256184988095, 0.2916087484701777, 0.034213297317362765, 0.08155644725481909, -0.29360894383119424, 0.9494134257677589, 0.11139091109358601, -0.0060872217486060125, 3.6206499049917686e-10, -0.11652675567261582, 0.9931875528883837, 1.0588536852873531e-09, 0.0, 0.0, 0.0, 1.0], "right_foot_pose": [0.9414742996419788, 0.33168119257166156, 0.060114304519691034, 0.05415056870284596, -0.33708477086437566, 0.9263922650035461, 0.16784286875798626, -0.1529393650194599, -1.9103848811845548e-05, -0.17828336387851723, 0.9839791876860016, 0.039988088869960074, 0.0, 0.0, 0.0, 1.0]}, {"left_foot_pose": [0.9559256185037885, 0.29174772131086346, 0.033007256748619415, 0.08155644705560505, -0.2936089438149839, 0.9498658906249284, 0.10746431007158636, -0.006087221545812877, 2.570160065084973e-10, -0.11241911286445647, 0.9936608793057973, 1.2873724447581836e-09, 0.0, 0.0, 0.0, 1.0], "right_foot_pose": [0.9371362753436071, 0.34390226540056035, 0.059218521490102385, 0.055718284122607896, -0.34896361002882537, 0.9235526843101676, 0.158980622023988, -0.15329569904164014, -1.762841422375292e-05, -0.1696516170151258, 0.9855040986892911, 0.03918214048228157, 0.0, 0.0, 0.0, 1.0]}, {"left_foot_pose": [0.9559256185087499, 0.29190721763605026, 0.03156561690581338, 0.08155644689932541, -0.2936089437988306, 0.9503851754017887, 0.1027706499826057, -0.006087221341924635, 1.313734481407355e-10, -0.10750904458924317, 0.9942041064748772, 1.5665807540088394e-09, 0.0, 0.0, 0.0, 1.0], "right_foot_pose": [0.9328038947980394, 0.35581736315698703, 0.057191764491198414, 0.05723253279699002, -0.3603843692484413, 0.9209898212892119, 0.14798937625069128, -0.15363987849115882, -1.5843325195380495e-05, -0.15865608452774346, 0.9873339083569018, 0.03725569347983484, 0.0, 0.0, 0.0, 1.0]}, {"left_foot_pose": [0.9559256185134568, 0.2920831638323202, 0.029893766496841723, 0.08155644678118164, -0.29360894378350527, 0.950958017310712, 0.09732747527196485, -0.006087221144624341, -1.2539043508106134e-11, -0.1018149042045549, 0.9948033601078246, 1.8801252360534093e-09, 0.0, 0.0, 0.0, 1.0], "right_foot_pose": [0.9285284259903559, 0.3672850256153372, 0.05419107017408964, 0.05868134709009395, -0.37126131219889313, 0.9185891413693571, 0.13549548856940954, -0.15396918429853135, -1.3864631125436498e-05, -0.1459304605524431, 0.9892948501284763, 0.03441124761331105, 0.0, 0.0, 0.0, 1.0]}, {"left_foot_pose": [0.9559256185176508, 0.29227102620070644, 0.027997483908980998, 0.08155644669844406, -0.293608943769851, 0.9515696556270937, 0.09115359909563202, -0.006087220961355598, -1.7212632231461467e-10, -0.09535637227433162, 0.9954431989152772, 2.2156926363092744e-09, 0.0, 0.0, 0.0, 1.0], "right_foot_pose": [0.9243645120243483, 0.37816646945765076, 0.05040208614654551, 0.06005275944228793, -0.38151048317271663, 0.9162663632879525, 0.12208891324108902, -0.1542808972038942, -1.180289531743965e-05, -0.13208358295036393, 0.9912385822675014, 0.03085130276053958, 0.0, 0.0, 0.0, 1.0]}, {"left_foot_pose": [0.9559256185210556, 0.2924658242614812, 0.0258834598574177, 0.08155644664945635, -0.2936089437587655, 0.9522038750069517, 0.08427080494814529, -0.00608722079960233, -3.4448243525068135e-10, -0.08815623665288215, 0.996106659921116, 2.5630749397875796e-09, 0.0, 0.0, 0.0, 1.0], "right_foot_pose": [0.9203696190854534, 0.38833275179894117, 0.04601562935306556, 0.06133480203689689, -0.3910495674071783, 0.9139782888977657, 0.10827706707410777, -0.1545722976340391, -9.754765062065854e-06, -0.11764931493117226, 0.9930552042062264, 0.026778358644329293, 0.0, 0.0, 0.0, 1.0]}, {"left_foot_pose": [0.9559256185234337, 0.29266229965550583, 0.023558230216688254, 0.08155644663205654, -0.2936089437510231, 0.9528435553933421, 0.07670037219456254, -0.006087220666093709, -5.275503058075565e-10, -0.08023675782163024, 0.9967758337230465, 2.91616741865397e-09, 0.0, 0.0, 0.0, 1.0], "right_foot_pose": [0.9166034107498854, 0.39766829023545097, 0.04120823149432671, 0.06251550672049698, -0.3997976830108702, 0.911723429974343, 0.09445739724848909, -0.1548406656835648, -7.798497286979714e-06, -0.10305492796092953, 0.9946756666180947, 0.022394914681833515, 0.0, 0.0, 0.0, 1.0]}, {"left_foot_pose": [0.9559256185245352, 0.2928550125678427, 0.021027445455269935, 0.08155644664448272, -0.2936089437474368, 0.9534709859493847, 0.06846069751487664, -0.0060872205671717895, -7.191109869293679e-10, -0.07161718066635846, 0.9974321929000503, 3.2702921273775054e-09, 0.0, 0.0, 0.0, 1.0], "right_foot_pose": [0.913127050846251, 0.40607092069669853, 0.036130269544573566, 0.0635829050590849, -0.407675102228363, 0.9095352434203331, 0.0809113836206555, -0.15508328118305756, -5.993463382710519e-06, -0.08861178443554142, 0.996066238572128, 0.01790346990772551, 0.0, 0.0, 0.0, 1.0]}, {"left_foot_pose": [0.9559256185239968, 0.29303814022574054, 0.018299186390496134, 0.08155644668738657, -0.2936089437491894, 0.9540672090105582, 0.05957809027897689, -0.006087220510270544, -9.131923116859047e-10, -0.06232502758799286, 0.9980559057167875, 3.613710837513384e-09, 0.0, 0.0, 0.0, 1.0], "right_foot_pose": [0.910002436306366, 0.41344936544732025, 0.030906117965320376, 0.06452502843456297, -0.4146029014578488, 0.9074713544286899, 0.06782458989254711, -0.15529742379786096, -4.383077323897911e-06, -0.07453430822491852, 0.9972184499287112, 0.01350652294397535, 0.0, 0.0, 0.0, 1.0]}, {"left_foot_pose": [0.9559256185216212, 0.2932056346819216, 0.01538400613717149, 0.08155644675904457, -0.2936089437569243, 0.954612533797329, 0.0500869090979614, -0.006087220499611466, -1.1072359380095124e-09, -0.05239624135199018, 0.998626373521241, 3.94517592899879e-09, 0.0, 0.0, 0.0, 1.0], "right_foot_pose": [0.9072913604433571, 0.41972051352657724, 0.02563352862616778, 0.06532990813978459, -0.42050254131914155, 0.9056044637529866, 0.055300705011863106, -0.15548037303971138, -2.997639636686929e-06, -0.0609528158139708, 0.9981406485237249, 0.009406572058976298, 0.0, 0.0, 0.0, 1.0]}, {"left_foot_pose": [0.955925618517261, 0.29335157978421283, 0.012290748573578978, 0.08155644685801852, -0.2936089437711189, 0.9550876986269896, 0.04001594768350658, -0.006087220537492059, -1.3000237850096956e-09, -0.041860943246755586, 0.9991234465422643, 4.2695012109073005e-09, 0.0, 0.0, 0.0, 1.0], "right_foot_pose": [0.9050546056883912, 0.4248068279033484, 0.020379393733021434, 0.06598557533694899, -0.42529538055189553, 0.904015144965758, 0.04336423588347734, -0.15562940827073835, -1.8570897591786812e-06, -0.04791426342160143, 0.9988514520975161, 0.0058061156249161056, 0.0, 0.0, 0.0, 1.0]}, {"left_foot_pose": [0.9559256185105197, 0.2934699743459703, 0.009032498693984991, 0.08155644699011481, -0.2936089437930682, 0.9554731649594108, 0.029407807928612122, -0.006087220630071092, -1.4762528165160824e-09, -0.030763699384550588, 0.9995266853867275, 4.5594109390756365e-09, 0.0, 0.0, 0.0, 1.0], "right_foot_pose": [0.9033509633656573, 0.4286330203788103, 0.015191143053663701, 0.0664800607644049, -0.4289021298447777, 0.9027842472659764, 0.03199321651565594, -0.1557418085988568, -9.756200726988617e-07, -0.035416616571077114, 0.9993726348413314, 0.0029076535555826385, 0.0, 0.0, 0.0, 1.0]}, {"left_foot_pose": [0.9559256185013331, 0.29355481781859283, 0.005637448743700282, 0.08155644716015402, -0.29360894382297836, 0.9557493963387338, 0.01835427757503913, -0.006087220779635, -1.6239498332790325e-09, -0.019200529514558713, 0.9998156528412432, 4.794980308642227e-09, 0.0, 0.0, 0.0, 1.0], "right_foot_pose": [0.9022361766058286, 0.43112362873400756, 0.010114265713223144, 0.06680139422276533, -0.43124225398673866, 0.9019880111357345, 0.02116001285063705, -0.1558148525692495, -3.648905435731931e-07, -0.02345302783488033, 0.9997249399135961, 0.0009136900076573418, 0.0, 0.0, 0.0, 1.0]}, {"left_foot_pose": [0.9559256184899586, 0.29360118019465986, 0.002135158751557882, 0.0815564473733044, -0.2936089438600114, 0.9559003417601064, 0.006951597537336742, -0.006087220986590303, -1.7391260270216505e-09, -0.00727211188139051, 0.999973557844799, 4.971902625716673e-09, 0.0, 0.0, 0.0, 1.0], "right_foot_pose": [0.9017618007469708, 0.43220237194330774, 0.005173432144975103, 0.0669376043290881, -0.43223333364466304, 0.901697206770828, 0.010793173217740972, -0.155845818323115, -3.424903983631497e-08, -0.011969001139011332, 0.9999283689403622, 2.6735000698351052e-05, 0.0, 0.0, 0.0, 1.0]}, {"left_foot_pose": [0.9559256183947173, 0.2936054382245054, -0.0014348315838145769, 0.08155644978732633, -0.29360894417009437, 0.9559142037904302, -0.004671498157047909, -0.0060872210180615925, -1.372549858234032e-09, 0.004886884150991212, 0.9999880591103554, 4.65319333758929e-09, 0.0, 0.0, 0.0, 1.0], "right_foot_pose": [0.9017479449906245, 0.4322621460477527, 0.0002842523116482379, 0.06694158061288115, -0.43226223950882553, 0.9017477500220088, 0.0005929798135392398, -0.15584672224278026, -1.1557039836064146e-09, -0.0006575898690987714, 0.9999997837877587, 6.877406137639763e-09, 0.0, 0.0, 0.0, 1.0]}, {"left_foot_pose": [0.9559256183147264, 0.29356593562396704, -0.005025305048838509, 0.08155645194393019, -0.293608944430528, 0.9557855911734751, -0.016361279154232845, -0.006087221319791017, -6.598626751590108e-11, 0.017115640402760503, 0.9998535166981235, 4.374182828448259e-09, 0.0, 0.0, 0.0, 1.0], "right_foot_pose": [0.901747944999516, 0.4322367669733072, -0.004692650169406005, 0.06694158315880115, -0.43226223949027676, 0.90169480645068, -0.00978939889478785, -0.15584672170296157, 1.5734813317174416e-10, 0.010856025807527134, 0.9999410716155558, 7.501620498395756e-09, 0.0, 0.0, 0.0, 1.0]}, {"left_foot_pose": [0.9559256182831706, 0.2934826014545293, -0.008612488224748775, 0.08155645305447451, -0.2936089445332675, 0.9555142733305196, -0.02804034863746005, -0.006087221569174661, 9.638247022699895e-10, 0.029333191185613085, 0.999569689363813, 4.235332841384665e-09, 0.0, 0.0, 0.0, 1.0], "right_foot_pose": [0.9017479450185244, 0.43215377937363303, -0.009682697349044065, 0.0669415844878026, -0.4322622394506231, 0.9015216850879777, -0.0201991995204131, -0.1558467213266287, 1.2172384254054132e-09, 0.022400051098571863, 0.9997490873768184, 7.660611346660406e-09, 0.0, 0.0, 0.0, 1.0]}, {"left_foot_pose": [0.9559256182968149, 0.2933566410139841, -0.012169365507106856, 0.08155645305051151, -0.29360894448884367, 0.9551041742767714, -0.039620752078103824, -0.006087221540449545, 1.0500570113733271e-09, 0.04144752648928646, 0.9991406820602998, 4.209579643199568e-09, 0.0, 0.0, 0.0, 1.0], "right_foot_pose": [0.9017479450373816, 0.43201522672725023, -0.014611211334511104, 0.06694158439544153, -0.43226223941128494, 0.9012326487314114, -0.030480637127611315, -0.15584672125076726, 1.332699736720866e-09, 0.0338017268252208, 0.9994285583590421, 7.343109328927788e-09, 0.0, 0.0, 0.0, 1.0]}, {"left_foot_pose": [0.9559256183438267, 0.2931909637986224, -0.01566112833765431, 0.0815564519402358, -0.29360894433578394, 0.9545647664281254, -0.05098916061326944, -0.006087221243396512, 1.7014643034588578e-10, 0.05334009224639792, 0.9985764039667404, 4.29337079083103e-09, 0.0, 0.0, 0.0, 1.0], "right_foot_pose": [0.9017479450408663, 0.4318259874445607, -0.019415462448902552, 0.06694158294713932, -0.4322622394040158, 0.9008378741360568, -0.0405028506090018, -0.15584672150859177, 4.592860077080292e-10, 0.04491593358219162, 0.9989907701828081, 6.6062861708848786e-09, 0.0, 0.0, 0.0, 1.0]}, {"left_foot_pose": [0.9559256184077695, 0.2929905980769188, -0.019045249020524152, 0.08155644983404071, -0.2936089441276, 0.95391242054366, -0.062007111372907535, -0.006087220922314843, -1.053145588742615e-09, 0.0648660417403891, 0.9978939806557282, 4.521153201819672e-09, 0.0, 0.0, 0.0, 1.0], "right_foot_pose": [0.9017479450159371, 0.43159295684897525, -0.024045025637178922, 0.06694158045671517, -0.4322622394560203, 0.9003517456613594, -0.05016064617813834, -0.15584672200668945, -7.945717350278211e-10, 0.055626016241512026, 0.9984516745026266, 5.555304390114646e-09, 0.0, 0.0, 0.0, 1.0]}, {"left_foot_pose": [0.9559214290218797, 0.2927762689738658, -0.022277294775428336, 0.08156009415630501, -0.29362258349240217, 0.9531661891524111, -0.07252581829885082, -0.006088646412748675, 1.256799056857171e-07, 0.07587010071440146, 0.9971177101112846, 1.192412176671126e-05, 0.0, 0.0, 0.0, 1.0], "right_foot_pose": [0.9017479449640339, 0.43132455136121445, -0.028456548388530047, 0.06694157781198323, -0.43226223956429666, 0.8997918210836401, -0.05936358275781817, -0.15584672251218853, -1.203940282078083e-09, 0.06583168009426055, 0.9978307421080825, 4.446228080157155e-09, 0.0, 0.0, 0.0, 1.0]}, {"left_foot_pose": [0.9556285639369152, 0.2934725192026387, -0.02545443499131191, 0.0818146357370449, -0.29457435018391925, 0.9520544844276223, -0.08257245845302628, -0.006188110610758758, 1.2615830848080173e-06, 0.0864068235390703, 0.996259936384224, 0.0008178780076198017, 0.0, 0.0, 0.0, 1.0], "right_foot_pose": [0.901747944956261, 0.4310297591218972, -0.03261886752294525, 0.06694157757222853, -0.43226223958051213, 0.899176851076987, -0.06804665105729936, -0.15584672288506551, -1.02930032673981e-09, 0.0754608324801237, 0.9971487666147948, 4.127029287759321e-09, 0.0, 0.0, 0.0, 1.0]}, {"left_foot_pose": [0.9548904507927913, 0.29556804766876743, -0.028701152973601634, 0.08245254987172992, -0.2969582916472703, 0.950420863499828, -0.09228193347658545, -0.00643737507833449, 2.5836798374309966e-06, 0.09664218241283447, 0.9953191892914605, 0.002744341536842984, 0.0, 0.0, 0.0, 1.0], "right_foot_pose": [0.9017479449505862, 0.43071643550309907, -0.036523909496372575, 0.06694157737531269, -0.43226223959235016, 0.8985232225398305, -0.07619301004189255, -0.15584672316701542, -8.350622209884516e-10, 0.08449479714244602, 0.9964239204554741, 3.794133812684564e-09, 0.0, 0.0, 0.0, 1.0]}, {"left_foot_pose": [0.9537254059435224, 0.2989637344093377, -0.03207078991679513, 0.0834491543412557, -0.30067898170870977, 0.9482862428624148, -0.10171210132771637, -0.006826794760229916, 4.059228272190559e-06, 0.10664842758292054, 0.9942967931546466, 0.005588804189567066, 0.0, 0.0, 0.0, 1.0], "right_foot_pose": [0.9017479449469219, 0.4303921296744226, -0.040165389308682506, 0.06694157721969479, -0.43226223959999427, 0.8978466838930287, -0.08378954850271744, -0.15584672335528502, -6.264698813811764e-10, 0.09291903430733246, 0.9956736679572243, 3.431450949775705e-09, 0.0, 0.0, 0.0, 1.0]}, {"left_foot_pose": [0.9521473021056533, 0.30355910265645547, -0.03560036920221801, 0.08477976770968343, -0.30563951815973, 0.9456684178661318, -0.11088610548511496, -0.007346725028206741, 5.658140780904372e-06, 0.1164607858679292, 0.9931952906266778, 0.009148761289066373, 0.0, 0.0, 0.0, 1.0], "right_foot_pose": [0.9017479449450384, 0.4300642595031199, -0.04353592178228052, 0.06694157710529965, -0.43226223960392335, 0.8971627096443616, -0.09082086013789557, -0.15584672345568365, -4.095849037585373e-10, 0.10071645904031769, 0.994915169689547, 3.0444950241403923e-09, 0.0, 0.0, 0.0, 1.0]}, {"left_foot_pose": [0.9501668444986535, 0.30925279996521976, -0.03931505219562623, 0.08641970926046968, -0.3117418283795566, 0.9425834370118473, -0.1198060796015997, -0.007987521833179603, 7.3514552026808e-06, 0.12609191086110833, 0.9920185633148967, 0.013221712655068628, 0.0, 0.0, 0.0, 1.0], "right_foot_pose": [0.9017479449445657, 0.42973950624062973, -0.04663261266873344, 0.06694157703038178, -0.4322622396049095, 0.8964852376360791, -0.09728090723431299, -0.15584672348059792, -1.915934842691061e-10, 0.1078803757716995, 0.9941638821257576, 2.6494678603827815e-09, 0.0, 0.0, 0.0, 1.0]}, {"left_foot_pose": [0.9477927593351558, 0.3159440242159643, -0.04322336074479447, 0.08834429862576493, -0.3188869474733596, 0.9390497018405384, -0.1284397609944824, -0.008739541419658908, 9.109062011758052e-06, 0.13551764104875544, 0.9907749335149768, 0.017605159819431983, 0.0, 0.0, 0.0, 1.0], "right_foot_pose": [0.9017479449452217, 0.429424085293204, -0.049452995431661116, 0.06694157699401748, -0.43226223960354054, 0.8958272339055237, -0.10316454432657324, -0.15584672344298411, 2.3758373523676632e-11, 0.11440507839809097, 0.9934341840488107, 2.253001375740471e-09, 0.0, 0.0, 0.0, 1.0]}, {"left_foot_pose": [0.9450329361134804, 0.3235492719837168, -0.04720824355493829, 0.09052885594884442, -0.32697515126156534, 0.9351361616405129, -0.1364097124464607, -0.009593138886666165, 1.0872522194892576e-05, 0.14434759364484281, 0.9895270446484686, 0.022096602035847547, 0.0, 0.0, 0.0, 1.0], "right_foot_pose": [0.9017479721147538, 0.4291649379142673, -0.05165317852728814, 0.06694157719877451, -0.4322621829248177, 0.8952867685666733, -0.10775438386680643, -0.15584672285579032, 3.827705082546481e-09, 0.1194950128435782, 0.9928348009137841, 1.6079134343427448e-09, 0.0, 0.0, 0.0, 1.0]}, {"left_foot_pose": [0.9418952074583125, 0.3319545729592804, -0.05137683970901369, 0.09294870149569352, -0.3359068591252742, 0.9308186035169236, -0.1440253774145318, -0.01053867470050366, 1.2635536116496742e-05, 0.15291464559755927, 0.9882393996406524, 0.026493548711055713, 0.0, 0.0, 0.0, 1.0], "right_foot_pose": [0.9017479449795577, 0.42889502555779624, -0.053848869783139804, 0.06694157736560648, -0.4322622395319122, 0.894723555624648, -0.11233483558203718, -0.15584672320900153, 6.075071873261713e-11, 0.12457454018444068, 0.9922102518810391, 1.6251327922267578e-09, 0.0, 0.0, 0.0, 1.0]}, {"left_foot_pose": [0.9383887010287508, 0.3410797897384915, -0.05559876629495226, 0.09557915321500206, -0.34558160479986305, 0.9261711917243299, -0.15093136865438697, -0.011566501186488852, 1.433615221723985e-05, 0.1608462018571837, 0.9869794826350717, 0.030593492176280067, 0.0, 0.0, 0.0, 1.0], "right_foot_pose": [0.9017479449802045, 0.42865260095620117, -0.055745774884393424, 0.06694157739128367, -0.4322622395305627, 0.894217830514005, -0.11629199399291776, -0.1558467230690922, 1.8199694276851342e-10, 0.1289628600966581, 0.991649424300589, 1.265166360564507e-09, 0.0, 0.0, 0.0, 1.0]}, {"left_foot_pose": [0.9345242042444311, 0.35084594153787957, -0.05976317417702166, 0.09839553270840883, -0.3558995805391207, 0.9212618239042023, -0.15688256878564058, -0.012666976716130752, 1.5918288148021237e-05, 0.16788024637551108, 0.9858073963120318, 0.03419393628515933, 0.0, 0.0, 0.0, 1.0], "right_foot_pose": [0.9017479449802664, 0.4284424338797197, -0.0573386830602875, 0.06694157742391109, -0.4322622395304336, 0.8937793982449368, -0.11961498045417705, -0.15584672292051088, 2.8751796078675006e-10, 0.1326479103647743, 0.9911632216117882, 9.39200904548354e-10, 0.0, 0.0, 0.0, 1.0]}, {"left_foot_pose": [0.9303150944932588, 0.36118352816964905, -0.06372035731949968, 0.10137316053578016, -0.3667612638462803, 0.9161749866667183, -0.16158455726992735, -0.013830458415809935, 1.7317025108058167e-05, 0.17369471144845977, 0.9847995465651666, 0.037092381444841345, 0.0, 0.0, 0.0, 1.0], "right_foot_pose": [0.901747944979619, 0.42826874761716793, -0.05862186912285144, 0.06694157745684147, -0.4322622395317846, 0.8934170690736293, -0.12229185157994776, -0.15584672277666317, 3.754267820907959e-10, 0.1356164462825532, 0.990761414013329, 6.612194541899541e-10, 0.0, 0.0, 0.0, 1.0]}, {"left_foot_pose": [0.9257779028840961, 0.37203217102143354, -0.06728549811515769, 0.10448735734461684, -0.37806781692001884, 0.9110070538492617, -0.16471452166163156, -0.015047303720198073, 1.8462312135926586e-05, 0.17792754582123568, 0.9840435905472765, 0.03908632795679113, 0.0, 0.0, 0.0, 1.0], "right_foot_pose": [0.9017479449781606, 0.4281352353243684, -0.05958912653674346, 0.06694157748315205, -0.432262239534827, 0.8931385473391168, -0.12430965983908145, -0.15584672265127597, 4.4393616951149605e-10, 0.13785410958952252, 0.9904525452889098, 4.480592494249258e-10, 0.0, 0.0, 0.0, 1.0]}, {"left_foot_pose": [0.9209328210152151, 0.3833374325926882, -0.07025063665338091, 0.10771344348036248, -0.389721360468024, 0.9058561691306988, -0.16595741032809727, -0.016307870245950984, 1.9285002920223978e-05, 0.18021379975213425, 0.9836274630199116, 0.039973276272205906, 0.0, 0.0, 0.0, 1.0], "right_foot_pose": [0.9017479449758196, 0.4280449923545473, -0.06023394601121704, 0.06694157749667065, -0.43226223953971105, 0.8929502902969163, -0.1256548261180877, -0.1558467225581545, 4.914160934527528e-10, 0.13934584162740205, 0.9902437762597405, 3.191707939609323e-10, 0.0, 0.0, 0.0, 1.0]}, {"left_foot_pose": [0.915804103212942, 0.39499883974076977, -0.07265508338572374, 0.11102673053254587, -0.40162525337238053, 0.9007031693585961, -0.16562293488811297, -0.01760251135921937, 1.979676026845093e-05, 0.18085827963028608, 0.983509167368186, 0.04000000654083753, 0.0, 0.0, 0.0, 1.0], "right_foot_pose": [0.9017479449727236, 0.4279991218039822, -0.06055902469896375, 0.06694157758389674, -0.432262239546169, 0.8928545991305704, -0.1263329769851046, -0.15584672257758303, 5.168239990466142e-10, 0.14009788201971013, 0.9901376588402199, 2.627511194730481e-10, 0.0, 0.0, 0.0, 1.0]}, {"left_foot_pose": [0.9104203712379362, 0.40684532111844923, -0.07491082911706481, 0.1144025401320427, -0.4136843570047147, 0.8953780906607303, -0.1648130077825825, -0.018921582537756984, 2.011406884747585e-05, 0.18103855790624218, 0.9834759987649183, 0.04000000683975903, 0.0, 0.0, 0.0, 1.0], "right_foot_pose": [0.9017479449689193, 0.42799610158605034, -0.06058036622102653, 0.06694157769452164, -0.4322622395541049, 0.8928482985956038, -0.126377497801647, -0.15584672262151064, 5.214374203011695e-10, 0.14014725370865788, 0.9901306718195941, 2.3723989439616844e-10, 0.0, 0.0, 0.0, 1.0]}, {"left_foot_pose": [0.9048148330785692, 0.41878341438389943, -0.07701019203953212, 0.11781619338214219, -0.42580525763702126, 0.8899023630059889, -0.16359604788939083, -0.020255440626668033, 2.0240356693432097e-05, 0.18081547542542176, 0.9835170376953354, 0.04000000701868618, 0.0, 0.0, 0.0, 1.0], "right_foot_pose": [0.9017479449644469, 0.42803603308457117, -0.060297579832199175, 0.06694157780428173, -0.43226223956343496, 0.8929316001903154, -0.12578757342904107, -0.1558467226663376, 5.052677369933145e-10, 0.13949305274022344, 0.9902230497404173, 2.424329070827014e-10, 0.0, 0.0, 0.0, 1.0]}, {"left_foot_pose": [0.8990253900187878, 0.43072509013614974, -0.07892556511532575, 0.12124300969628556, -0.4378965034051932, 0.8843103902579752, -0.16199316648332432, -0.021594441877815264, 2.0176053494660204e-05, 0.18019719867132872, 0.9836305043988489, 0.040000007073300606, 0.0, 0.0, 0.0, 1.0], "right_foot_pose": [0.9017479449594058, 0.42811845167871826, -0.05970958962934828, 0.06694157791075202, -0.43226223957395127, 0.8931035346637974, -0.12456095941162004, -0.15584672271105943, 4.683772326094647e-10, 0.13813279010882373, 0.990413717744636, 2.7824604426074373e-10, 0.0, 0.0, 0.0, 1.0]}, {"left_foot_pose": [0.893094655120913, 0.44258554644230125, -0.0806223980964877, 0.12465830848327131, -0.44986879931552315, 0.8786436311903009, -0.16001072705019728, -0.022928942545057698, 1.9921550626314588e-05, 0.17917422652014714, 0.9838173591444909, 0.04000000700400595, 0.0, 0.0, 0.0, 1.0], "right_foot_pose": [0.9017479449539151, 0.42824231792217893, -0.0588146317852127, 0.06694157801190209, -0.4322622395854055, 0.893361933614453, -0.12269397620606803, -0.1558467227546945, 4.1088425688255307e-10, 0.13606238535791312, 0.9907002711671754, 3.4496655532123555e-10, 0.0, 0.0, 0.0, 1.0]}, {"left_foot_pose": [0.8870698817029125, 0.4542834366744721, -0.08205841906113702, 0.12803740915209996, -0.4616351639511642, 0.8729504322505443, -0.1576404714449003, -0.0242492988861312, 1.9477262242605903e-05, 0.17771916609308003, 0.9840812454385144, 0.04000000681532343, 0.0, 0.0, 0.0, 1.0], "right_foot_pose": [0.9017479449481384, 0.42840600664462725, -0.05761021830033654, 0.06694157810546425, -0.4322622395974563, 0.8937034067546265, -0.12018143356345032, -0.1558467227960661, 3.331439145884383e-10, 0.13327608272296415, 0.991078950323344, 4.4309012015020244e-10, 0.0, 0.0, 0.0, 1.0]}, {"left_foot_pose": [0.8810028055677447, 0.4657421638351364, -0.08317627911808095, 0.13135563211463394, -0.4731110400600938, 0.8672878672624236, -0.15484734118690477, -0.0255458678544625, 1.8841974637842046e-05, 0.17577255794225255, 0.9844308038249406, 0.03998808656021789, 0.0, 0.0, 0.0, 1.0], "right_foot_pose": [0.9017479449421982, 0.4286072379496956, -0.056093487765113026, 0.06694157817194961, -0.4322622396098482, 0.894123197963779, -0.11701736226091837, -0.1558467228379929, 2.3467375824430556e-10, 0.1297672625902151, 0.9915444808781108, 5.723110457767078e-10, 0.0, 0.0, 0.0, 1.0]}, {"left_foot_pose": [0.8749494108908282, 0.47697515219049713, -0.08341602109095095, 0.13458830086223242, -0.48421434103206634, 0.8618749537302832, -0.1506918580126501, -0.026809010187421562, 1.790740867507762e-05, 0.17223898607828403, 0.9850551920344616, 0.03918213813394957, 0.0, 0.0, 0.0, 1.0], "right_foot_pose": [0.9017479449359116, 0.42884538252699117, -0.05424280310915607, 0.06694157810929474, -0.4322622396229631, 0.8946199944273681, -0.11315662493604069, -0.15584672292416454, 1.090783476109287e-10, 0.12548586954734947, 0.9920954069765396, 7.563334888938122e-10, 0.0, 0.0, 0.0, 1.0]}, {"left_foot_pose": [0.8689696006775792, 0.4879369971813096, -0.08251860323549036, 0.13771072602630077, -0.4948654694163459, 0.8568090148401489, -0.14486710899301394, -0.028029076540263247, 1.666099179675805e-05, 0.16672072117868658, 0.9860041586383249, 0.03725569180261871, 0.0, 0.0, 0.0, 1.0], "right_foot_pose": [0.901747944930141, 0.4291173228796618, -0.05204773788416753, 0.0669415780395246, -0.43226223963500066, 0.8951872927026836, -0.10857747081864387, -0.1558467230286305, -3.4914354759245366e-11, 0.12040778292217003, 0.9927245165763599, 1.0050983240139644e-09, 0.0, 0.0, 0.0, 1.0]}, {"left_foot_pose": [0.8631268058413626, 0.4985133390745596, -0.0806012890890818, 0.14069822742664662, -0.5049872442030513, 0.8520663694886665, -0.13773447345748838, -0.02919642231570149, 1.5175501271209887e-05, 0.15958493898591233, 0.9871842011593214, 0.0344112469087343, 0.0, 0.0, 0.0, 1.0], "right_foot_pose": [0.9017479449252486, 0.42941733302782475, -0.04951159377722099, 0.06694157796228652, -0.4322622396452067, 0.8958131477517234, -0.10328678759676241, -0.15584672313604325, -1.9503627417351208e-10, 0.1145406408678563, 0.993418563139214, 1.299355512074385e-09, 0.0, 0.0, 0.0, 1.0]}, {"left_foot_pose": [0.857487529559157, 0.5085884227461644, -0.07780072556926416, 0.14352612547646854, -0.5145047487318538, 0.8476311949140432, -0.1296388095477735, -0.03030140352435092, 1.3524304862189958e-05, 0.15119250529428024, 0.9885043379570638, 0.030851302965334754, 0.0, 0.0, 0.0, 1.0], "right_foot_pose": [0.9017479449216251, 0.42973884538621976, -0.04663870276652364, 0.06694157787729185, -0.43226223965276594, 0.8964838588527725, -0.09729361226111874, -0.15584672323344295, -3.6852734058193997e-10, 0.10789446502282232, 0.994162353148337, 1.6259007681873605e-09, 0.0, 0.0, 0.0, 1.0]}, {"left_foot_pose": [0.8521208218714281, 0.5180506179594103, -0.07425403803858918, 0.14616974073310457, -0.5233451106053191, 0.843503416710111, -0.12087961450913114, -0.031334376549513876, 1.17757949215944e-05, 0.14186452421321882, 0.9898860826534984, 0.02677835945849008, 0.0, 0.0, 0.0, 1.0], "right_foot_pose": [0.9017479449196781, 0.43007439949092036, -0.04343563900371563, 0.06694157778488137, -0.43226223965682786, 0.8971838626383822, -0.09061165922846459, -0.15584672330951785, -5.520381219897996e-10, 0.10048446409170157, 0.9949386274922706, 1.9748125634766467e-09, 0.0, 0.0, 0.0, 1.0]}, {"left_foot_pose