{"LoopMode": "Wrap", "FrameDuration": 0.0167, "EnableCycleOffsetPosition": true, "EnableCycleOffsetRotation": false, "Debug_info": [{"left_foot_pose": [1.0000000000000007, -1.5562425160490754e-14, 1.2362333379201122e-12, -2.6688114559298185e-13, 2.4395386725284992e-15, 0.9999408014598001, 0.010880881211259142, -2.530614606754966e-13, -1.2366196155199088e-12, -0.010880881211259411, 0.9999408014598004, 3.4348149324792132e-12, 0.0, 0.0, 0.0, 1.0], "right_foot_pose": [0.9999999999999998, 2.6206523131267512e-14, 1.2240763958004661e-12, -1.5656526792311333e-13, -1.1567941327467412e-14, 0.9999289487940646, -0.01192045987354402, -0.1400000000005719, -1.2244000601405418e-12, 0.011920459873543838, 0.9999289487940646, 1.6518383882946353e-12, 0.0, 0.0, 0.0, 1.0]}, {"left_foot_pose": [1.0000000000000007, -5.657356465983958e-14, 4.574174372606878e-12, -8.927018517733202e-13, 1.316296498129938e-14, 0.999954283973848, 0.00956190160740721, -1.907952962287851e-13, -4.574658493255409e-12, -0.00956190160740748, 0.9999542839738484, 1.1185039006100794e-11, 0.0, 0.0, 0.0, 1.0], "right_foot_pose": [1.0, 9.828269378250299e-14, 4.552358490172991e-12, -6.814485046917345e-13, -3.7959846879917977e-14, 0.9999123531138202, -0.013239565339651926, -0.14000000000136828, -4.5533349632088635e-12, 0.013239565339651739, 0.9999123531138204, 7.731509876762743e-12, 0.0, 0.0, 0.0, 1.0]}, {"left_foot_pose": [1.0000000000000004, -9.893612359920533e-14, 1.0184852961003802e-11, -1.9138232927435386e-12, 2.403049963753761e-14, 0.9999727178721903, 0.007386711806051787, 1.989779868649677e-13, -1.0185537391745054e-11, -0.0073867118060520565, 0.9999727178721906, 2.3757454337136608e-11, 0.0, 0.0, 0.0, 1.0], "right_foot_pose": [0.9999999999999998, 2.4567422930632884e-13, 1.0160094987554656e-11, -1.6032925250676416e-12, -8.89798801107756e-14, 0.9998811775537972, -0.015415277280410528, -0.14000000000241378, -1.0162770328457907e-11, 0.015415277280410346, 0.999881177553797, 1.8525563028060077e-11, 0.0, 0.0, 0.0, 1.0]}, {"left_foot_pose": [1.0000000000000007, -9.770031947132162e-14, 1.7846391031639548e-11, -3.2909810685559956e-12, 2.0226823359805934e-14, 0.9999904969551515, 0.004359587066459218, 9.53568821127071e-13, -1.7846878681874847e-11, -0.00435958706645949, 0.9999904969551519, 4.074762749439742e-11, 0.0, 0.0, 0.0, 1.0], "right_foot_pose": [1.0, 5.057410931767386e-13, 1.7833012844192805e-11, -2.8919761624560643e-12, -1.7670182127540824e-13, 0.9998298990121071, -0.018443780562558774, -0.14000000000360552, -1.783937684086354e-11, 0.01844378056255859, 0.9998298990121071, 3.362726763711521e-11, 0.0, 0.0, 0.0, 1.0]}, {"left_foot_pose": [1.0000000000000004, 3.6199474277386226e-15, 2.740335736106659e-11, -4.997754537104984e-12, -1.6990988808195896e-14, 0.9999998749957851, 0.0005000084147121078, 2.1181025683381094e-12, -2.7403528890607973e-11, -0.0005000084147123783, 0.9999998749957852, 6.193732332571145e-11, 0.0, 0.0, 0.0, 1.0], "right_foot_pose": [0.9999999999999998, 9.29956569906773e-13, 2.7425894888466467e-11, -4.527445264463424e-12, -3.17911007840094e-13, 0.9997511853809613, -0.022306217280453, -0.1400000000048486, -2.743982489928266e-11, 0.022306217280452817, 0.9997511853809612, 5.2725879218229466e-11, 0.0, 0.0, 0.0, 1.0]}, {"left_foot_pose": [1.0000000000000004, 2.734658317426182e-13, 3.893507738439439e-11, -7.048835215743536e-12, -1.1036390245819967e-13, 0.9999912617268123, -0.004180486816021582, 3.778366508555564e-12, -3.893631236941826e-11, 0.00418048681602131, 0.9999912617268124, 8.764538400596322e-11, 0.0, 0.0, 0.0, 1.0], "right_foot_pose": [1.0, 1.590230310873669e-12, 3.902944634148752e-11, -6.530273806677314e-12, -5.361278700115445e-13, 0.9996356540934428, -0.026991833305185974, -0.1400000000060653, -3.90583725481969e-11, 0.026991833305185797, 0.9996356540934427, 7.598237317107959e-11, 0.0, 0.0, 0.0, 1.0]}, {"left_foot_pose": [1.0000000000000002, 8.008865427276562e-13, 5.2760074087387914e-11, -9.500301972058042e-12, -2.894438218300521e-13, 0.9999530823881881, -0.009686744673120837, 6.075487335444052e-12, -5.276552841248833e-11, 0.009686744673120569, 0.9999530823881881, 1.187486498022139e-10, 0.0, 0.0, 0.0, 1.0], "right_foot_pose": [1.0, 2.588003485694234e-12, 5.2980231313171076e-11, -8.964547880030092e-12, -8.643921594029005e-13, 0.9994715261394482, -0.03250643684691269, -0.14000000000717783, -5.303641331030571e-11, 0.03250643684691251, 0.9994715261394483, 1.040556529829928e-10, 0.0, 0.0, 0.0, 1.0]}, {"left_foot_pose": [1.0000000000000004, 1.7092468664150568e-12, 6.941680563699035e-11, -1.2446222230020796e-11, -5.950282408287101e-13, 0.9998713003864417, -0.01604315005001367, 9.218880867023493e-12, -6.943546361398663e-11, 0.0160431500500134, 0.9998713003864415, 1.566743262904069e-10, 0.0, 0.0, 0.0, 1.0], "right_foot_pose": [1.0, 4.067806518892146e-12, 6.984041123203608e-11, -1.1935943828328668e-11, -1.3495971625073348e-12, 0.9992440583381198, -0.0388755948631545, -0.14000000000808574, -6.994582280892659e-11, 0.03887559486315433, 0.9992440583381201, 1.3807602283755216e-10, 0.0, 0.0, 0.0, 1.0]}, {"left_foot_pose": [1.0000000000000004, 3.1746420089219703e-12, 8.96493435043055e-11, -1.601630024441201e-11, -1.085084493792321e-12, 0.9997286399962192, -0.02329477132986974, 1.350211609185692e-11, -8.969923731234404e-11, 0.023294771329869467, 0.9997286399962193, 2.034243329340768e-10, 0.0, 0.0, 0.0, 1.0], "right_foot_pose": [0.9999999999999996, 6.235983273030422e-12, 9.0388307949496e-11, -1.5591381081164303e-11, -2.0582437920860433e-12, 0.9989347133014771, -0.04614584012991381, -0.14000000000863852, -9.057979941593907e-11, 0.046145840129913636, 0.998934713301477, 1.7963122656006192e-10, 0.0, 0.0, 0.0, 1.0]}, {"left_foot_pose": [1.0000000000000002, 5.453781034286574e-12, 1.144860872770436e-10, -2.0390241916342912e-11, -1.843610476614392e-12, 0.9995035274495626, -0.031507120082326846, 1.9337718926148995e-11, -1.146011801410821e-10, 0.031507120082326576, 0.9995035274495626, 2.6183451934391755e-10, 0.0, 0.0, 0.0, 1.0], "right_foot_pose": [0.9999999999999998, 9.392748322102718e-12, 1.1570183700015942e-10, -2.0135493496883995e-11, -3.0864170015725988e-12, 0.9985200672805568, -0.05438451285092745, -0.14000000000860827, -1.1604140453971992e-10, 0.05438451285092727, 0.9985200672805565, 2.3095331203037972e-10, 0.0, 0.0, 0.0, 1.0]}, {"left_foot_pose": [1.0000000000000004, 8.920993338061519e-12, 1.4524886848832337e-10, -2.580030045317909e-11, -2.9921396506699545e-12, 0.9991687535269508, -0.04076520545024049, 2.7285526268960858e-11, -1.4549204409369906e-10, 0.0407652054502402, 0.999168753526951, 3.357331565534416e-10, 0.0, 0.0, 0.0, 1.0], "right_foot_pose": [0.9999999999999999, 1.39719919388903e-11, 1.4717599361446782e-10, -2.5836093951182875e-11, -4.571580195354469e-12, 0.997970438332524, -0.0636789149906782, -0.14000000000764193, -1.4776698833965901e-10, 0.06367891499067801, 0.9979704383325241, 2.9498277431816433e-10, 0.0, 0.0, 0.0, 1.0]}, {"left_foot_pose": [1.0000000000000007, 1.4114890203716116e-11, 1.8354456843283605e-10, -3.253268056926679e-11, -4.703748194173274e-12, 0.998689863220691, -0.051171838937433184, 3.807317655590836e-11, -1.8402639351650053e-10, 0.0511718389374329, 0.9986898632206911, 4.3013964612370614e-10, 0.0, 0.0, 0.0, 1.0], "right_foot_pose": [0.9999999999999998, 2.0591325594127376e-11, 1.865219090291247e-10, -3.302737981715203e-11, -6.706846829885582e-12, 0.9972482348356116, -0.07413472949473027, -0.14000000000520227, -1.875352935711151e-10, 0.07413472949473009, 0.9972482348356119, 3.7542768199783083e-10, 0.0, 0.0, 0.0, 1.0]}, {"left_foot_pose": [1.0000000000000007, 2.1781132055921302e-11, 2.3110158231531805e-10, -4.090489910095762e-11, -7.214412384299362e-12, 0.9980233676950199, -0.06284391406247894, 5.2560539254287164e-11, -2.3201366872701964e-10, 0.06284391406247865, 0.9980233676950202, 5.512307971189401e-10, 0.0, 0.0, 0.0, 1.0], "right_foot_pose": [0.9999999999999998, 3.0094927057492436e-11, 2.3561114170789195e-10, -4.208620536037988e-11, -9.751208379284467e-12, 0.9963061418803467, -0.08587241496253831, -0.14000000000050333, -2.373252915637388e-10, 0.08587241496253814, 0.9963061418803466, 4.765575989384985e-10, 0.0, 0.0, 0.0, 1.0]}, {"left_foot_pose": [1.0000000000000007, 3.2891818571207056e-11, 2.894764428162938e-10, -5.1226832584011375e-11, -1.0824587326648368e-11, 0.9971152413088911, -0.07590253980936851, 7.160689229068762e-11, -2.9113813235464223e-10, 0.0759025398093682, 0.9971152413088913, 7.061446011258354e-10, 0.0, 0.0, 0.0, 1.0], "right_foot_pose": [0.9999999999999998, 4.3569738412883347e-11, 2.9618674179943107e-10, -5.338361116854615e-11, -1.4027928016562599e-11, 0.995085701513227, -0.09901740576246752, -0.13999999999248017, -2.990455099472349e-10, 0.09901740576246733, 0.995085701513227, 6.027911295114485e-10, 0.0, 0.0, 0.0, 1.0]}, {"left_foot_pose": [1.0000000000000004, 4.849739406691458e-11, 3.5882757876137734e-10, -6.360983134132012e-11, -1.5843308944083128e-11, 0.9959012498314329, -0.09044722540902539, 9.55450839973393e-11, -3.617435084534952e-10, 0.09044722540902508, 0.995901249831433, 9.006373494213626e-10, 0.0, 0.0, 0.0, 1.0], "right_foot_pose": [1.0, 6.215879768911891e-11, 3.686051464057979e-10, -6.705852718478564e-11, -1.9854953928360545e-11, 0.9935180837090184, -0.11367417183846101, -0.1399999999799057, -3.732819233861794e-10, 0.11367417183846085, 0.9935180837090184, 7.563916576414087e-10, 0.0, 0.0, 0.0, 1.0]}, {"left_foot_pose": [1.0000000000000007, 6.892490571148316e-11, 4.339391623808796e-10, -7.730702042670175e-11, -2.232053602503888e-11, 0.994313307871838, -0.10649434627699479, 1.2253599870892806e-10, -4.388117553221034e-10, 0.10649434627699447, 0.9943133078718384, 1.1293190688155264e-09, 0.0, 0.0, 0.0, 1.0], "right_foot_pose": [0.9999999999999997, 8.609830942343327e-11, 4.477026527283097e-10, -8.225255139570386e-11, -2.7228706905191362e-11, 0.9915318143522364, -0.12986401013122284, -0.1399999999621066, -4.5509276245728354e-10, 0.12986401013122267, 0.9915318143522363, 9.291775682207515e-10, 0.0, 0.0, 0.0, 1.0]}, {"left_foot_pose": [1.0000000000000004, 9.099523776334874e-11, 4.936763220442214e-10, -8.886731477607829e-11, -2.9158026130993786e-11, 0.992302316186934, -0.1238390620525165, 1.4442621057431104e-10, -5.011451092423088e-10, 0.12383906205251624, 0.9923023161869341, 1.3450831629069349e-09, 0.0, 0.0, 0.0, 1.0], "right_foot_pose": [1.0, 1.1143498900848927e-10, 5.117047341407493e-10, -9.501538798916719e-11, -3.4800433563834064e-11, 0.9890792128357118, -0.14738490674519197, -0.13999999994150072, -5.225402442848053e-10, 0.14738490674519178, 0.9890792128357117, 1.0788122964400237e-09, 0.0, 0.0, 0.0, 1.0]}, {"left_foot_pose": [1.0000000000000007, 1.0236014275330254e-10, 4.863974778501738e-10, -8.928572981944768e-11, -3.2394451077428294e-11, 0.989906802449757, -0.14171987321366988, 1.417615642929082e-10, -4.95994772499332e-10, 0.14171987321366955, 0.9899068024497574, 1.4035043197080377e-09, 0.0, 0.0, 0.0, 1.0], "right_foot_pose": [0.9999999999999999, 1.234872159750408e-10, 5.065405317417054e-10, -9.521413558397812e-11, -3.7967405778222856e-11, 0.9862147536696121, -0.16547041924279585, -0.13999999992883977, -5.199912118644229e-10, 0.16547041924279568, 0.9862147536696121, 1.0912231604431888e-09, 0.0, 0.0, 0.0, 1.0]}, {"left_foot_pose": [1.0000000000000004, 1.1442647838038405e-10, 4.929289199040433e-10, -2.6568497339531437e-10, -3.472737174338964e-11, 0.9873203114096896, -0.15874067745185796, -2.0922118829092007e-09, -5.048430799335957e-10, 0.15874067745185771, 0.9873203114096896, 0.0006652983874869817, 0.0, 0.0, 0.0, 1.0], "right_foot_pose": [0.9999999999999999, 1.0253935221711121e-10, 3.834201289798495e-10, -6.665992388913946e-11, -3.099350323461187e-11, 0.9832751655119994, -0.18212618946035836, -0.1400000000339448, -3.956827025188396e-10, 0.1821261894603582, 0.9832751655119993, 7.454240696924685e-10, 0.0, 0.0, 0.0, 1.0]}, {"left_foot_pose": [1.0000000000000004, 1.5331593304272506e-10, 5.966725447059644e-10, -1.2952809495637772e-09, -4.506556351170126e-11, 0.9841479178080127, -0.17734958661963154, -8.388263403324991e-09, -6.144047535780134e-10, 0.17734958661963127, 0.9841479178080127, 0.005805008998814171, 0.0, 0.0, 0.0, 1.0], "right_foot_pose": [0.9999999999999997, 6.944926474587917e-11, 2.4216728622405945e-10, -1.0339048967441168e-11, -2.065698721683988e-11, 0.9806191784428765, -0.19592352301349222, -0.14000000016329653, -2.5108078842042436e-10, 0.19592352301349203, 0.9806191784428763, 4.206508960602484e-10, 0.0, 0.0, 0.0, 1.0]}, {"left_foot_pose": [1.0000000000000002, 1.6574693019577627e-10, 5.816402914859933e-10, -1.742443691827377e-09, -4.812712741978982e-11, 0.9804726223083887, -0.19665563023649438, -1.0139427939620527e-08, -6.028776146075642e-10, 0.19665563023649416, 0.9804726223083886, 0.013875958628484432, 0.0, 0.0, 0.0, 1.0], "right_foot_pose": [0.9999999999999998, 3.539535666176994e-11, 1.1749529127413875e-10, 2.390335104710492e-11, -1.0407016708923952e-11, 0.9785096168542353, -0.2062011874936175, -0.1400000001697815, -1.2226889025494195e-10, 0.20620118749361727, 0.978509616854235, 2.2705386876209488e-10, 0.0, 0.0, 0.0, 1.0]}, {"left_foot_pose": [1.0000000000000002, 1.1575006338143359e-10, 3.7449177092696366e-10, -1.368452508252799e-09, -3.293692249022841e-11, 0.9768391081221808, -0.21397513136592244, -6.88718033992064e-09, -3.9058575731922595e-10, 0.21397513136592225, 0.9768391081221806, 0.022282771193559155, 0.0, 0.0, 0.0, 1.0], "right_foot_pose": [1.0, 9.984356578996543e-12, 3.21472848341386e-11, 2.7593500780487885e-11, -2.9215575772264113e-12, 0.9771392715998005, -0.21260019731272992, -0.14000000009077754, -3.353508318179853e-11, 0.21260019731272964, 0.9771392715998006, 8.806273765760153e-11, 0.0, 0.0, 0.0, 1.0]}, {"left_foot_pose": [1.0000000000000007, 1.9435033775387052e-11, 6.149702969082647e-11, -4.0749136199849857e-10, -5.098428826312081e-12, 0.9743548677836164, -0.2250168696484175, -1.6141636291489014e-09, -6.429309845420802e-11, 0.22501686964841722, 0.9743548677836164, 0.02843007492306622, 0.0, 0.0, 0.0, 1.0], "right_foot_pose": [0.9999999999999996, 3.7158961551968885e-14, -4.829470157119621e-15, 1.2048605992863635e-11, -3.729346853733175e-14, 0.9766476765878279, -0.21484719177964057, -0.1400000000022419, -3.383100230121539e-15, 0.21484719177964037, 0.9766476765878277, 6.133774044236873e-12, 0.0, 0.0, 0.0, 1.0]}, {"left_foot_pose": [1.0000000000000007, 1.370202832654973e-11, 4.1776804238224695e-11, -3.0327707360932318e-12, -3.9583999931326276e-12, 0.9743990714436384, -0.22482537572475284, 2.4020268413194046e-11, -4.378805825890729e-11, 0.2248253757247526, 0.9743990714436386, 0.030000000074311327, 0.0, 0.0, 0.0, 1.0], "right_foot_pose": [0.9999999999999998, 9.69686600172323e-12, 3.088079791879745e-11, -4.909180080314512e-12, -2.906899304429552e-12, 0.9771194056283632, -0.2126914834789453, -0.1399999999897222, -3.223667643443815e-11, 0.21269148347894512, 0.9771194056283631, 5.697487620581754e-11, 0.0, 0.0, 0.0, 1.0]}, {"left_foot_pose": [1.0000000000000007, 5.113893553445555e-11, 1.6081191933636683e-10, -1.5408383009824546e-11, -1.4947004852417518e-11, 0.9760723660507528, -0.21744593864242692, 8.096455450523621e-11, -1.6808426093922994e-10, 0.21744593864242662, 0.9760723660507531, 0.030000000301779503, 0.0, 0.0, 0.0, 1.0], "right_foot_pose": [0.9999999999999998, 3.600799246281592e-11, 1.1853562575936373e-10, -2.041086072227552e-11, -1.0777779985163076e-11, 0.9784860050699408, -0.20631320336388634, -0.1399999999681256, -1.2341458377612569e-10, 0.20631320336388617, 0.9784860050699405, 2.358990294770713e-10, 0.0, 0.0, 0.0, 1.0]}, {"left_foot_pose": [1.0000000000000002, 1.1019586961022867e-10, 3.663843672896386e-10, -3.824170634359091e-11, -3.269568880965534e-11, 0.9787347054529694, -0.2051301448882887, 1.7202360716450649e-10, -3.811977998021644e-10, 0.20513014488828846, 0.9787347054529694, 0.03000000069197256, 0.0, 0.0, 0.0, 1.0], "right_foot_pose": [1.0, 7.749675124268402e-11, 2.6882629455826604e-10, -4.7367647919453585e-11, -2.338951095677334e-11, 0.9806642217943069, -0.1956979409512699, -0.13999999993670784, -2.7879428885748145e-10, 0.19569794095126972, 0.9806642217943068, 5.436208011522226e-10, 0.0, 0.0, 0.0, 1.0]}, {"left_foot_pose": [1.0000000000000002, 2.876366560277244e-10, 1.0498344971132615e-09, -5.134203313225602e-10, -8.776490179727312e-11, 0.9826211815023429, -0.1856222337516195, -3.753792540694967e-09, -1.0849815816892332e-09, 0.18562223375161924, 0.9826211815023428, 0.028526429824780382, 0.0, 0.0, 0.0, 1.0], "right_foot_pose": [0.9999999999999998, 1.34829466705135e-10, 5.063555685858027e-10, -9.171847077172875e-11, -4.121210178436539e-11, 0.983573064550278, -0.1805104614452441, -0.14000000008128688, -5.223759302869163e-10, 0.18051046144524385, 0.983573064550278, 9.814817847342283e-10, 0.0, 0.0, 0.0, 1.0]}, {"left_foot_pose": [1.0000000000000004, 4.0250017358036333e-10, 1.7405072938458873e-09, -1.5329306086304578e-09, -1.262055105161319e-10, 0.9877704116856587, -0.15591540590443664, -1.0370515779456468e-08, -1.781977728444847e-09, 0.15591540590443634, 0.9877704116856589, 0.02246354274742346, 0.0, 0.0, 0.0, 1.0], "right_foot_pose": [0.9999999999999998, 1.949357998134339e-10, 8.224670389189715e-10, -1.3785520889432695e-10, -6.057138756898017e-11, 0.9870679462720783, -0.16030243118001028, -0.14000000032336904, -8.430796533577052e-10, 0.16030243118001009, 0.9870679462720778, 1.6357106016884337e-09, 0.0, 0.0, 0.0, 1.0]}, {"left_foot_pose": [1.0000000000000004, 3.652802733219417e-10, 2.0216130991457182e-09, -1.9029659655602116e-09, -1.1779200666093786e-10, 0.9926413617004918, -0.12109139953520298, -1.3148311977378979e-08, -2.050969350106296e-09, 0.12109139953520272, 0.9926413617004919, 0.014080079103991887, 0.0, 0.0, 0.0, 1.0], "right_foot_pose": [0.9999999999999998, 2.4054392360967957e-10, 1.2007868033236933e-09, -1.943104065749672e-10, -7.612590992384921e-11, 0.9908334786415015, -0.13508892479837603, -0.14000000049261999, -1.2222747498651783e-09, 0.13508892479837584, 0.9908334786415014, 2.4427898939749504e-09, 0.0, 0.0, 0.0, 1.0]}, {"left_foot_pose": [1.0000000000000007, 2.6104906347184856e-10, 2.0531812916502145e-09, -1.4692808607510163e-09, -8.626899156209863e-11, 0.9964090707726829, -0.08466973297418379, -1.0513130633410528e-08, -2.0679116063653288e-09, 0.0846697329741835, 0.996409070772683, 0.005971411734641781, 0.0, 0.0, 0.0, 1.0], "right_foot_pose": [0.9999999999999997, 2.513669612937028e-10, 1.608964350641172e-09, -2.662622580846155e-10, -8.097658851756046e-11, 0.9944683754911906, -0.10503642295847834, -0.14000000050216163, -1.6264670662754649e-09, 0.10503642295847816, 0.9944683754911906, 3.2958126991444736e-09, 0.0, 0.0, 0.0, 1.0]}, {"left_foot_pose": [1.0000000000000002, 1.46090384734049e-10, 2.0229018460327072e-09, -5.698283486515432e-10, -4.878354073389889e-11, 0.9988464163030475, -0.048019127840474816, -3.659462852537154e-09, -2.027583343253536e-09, 0.04801912784047454, 0.9988464163030475, 0.0007329184417226506, 0.0, 0.0, 0.0, 1.0], "right_foot_pose": [1.0, 2.058914327819781e-10, 1.9505475012948624e-09, -3.3777011476891785e-10, -6.732870843641204e-11, 0.9974924364077693, -0.07077315387413759, -0.1400000002804561, -1.9602279868358785e-09, 0.07077315387413739, 0.9974924364077694, 3.966180127379371e-09, 0.0, 0.0, 0.0, 1.0]}, {"left_foot_pose": [1.0000000000000007, 3.481957966468529e-11, 2.05481343051872e-09, -3.4247681695000645e-10, -1.1560130742065261e-11, 0.9999359465993943, -0.011318246258757, 3.795662048555748e-10, -2.0550762182389536e-09, 0.011318246258756728, 0.9999359465993947, 4.27140991327013e-09, 0.0, 0.0, 0.0, 1.0], "right_foot_pose": [0.9999999999999998, 1.0558631318274402e-10, 2.0680954726515202e-09, -3.605336346471795e-10, -3.491742132138246e-11, 0.9994170188144859, -0.034141214154823886, -0.14000000015725353, -2.0704947638319755e-09, 0.03414121415482369, 0.999417018814486, 4.217618608526319e-09, 0.0, 0.0, 0.0, 1.0]}, {"left_foot_pose": [1.0000000000000004, -7.242792160631951e-11, 1.92585153380165e-09, -3.281416632531962e-10, 2.3718500992365275e-11, 0.9996803956707048, 0.02528055599990066, 2.1457555003656648e-10, -1.9270673140836574e-09, -0.025280555999900922, 0.999680395670705, 3.903945694494482e-09, 0.0, 0.0, 0.0, 1.0], "right_foot_pose": [0.9999999999999998, -6.9458306768019254e-12, 1.9191521150041524e-09, -3.331590098398405e-10, 2.203920689144808e-12, 0.9999969474497192, 0.0024708482841570463, -0.14000000028358722, -1.9191635197535467e-09, -0.002470848284157227, 0.9999969474497192, 4.0411357940528525e-09, 0.0, 0.0, 0.0, 1.0]}, {"left_foot_pose": [1.0000000000000007, -1.3710810239967383e-10, 1.5526304686375199e-09, -2.705952800308612e-10, 4.467499754137449e-11, 0.9982355923885852, 0.05937762279353492, 6.617497869121358e-11, -1.5580322414428033e-09, -0.05937762279353519, 0.9982355923885855, 3.1179874793174633e-09, 0.0, 0.0, 0.0, 1.0], "right_foot_pose": [1.0, -8.340871560004199e-11, 1.5330619551612305e-09, -2.6668972993313e-10, 2.742570475734283e-11, 0.9993343490119327, 0.03648093865152681, -0.1400000003191463, -1.535084317486731e-09, -0.036480938651526996, 0.9993343490119327, 3.3784185518581644e-09, 0.0, 0.0, 0.0, 1.0]}, {"left_foot_pose": [1.0000000000000007, -1.486170646657482e-10, 1.1180480985473225e-09, 9.40040145648987e-11, 4.867495698197015e-11, 0.9960437508704777, 0.08886420174553061, 3.11099536756676e-10, -1.1268316832711188e-09, -0.08886420174553089, 0.9960437508704779, 2.200400035790029e-09, 0.0, 0.0, 0.0, 1.0], "right_foot_pose": [0.999998936315057, 0.0014552149961587191, 9.858026878727734e-05, -1.386073199135206e-09, -0.001458550097634159, 0.997740257156593, 0.06717329737855894, -0.14007292092967266, -6.059130436403309e-07, -0.0671733697115948, 0.9977413183792793, 0.002554027396044302, 0.0, 0.0, 0.0, 1.0]}, {"left_foot_pose": [1.0000000000000007, -1.2118512407738794e-10, 6.995507506601965e-10, 3.293113786564478e-10, 4.130133175191728e-11, 0.9935856301323315, 0.11308225145679805, 3.536330854883585e-10, -7.087676753728271e-10, -0.11308225145679832, 0.9935856301323317, 1.4342607518313955e-09, 0.0, 0.0, 0.0, 1.0], "right_foot_pose": [0.9999823248209413, 0.005917650215561892, 0.0005757270457688235, -3.299468884348784e-09, -0.0059455902111683325, 0.9953100377046508, 0.09655350227416747, -0.1402972684826543, -1.657054085867493e-06, -0.09655521871081389, 0.9953276293447102, 0.009396444303173046, 0.0, 0.0, 0.0, 1.0]}, {"left_foot_pose": [1.0000000000000007, -7.445597359274231e-11, 3.406966930796799e-10, 4.0359686179329976e-10, 2.8887809481739945e-11, 0.9912705945381455, 0.13184312042724328, 2.426252029147369e-10, -3.4753926024598137e-10, -0.13184312042724347, 0.9912705945381455, 8.193332748374083e-10, 0.0, 0.0, 0.0, 1.0], "right_foot_pose": [0.9999165127506243, 0.012820752446389085, 0.001611159625476001, -4.508608753564991e-09, -0.012921591230708301, 0.9921416711377083, 0.12445053986279893, -0.14064608145633342, -2.9490398889368798e-06, -0.12446096857563048, 0.9922245044809764, 0.017948746442511, 0.0, 0.0, 0.0, 1.0]}, {"left_foot_pose": [1.0000000000000007, -2.6587247592990946e-11, 6.193273671684148e-11, 3.4490214964840066e-10, 1.7318934280729002e-11, 0.9894152496652525, 0.14511190071750446, 6.913960029497623e-11, -6.513568130096123e-11, -0.14511190071750468, 0.9894152496652528, 3.5643612367186606e-10, 0.0, 0.0, 0.0, 1.0], "right_foot_pose": [0.999761530352844, 0.021593866797180186, 0.003253819799104003, -3.810473664085743e-09, -0.02183763742733646, 0.9886303419361553, 0.14877219026011773, -0.1410919523809627, -4.258120985095885e-06, -0.14880776834542667, 0.988866142641117, 0.02561556078662805, 0.0, 0.0, 0.0, 1.0]}, {"left_foot_pose": [1.0000000000000002, 7.180351543393593e-12, -1.215079148408906e-10, 1.8889782057441396e-10, 1.1476600431120833e-11, 0.9882496721511975, 0.1528482433430351, -5.97861152945578e-11, 1.2117737298679147e-10, -0.15284824334303534, 0.9882496721511974, 9.439230647112495e-11, 0.0, 0.0, 0.0, 1.0], "right_foot_pose": [0.9994832422665013, 0.03170035081720157, 0.0053231744766034424, -9.761537718823519e-10, -0.032144181441783964, 0.9857100583635331, 0.16535547296777783, -0.14160747084662167, -5.280121389347073e-06, -0.1654411333345678, 0.9862196668963229, 0.029801513336872656, 0.0, 0.0, 0.0, 1.0]}, {"left_foot_pose": [1.0000000000000002, 1.5853581353968754e-11, -1.9476342760782506e-10, 2.0695823505450832e-11, 1.454506031798891e-11, 0.9878998082848853, 0.15509341955959252, -7.043424784386465e-11, 1.948652396768491e-10, -0.1550934195595927, 0.9878998082848854, 2.534686349697779e-11, 0.0, 0.0, 0.0, 1.0], "right_foot_pose": [0.9990624931128052, 0.042646098043484314, 0.00744615181765096, -1.6010896981052264e-10, -0.04329127882010219, 0.98419614010649, 0.17170854078235573, -0.1421652241549142, -5.774612471049494e-06, -0.17186991627725703, 0.9851196535677799, 0.030000000267086907, 0.0, 0.0, 0.0, 1.0]}, {"left_foot_pose": [1.0000000000000002, -2.2631716286055895e-12, -1.6163193006235585e-10, -1.603576788346024e-10, 2.682126215871456e-11, 0.988365232685829, 0.15209920058267196, -7.548029996168326e-11, 1.5940707765693093e-10, -0.1520992005826722, 0.9883652326858291, 1.1586500509030984e-10, 0.0, 0.0, 0.0, 1.0], "right_foot_pose": [0.9985012368393207, 0.05391248457961392, 0.009419343756331987, -7.406371138130377e-11, -0.054729151252516886, 0.9836198303384053, 0.17174617715752938, -0.1427378089553125, -5.790179889516277e-06, -0.17200428300335804, 0.9850962016955374, 0.030000000214150203, 0.0, 0.0, 0.0, 1.0]}, {"left_foot_pose": [1.0000000000000002, -4.577113774627445e-11, -1.7188916956455648e-11, -3.575273276735696e-10, 4.776761072424686e-11, 0.9896050830503187, 0.1438116114956399, -5.108982941565143e-11, 1.0427554037458253e-11, -0.1438116114956401, 0.9896050830503186, 3.904129380893906e-10, 0.0, 0.0, 0.0, 1.0], "right_foot_pose": [0.9978256475386279, 0.06499619005644354, 0.01093034273313602, 3.5993812308931714e-10, -0.06590885438085606, 0.9840217701494227, 0.1654000567901936, -0.14329781830078586, -5.321678118408232e-06, -0.16576082513713214, 0.9861659844171956, 0.029910817571236446, 0.0, 0.0, 0.0, 1.0]}, {"left_foot_pose": [1.0000000000000002, -1.0863693969584655e-10, 2.508807050993788e-10, -5.574167933755431e-10, 7.512206311515335e-11, 0.9915244863416438, 0.12991994837183538, 1.9180998369477953e-10, -2.628687481904095e-10, -0.1299199483718356, 0.9915244863416438, 9.228476663403207e-10, 0.0, 0.0, 0.0, 1.0], "right_foot_pose": [0.9970862102586301, 0.07543127011252339, 0.011367180885944156, -1.1977765090528947e-10, -0.07628295545875281, 0.9859623362960513, 0.14852333861083952, -0.14381784038304124, -4.308150637296205e-06, -0.1489576949836556, 0.9888435695733658, 0.026127194100279617, 0.0, 0.0, 0.0, 1.0]}, {"left_foot_pose": [1.0000000000000004, -1.7037878745181046e-10, 6.244247896525258e-10, -6.76162160296965e-10, 1.004351068682652e-10, 0.9938931055815429, 0.11034715527586812, 4.31812392266695e-10, -6.394125152957537e-10, -0.11034715527586844, 0.9938931055815431, 1.6654633644419548e-09, 0.0, 0.0, 0.0, 1.0], "right_foot_pose": [0.9963547999879243, 0.08465609242551567, 0.010509926558527614, -2.1271366802298394e-09, -0.08530599353028764, 0.9887683926850047, 0.12271900054564665, -0.144270473142761, -2.972137953440415e-06, -0.12316822497038148, 0.9923858062008003, 0.01864897179607524, 0.0, 0.0, 0.0, 1.0]}, {"left_foot_pose": [1.0000000000000007, -2.0642018346087906e-10, 1.081890466103634e-09, -6.989591953517355e-10, 1.1348118933781557e-10, 0.9963629618070117, 0.08521061165817302, 5.678718346252554e-10, -1.0955449513078197e-09, -0.08521061165817326, 0.9963629618070122, 2.5439823025941166e-09, 0.0, 0.0, 0.0, 1.0], "right_foot_pose": [0.9957187754603378, 0.09203722749160857, 0.008559728466649996, -2.9270267592074878e-09, -0.09243441022188414, 0.9914419023477536, 0.09218912124540445, -0.144628313345854, -1.6423502410744628e-06, -0.09258565236971322, 0.9957047237874174, 0.01007152507784858, 0.0, 0.0, 0.0, 1.0]}, {"left_foot_pose": [1.0000000000000004, -1.8773757932369164e-10, 1.5684459842013649e-09, -6.01853089968608e-10, 1.0140551821595755e-10, 0.9984938922766086, 0.0548629846646074, 5.127593159098831e-10, -1.5763839053738042e-09, -0.05486298466460768, 0.998493892276609, 3.433515444184465e-09, 0.0, 0.0, 0.0, 1.0], "right_foot_pose": [0.9952721040057181, 0.09695346921170934, 0.005784790043275087, -1.732608505018024e-09, -0.09712589246793643, 0.993505598126393, 0.059272147791559336, -0.14486395456957885, -5.80935958996017e-07, -0.05955376813713605, 0.9982250992137646, 0.0029902266268565514, 0.0, 0.0, 0.0, 1.0]}, {"left_foot_pose": [1.0000000000000004, -9.186818042183408e-11, 1.909141345013412e-09, -3.423175988201834e-10, 5.2814331405578386e-11, 0.9997909517823776, 0.02044633791387527, 1.998011860127047e-10, -1.910620810471377e-09, -0.02044633791387554, 0.9997909517823775, 3.962896753806344e-09, 0.0, 0.0, 0.0, 1.0], "right_foot_pose": [0.9951035254188838, 0.09880747314100508, 0.002461087239000036, -2.2207059043218014e-10, -0.09883811865322188, 0.9947949874128793, 0.02477820250342404, -0.14494998798593314, -5.670603738374859e-09, -0.024900125897244673, 0.9996899437977264, 4.682159799665464e-07, 0.0, 0.0, 0.0, 1.0]}, {"left_foot_pose": [1.0000000000000004, 2.62764577244178e-10, 1.113463155011369e-09, 2.8760813292054163e-09, -2.4528584359928206e-10, 0.9998772438011108, -0.01566835437098876, -5.220860202492794e-11, -1.1174437586190088e-09, 0.01566835437098849, 0.9998772438011109, 4.211574623769199e-09, 0.0, 0.0, 0.0, 1.0], "right_foot_pose": [0.9951035011785231, 0.0988321721801449, -0.0011062026936223051, 3.00114542137013e-09, -0.09883836270520252, 0.9950411749151972, -0.011137247466876318, -0.14494999981386392, -1.131303104705123e-09, 0.01119204921083778, 0.9999373670557883, 4.399195632776021e-09, 0.0, 0.0, 0.0, 1.0]}, {"left_foot_pose": [1.0000000000000004, 2.3173032367802017e-10, 1.288744833072282e-09, 1.999469677646992e-09, -1.6583674332606033e-10, 0.9987039214935773, -0.05089673067449471, 1.754744093085403e-10, -1.2988691144071576e-09, 0.05089673067449443, 0.9987039214935771, 3.898249889555672e-09, 0.0, 0.0, 0.0, 1.0], "right_foot_pose": [0.9951035011779936, 0.09873138154431864, -0.004597416845190354, 1.9940020043116014e-09, -0.09883836271052977, 0.9940264154169651, -0.04628675307256457, -0.14494999982694015, -1.2912530232014182e-09, 0.04651451119434653, 0.9989176143448217, 3.770086194621047e-09, 0.0, 0.0, 0.0, 1.0]}, {"left_foot_pose": [0.9999998455344747, 0.0005538539704226166, -4.6656267790223314e-05, 4.0215718369317056e-05, -0.0005558152442931585, 0.996570192539264, -0.08274987862027158, -1.9947731821606113e-06, 6.648969488817759e-07, 0.08274989177053264, 0.9965703464440051, 0.0005097168081347539, 0.0, 0.0, 0.0, 1.0], "right_foot_pose": [0.9951035011691614, 0.09853528923762112, -0.007734257284011357, -3.761129042760547e-10, -0.09883836279945617, 0.9920521590036641, -0.07786842656232247, -0.1449500001966445, -1.296903626954127e-09, 0.07825158523012207, 0.9969336434331891, 2.6810343875527387e-09, 0.0, 0.0, 0.0, 1.0]}, {"left_foot_pose": [0.9999791955696881, 0.006409332364682411, -0.0007272457904482621, 0.00046672980207089845, -0.006450458839446714, 0.9936545207233729, -0.1122901822367655, -2.313072075550704e-05, 2.925968109480241e-06, 0.1122925371725315, 0.9936751914417484, 0.005396172826374751, 0.0, 0.0, 0.0, 1.0], "right_foot_pose": [0.9951035011686296, 0.09829227554118088, -0.010375477380440553, -5.780700089615121e-10, -0.09883836280481104, 0.9896055000222477, -0.10446019511652031, -0.1449500004197608, -8.004382104767899e-10, 0.10497420109080842, 0.9944749454387206, 1.8159665368666644e-09, 0.0, 0.0, 0.0, 1.0]}, {"left_foot_pose": [0.999839726027494, 0.017725391451631694, -0.002516496603020731, 0.0012954623544565815, -0.017903134486435424, 0.989958159558878, -0.14022239513843904, -6.418878307971193e-05, 5.729501548270795e-06, 0.14024497431525412, 0.9901168350990138, 0.013366541331297395, 0.0, 0.0, 0.0, 1.0], "right_foot_pose": [0.9951035011696259, 0.09804569857311934, -0.012492515809935567, -6.190765382968477e-10, -0.09883836279477956, 0.987122966447446, -0.12577450915046995, -0.1449500004087412, -3.4765401737645633e-10, 0.12639339422336554, 0.9919801963228384, 1.1096338778382453e-09, 0.0, 0.0, 0.0, 1.0]}, {"left_foot_pose": [0.9994281490503151, 0.03334728729275058, -0.0055976169998171125, 0.0024470893230716514, -0.03381382573392688, 0.985681131067416, -0.16519483359626166, -0.00012123835214318188, 8.66588044899653e-06, 0.16528964361954335, 0.9862450677377443, 0.02182544222710678, 0.0, 0.0, 0.0, 1.0], "right_foot_pose": [0.9951035011711369, 0.09783004694601634, -0.014082040742927541, -5.280894944427461e-10, -0.09883836277956659, 0.9849517889741901, -0.14177782421661356, -0.1449500002433271, 2.313848613430548e-11, 0.14247545511800405, 0.9897983353637837, 5.602484379196859e-10, 0.0, 0.0, 0.0, 1.0]}, {"left_foot_pose": [0.9985903824899137, 0.0521686967472168, -0.009781363828503508, 0.003842286398708602, -0.053077753094137294, 0.9815264377918959, -0.18381676757584012, -0.00019035170848941477, 1.118599061972946e-05, 0.18407682905583067, 0.9829118581437633, 0.028177503030814538, 0.0, 0.0, 0.0, 1.0], "right_foot_pose": [0.9951035011723371, 0.09767186874288417, -0.015140277765918727, -3.2664878744578796e-10, -0.0988383627674819, 0.9833592531740956, -0.1524321397944966, -0.14495000002944555, 2.8653695280687325e-10, 0.1531821962669228, 0.988197963338744, 1.8332309281721137e-10, 0.0, 0.0, 0.0, 1.0]}, {"left_foot_pose": [0.9972146081405998, 0.07319655860451939, -0.01432791399493864, 0.0054017297094863925, -0.07458568998969368, 0.9786743735178294, -0.19139865586844343, -0.0002676045919717922, 1.2639321713334052e-05, 0.19193419296191253, 0.9814077977132178, 0.030000000085284036, 0.0, 0.0, 0.0, 1.0], "right_foot_pose": [0.9951035011726237, 0.09759015089576091, -0.01565836524443984, -5.050868100500705e-11, -0.09883836276459489, 0.9825365190866159, -0.15764823724726737, -0.1449499999089474, 4.204471664106028e-10, 0.15842396002277848, 0.9873711809095406, 3.584953167656835e-11, 0.0, 0.0, 0.0, 1.0]}, {"left_foot_pose": [0.9952622260458439, 0.09542382958031022, -0.01863851266867934, 0.007046096982259778, -0.09722706021523185, 0.9768290553700829, -0.1906617301576173, -0.0003490673336533877, 1.29682776018593e-05, 0.19157058577198197, 0.9814788385384601, 0.03000000008847093, 0.0, 0.0, 0.0, 1.0], "right_foot_pose": [0.9951035011717947, 0.09759084652547445, -0.015654029196251064, 2.1158313100698434e-10, -0.09883836277294245, 0.9825435225905428, -0.15760458197568958, -0.14494999990401272, 4.179185220072771e-10, 0.158380089941283, 0.9873782188757209, 4.253454533031942e-11, 0.0, 0.0, 0.0, 1.0]}, {"left_foot_pose": [0.992786582865212, 0.1178139385595345, -0.022241330084026942, 0.008696063568687473, -0.11989495707394353, 0.9755737776779752, -0.18406793195818497, -0.0004308073836573473, 1.2290384154477101e-05, 0.18540679649952432, 0.9826618541801301, 0.030000000288670774, 0.0, 0.0, 0.0, 1.0], "right_foot_pose": [0.9951035011700222, 0.0976724475517964, -0.015136543476124904, 4.470844055214085e-10, -0.0988383627907859, 0.9833650803775615, -0.15239454299570282, -0.1449499999000906, 2.8411011591628467e-10, 0.153144414469721, 0.9882038192178404, 2.20276484552695e-10, 0.0, 0.0, 0.0, 1.0]}, {"left_foot_pose": [0.9899394242772401, 0.13947288806532593, -0.02381700561288731, 0.010272304820082732, -0.14149182363006813, 0.9758263860517445, -0.16656208491439545, -0.0005088980186964756, 1.0367488604905781e-05, 0.1682562860041481, 0.9857432840819189, 0.028755334923785403, 0.0, 0.0, 0.0, 1.0], "right_foot_pose": [0.9951035011697817, 0.09787351368562909, -0.013776693306857204, 4.090400533476174e-10, -0.09883836279321012, 0.9853894111628195, -0.13870359190932802, -0.14495000007585102, -1.9556881954176667e-10, 0.13938609574495067, 0.9902381109172577, 6.378060718459366e-10, 0.0, 0.0, 0.0, 1.0]}, {"left_foot_pose": [0.9869651291474567, 0.15926969401735375, -0.02308675842477056, 0.011695498551534456, -0.1609342529967065, 0.9767637148550896, -0.14153731506171044, -0.0005794098583871768, 7.703061024422944e-06, 0.14340784466027084, 0.9896636752101996, 0.022909777353985465, 0.0, 0.0, 0.0, 1.0], "right_foot_pose": [0.9951035011679179, 0.09809399154788752, -0.012107468172753147, 4.524456052867887e-10, -0.09883836281197315, 0.9876091791597177, -0.12189785591271676, -0.1449500003291816, -5.438125350302897e-10, 0.1224976655355997, 0.9924688014936934, 1.3191434056203377e-09, 0.0, 0.0, 0.0, 1.0]}, {"left_foot_pose": [0.9841830209638177, 0.17602933393117107, -0.019936269517702988, 0.01288632060031518, -0.17715468163037276, 0.9779341947934623, -0.11072908123029063, -0.0006384068035811923, 4.793262201499655e-06, 0.1125094851530811, 0.9936506507458316, 0.014590974004880408, 0.0, 0.0, 0.0, 1.0], "right_foot_pose": [0.9951035011672843, 0.09834391086585739, -0.009874065030187052, 3.8266534429023946e-10, -0.09883836281835133, 0.990125363607634, -0.09941198306159192, -0.14495000053936813, -9.729080223672792e-10, 0.09990114882451837, 0.9949973670636225, 2.17446573247404e-09, 0.0, 0.0, 0.0, 1.0]}, {"left_foot_pose": [0.9819580445668579, 0.18850780533201786, -0.014940081637646943, 0.013765446778298983, -0.1890989124914215, 0.9788894606659426, -0.07756948557069675, -0.0006819570647440855, 2.2349709154611614e-06, 0.07899513355927022, 0.9968750016270643, 0.006394297911089836, 0.0, 0.0, 0.0, 1.0], "right_foot_pose": [0.9951035011689603, 0.09858327091536437, -0.007096524283372749, 1.772947108135553e-10, -0.09883836280147806, 0.9925352379474465, -0.07144773944170194, -0.14495000059787488, -1.4354744025495623e-09, 0.07179930451079454, 0.9974190994119606, 3.0841820555793653e-09, 0.0, 0.0, 0.0, 1.0]}, {"left_foot_pose": [0.9806600921415464, 0.19552648307827303, -0.008670530316905978, 0.014253553466222134, -0.19571863396392836, 0.9796974165986064, -0.04344177976684228, -0.0007061317181153923, 4.777355410697654e-07, 0.044298604098311684, 0.9990183350042751, 0.0009151258759469774, 0.0, 0.0, 0.0, 1.0], "right_foot_pose": [0.9951035011737146, 0.09876354059015031, -0.0038451270345597303, -1.5635347573941805e-10, -0.09883836275360976, 0.99435019177426, -0.038712713243558024, -0.14495000040760708, -1.8215741649025378e-09, 0.03890320254927399, 0.9992429838790012, 3.80749359124577e-09, 0.0, 0.0, 0.0, 1.0]}, {"left_foot_pose": [0.9804619561020055, 0.19670119713137063, -0.0017296484370772226, 0.014326618518436005, -0.19670880162471144, 0.9804240527223523, -0.008621148812583378, -0.0007097469592138115, -1.3616190073933895e-09, 0.008792945499921217, 0.999961341307471, 4.164629203995407e-09, 0.0, 0.0, 0.0, 1.0], "right_foot_pose": [0.9951035011952478, 0.09883783195126392, -0.00032385819870015567, -2.1260950248611077e-09, -0.09883836253681631, 0.9950981592208802, -0.003260614398593621, -0.1449499999978625, -1.3606109241314726e-09, 0.003276658418141612, 0.9999946317403963, 4.077755924591919e-09, 0.0, 0.0, 0.0, 1.0]}, {"left_foot_pose": [0.9804619560947305, 0.19663792187625265, 0.005280182864691739, 0.014326617455523757, -0.19670880166097218, 0.9801086677742783, 0.026318181981945975, -0.0007097472135466128, -3.8062690952823857e-10, -0.02684263463074038, 0.9996396715647504, 3.979082695282354e-09, 0.0, 0.0, 0.0, 1.0], "right_foot_pose": [0.9951035012021702, 0.09878694457188807, 0.0031877072219676293, -3.2165397379022714e-09, -0.09883836246712237, 0.9945858265470628, 0.032093795919361866, -0.14494999982837142, -3.835632295586165e-10, -0.032251716448068984, 0.9994797780776523, 4.080230465997037e-09, 0.0, 0.0, 0.0, 1.0]}, {"left_foot_pose": [0.9804619561067631, 0.1963485917548788, 0.011898871508516278, 0.014326619871787483, -0.19670880160099619, 0.9786665511257251, 0.059307917518482196, -0.000709747337224613, -1.456859460189282e-09, -0.06048976957763433, 0.9981688172731333, 3.184250120524812e-09, 0.0, 0.0, 0.0, 1.0], "right_foot_pose": [0.9951035011848153, 0.09862449746549962, 0.006498494394841618, -8.741911472053693e-10, -0.09883836264185132, 0.992950310010418, 0.06542675233031663, -0.14495000032112113, -1.454581842230091e-09, -0.06574869086067342, 0.9978362138397803, 3.574437731912461e-09, 0.0, 0.0, 0.0, 1.0]}, {"left_foot_pose": [0.9804619561170145, 0.195907084755603, 0.01774166705130977, 0.0143