{"LoopMode": "Wrap", "FrameDuration": 0.0167, "EnableCycleOffsetPosition": true, "EnableCycleOffsetRotation": false, "Debug_info": [{"left_foot_pose": [1.0000000000000007, -1.5562425160490754e-14, 1.2362333379201122e-12, -2.6688114559298185e-13, 2.4395386725284992e-15, 0.9999408014598001, 0.010880881211259142, -2.530614606754966e-13, -1.2366196155199088e-12, -0.010880881211259411, 0.9999408014598004, 3.4348149324792132e-12, 0.0, 0.0, 0.0, 1.0], "right_foot_pose": [0.9999999999999998, 2.6206523131267512e-14, 1.2240763958004661e-12, -1.5656526792311333e-13, -1.1567941327467412e-14, 0.9999289487940646, -0.01192045987354402, -0.1400000000005719, -1.2244000601405418e-12, 0.011920459873543838, 0.9999289487940646, 1.6518383882946353e-12, 0.0, 0.0, 0.0, 1.0]}, {"left_foot_pose": [1.0000000000000007, -5.657356465983958e-14, 4.574174372606878e-12, -8.927018517733202e-13, 1.316296498129938e-14, 0.999954283973848, 0.00956190160740721, -1.907952962287851e-13, -4.574658493255409e-12, -0.00956190160740748, 0.9999542839738484, 1.1185039006100794e-11, 0.0, 0.0, 0.0, 1.0], "right_foot_pose": [1.0, 9.828269378250299e-14, 4.552358490172991e-12, -6.814485046917345e-13, -3.7959846879917977e-14, 0.9999123531138202, -0.013239565339651926, -0.14000000000136828, -4.5533349632088635e-12, 0.013239565339651739, 0.9999123531138204, 7.731509876762743e-12, 0.0, 0.0, 0.0, 1.0]}, {"left_foot_pose": [1.0000000000000004, -9.893612359920533e-14, 1.0184852961003802e-11, -1.9138232927435386e-12, 2.403049963753761e-14, 0.9999727178721903, 0.007386711806051787, 1.989779868649677e-13, -1.0185537391745054e-11, -0.0073867118060520565, 0.9999727178721906, 2.3757454337136608e-11, 0.0, 0.0, 0.0, 1.0], "right_foot_pose": [0.9999999999999998, 2.4567422930632884e-13, 1.0160094987554656e-11, -1.6032925250676416e-12, -8.89798801107756e-14, 0.9998811775537972, -0.015415277280410528, -0.14000000000241378, -1.0162770328457907e-11, 0.015415277280410346, 0.999881177553797, 1.8525563028060077e-11, 0.0, 0.0, 0.0, 1.0]}, {"left_foot_pose": [1.0000000000000007, -9.770031947132162e-14, 1.7846391031639548e-11, -3.2909810685559956e-12, 2.0226823359805934e-14, 0.9999904969551515, 0.004359587066459218, 9.53568821127071e-13, -1.7846878681874847e-11, -0.00435958706645949, 0.9999904969551519, 4.074762749439742e-11, 0.0, 0.0, 0.0, 1.0], "right_foot_pose": [1.0, 5.057410931767386e-13, 1.7833012844192805e-11, -2.8919761624560643e-12, -1.7670182127540824e-13, 0.9998298990121071, -0.018443780562558774, -0.14000000000360552, -1.783937684086354e-11, 0.01844378056255859, 0.9998298990121071, 3.362726763711521e-11, 0.0, 0.0, 0.0, 1.0]}, {"left_foot_pose": [1.0000000000000004, 3.6199474277386226e-15, 2.740335736106659e-11, -4.997754537104984e-12, -1.6990988808195896e-14, 0.9999998749957851, 0.0005000084147121078, 2.1181025683381094e-12, -2.7403528890607973e-11, -0.0005000084147123783, 0.9999998749957852, 6.193732332571145e-11, 0.0, 0.0, 0.0, 1.0], "right_foot_pose": [0.9999999999999998, 9.29956569906773e-13, 2.7425894888466467e-11, -4.527445264463424e-12, -3.17911007840094e-13, 0.9997511853809613, -0.022306217280453, -0.1400000000048486, -2.743982489928266e-11, 0.022306217280452817, 0.9997511853809612, 5.2725879218229466e-11, 0.0, 0.0, 0.0, 1.0]}, {"left_foot_pose": [1.0000000000000004, 2.734658317426182e-13, 3.893507738439439e-11, -7.048835215743536e-12, -1.1036390245819967e-13, 0.9999912617268123, -0.004180486816021582, 3.778366508555564e-12, -3.893631236941826e-11, 0.00418048681602131, 0.9999912617268124, 8.764538400596322e-11, 0.0, 0.0, 0.0, 1.0], "right_foot_pose": [1.0, 1.590230310873669e-12, 3.902944634148752e-11, -6.530273806677314e-12, -5.361278700115445e-13, 0.9996356540934428, -0.026991833305185974, -0.1400000000060653, -3.90583725481969e-11, 0.026991833305185797, 0.9996356540934427, 7.598237317107959e-11, 0.0, 0.0, 0.0, 1.0]}, {"left_foot_pose": [1.0000000000000002, 8.008865427276562e-13, 5.2760074087387914e-11, -9.500301972058042e-12, -2.894438218300521e-13, 0.9999530823881881, -0.009686744673120837, 6.075487335444052e-12, -5.276552841248833e-11, 0.009686744673120569, 0.9999530823881881, 1.187486498022139e-10, 0.0, 0.0, 0.0, 1.0], "right_foot_pose": [1.0, 2.588003485694234e-12, 5.2980231313171076e-11, -8.964547880030092e-12, -8.643921594029005e-13, 0.9994715261394482, -0.03250643684691269, -0.14000000000717783, -5.303641331030571e-11, 0.03250643684691251, 0.9994715261394483, 1.040556529829928e-10, 0.0, 0.0, 0.0, 1.0]}, {"left_foot_pose": [1.0000000000000004, 1.7092468664150568e-12, 6.941680563699035e-11, -1.2446222230020796e-11, -5.950282408287101e-13, 0.9998713003864417, -0.01604315005001367, 9.218880867023493e-12, -6.943546361398663e-11, 0.0160431500500134, 0.9998713003864415, 1.566743262904069e-10, 0.0, 0.0, 0.0, 1.0], "right_foot_pose": [1.0, 4.067806518892146e-12, 6.984041123203608e-11, -1.1935943828328668e-11, -1.3495971625073348e-12, 0.9992440583381198, -0.0388755948631545, -0.14000000000808574, -6.994582280892659e-11, 0.03887559486315433, 0.9992440583381201, 1.3807602283755216e-10, 0.0, 0.0, 0.0, 1.0]}, {"left_foot_pose": [1.0000000000000004, 3.1746420089219703e-12, 8.96493435043055e-11, -1.601630024441201e-11, -1.085084493792321e-12, 0.9997286399962192, -0.02329477132986974, 1.350211609185692e-11, -8.969923731234404e-11, 0.023294771329869467, 0.9997286399962193, 2.034243329340768e-10, 0.0, 0.0, 0.0, 1.0], "right_foot_pose": [0.9999999999999996, 6.235983273030422e-12, 9.0388307949496e-11, -1.5591381081164303e-11, -2.0582437920860433e-12, 0.9989347133014771, -0.04614584012991381, -0.14000000000863852, -9.057979941593907e-11, 0.046145840129913636, 0.998934713301477, 1.7963122656006192e-10, 0.0, 0.0, 0.0, 1.0]}, {"left_foot_pose": [1.0000000000000002, 5.453781034286574e-12, 1.144860872770436e-10, -2.0390241916342912e-11, -1.843610476614392e-12, 0.9995035274495626, -0.031507120082326846, 1.9337718926148995e-11, -1.146011801410821e-10, 0.031507120082326576, 0.9995035274495626, 2.6183451934391755e-10, 0.0, 0.0, 0.0, 1.0], "right_foot_pose": [0.9999999999999998, 9.392748322102718e-12, 1.1570183700015942e-10, -2.0135493496883995e-11, -3.0864170015725988e-12, 0.9985200672805568, -0.05438451285092745, -0.14000000000860827, -1.1604140453971992e-10, 0.05438451285092727, 0.9985200672805565, 2.3095331203037972e-10, 0.0, 0.0, 0.0, 1.0]}, {"left_foot_pose": [1.0000000000000004, 8.920993338061519e-12, 1.4524886848832337e-10, -2.580030045317909e-11, -2.9921396506699545e-12, 0.9991687535269508, -0.04076520545024049, 2.7285526268960858e-11, -1.4549204409369906e-10, 0.0407652054502402, 0.999168753526951, 3.357331565534416e-10, 0.0, 0.0, 0.0, 1.0], "right_foot_pose": [0.9999999999999999, 1.39719919388903e-11, 1.4717599361446782e-10, -2.5836093951182875e-11, -4.571580195354469e-12, 0.997970438332524, -0.0636789149906782, -0.14000000000764193, -1.4776698833965901e-10, 0.06367891499067801, 0.9979704383325241, 2.9498277431816433e-10, 0.0, 0.0, 0.0, 1.0]}, {"left_foot_pose": [1.0000000000000007, 1.4114890203716116e-11, 1.8354456843283605e-10, -3.253268056926679e-11, -4.703748194173274e-12, 0.998689863220691, -0.051171838937433184, 3.807317655590836e-11, -1.8402639351650053e-10, 0.0511718389374329, 0.9986898632206911, 4.3013964612370614e-10, 0.0, 0.0, 0.0, 1.0], "right_foot_pose": [0.9999999999999998, 2.0591325594127376e-11, 1.865219090291247e-10, -3.302737981715203e-11, -6.706846829885582e-12, 0.9972482348356116, -0.07413472949473027, -0.14000000000520227, -1.875352935711151e-10, 0.07413472949473009, 0.9972482348356119, 3.7542768199783083e-10, 0.0, 0.0, 0.0, 1.0]}, {"left_foot_pose": [1.0000000000000007, 2.1781132055921302e-11, 2.3110158231531805e-10, -4.090489910095762e-11, -7.214412384299362e-12, 0.9980233676950199, -0.06284391406247894, 5.2560539254287164e-11, -2.3201366872701964e-10, 0.06284391406247865, 0.9980233676950202, 5.512307971189401e-10, 0.0, 0.0, 0.0, 1.0], "right_foot_pose": [0.9999999999999998, 3.0094927057492436e-11, 2.3561114170789195e-10, -4.208620536037988e-11, -9.751208379284467e-12, 0.9963061418803467, -0.08587241496253831, -0.14000000000050333, -2.373252915637388e-10, 0.08587241496253814, 0.9963061418803466, 4.765575989384985e-10, 0.0, 0.0, 0.0, 1.0]}, {"left_foot_pose": [1.0000000000000007, 3.2891818571207056e-11, 2.894764428162938e-10, -5.1226832584011375e-11, -1.0824587326648368e-11, 0.9971152413088911, -0.07590253980936851, 7.160689229068762e-11, -2.9113813235464223e-10, 0.0759025398093682, 0.9971152413088913, 7.061446011258354e-10, 0.0, 0.0, 0.0, 1.0], "right_foot_pose": [0.9999999999999998, 4.3569738412883347e-11, 2.9618674179943107e-10, -5.338361116854615e-11, -1.4027928016562599e-11, 0.995085701513227, -0.09901740576246752, -0.13999999999248017, -2.990455099472349e-10, 0.09901740576246733, 0.995085701513227, 6.027911295114485e-10, 0.0, 0.0, 0.0, 1.0]}, {"left_foot_pose": [1.0000000000000004, 4.849739406691458e-11, 3.5882757876137734e-10, -6.360983134132012e-11, -1.5843308944083128e-11, 0.9959012498314329, -0.09044722540902539, 9.55450839973393e-11, -3.617435084534952e-10, 0.09044722540902508, 0.995901249831433, 9.006373494213626e-10, 0.0, 0.0, 0.0, 1.0], "right_foot_pose": [1.0, 6.215879768911891e-11, 3.686051464057979e-10, -6.705852718478564e-11, -1.9854953928360545e-11, 0.9935180837090184, -0.11367417183846101, -0.1399999999799057, -3.732819233861794e-10, 0.11367417183846085, 0.9935180837090184, 7.563916576414087e-10, 0.0, 0.0, 0.0, 1.0]}, {"left_foot_pose": [1.0000000000000007, 6.892490571148316e-11, 4.339391623808796e-10, -7.730702042670175e-11, -2.232053602503888e-11, 0.994313307871838, -0.10649434627699479, 1.2253599870892806e-10, -4.388117553221034e-10, 0.10649434627699447, 0.9943133078718384, 1.1293190688155264e-09, 0.0, 0.0, 0.0, 1.0], "right_foot_pose": [0.9999999999999997, 8.609830942343327e-11, 4.477026527283097e-10, -8.225255139570386e-11, -2.7228706905191362e-11, 0.9915318143522364, -0.12986401013122284, -0.1399999999621066, -4.5509276245728354e-10, 0.12986401013122267, 0.9915318143522363, 9.291775682207515e-10, 0.0, 0.0, 0.0, 1.0]}, {"left_foot_pose": [1.0000000000000004, 9.099523776334874e-11, 4.936763220442214e-10, -8.886731477607829e-11, -2.9158026130993786e-11, 0.992302316186934, -0.1238390620525165, 1.4442621057431104e-10, -5.011451092423088e-10, 0.12383906205251624, 0.9923023161869341, 1.3450831629069349e-09, 0.0, 0.0, 0.0, 1.0], "right_foot_pose": [1.0, 1.1143498900848927e-10, 5.117047341407493e-10, -9.501538798916719e-11, -3.4800433563834064e-11, 0.9890792128357118, -0.14738490674519197, -0.13999999994150072, -5.225402442848053e-10, 0.14738490674519178, 0.9890792128357117, 1.0788122964400237e-09, 0.0, 0.0, 0.0, 1.0]}, {"left_foot_pose": [1.0000000000000007, 1.0236014275330254e-10, 4.863974778501738e-10, -8.928572981944768e-11, -3.2394451077428294e-11, 0.989906802449757, -0.14171987321366988, 1.417615642929082e-10, -4.95994772499332e-10, 0.14171987321366955, 0.9899068024497574, 1.4035043197080377e-09, 0.0, 0.0, 0.0, 1.0], "right_foot_pose": [0.9999999999999999, 1.234872159750408e-10, 5.065405317417054e-10, -9.521413558397812e-11, -3.7967405778222856e-11, 0.9862147536696121, -0.16547041924279585, -0.13999999992883977, -5.199912118644229e-10, 0.16547041924279568, 0.9862147536696121, 1.0912231604431888e-09, 0.0, 0.0, 0.0, 1.0]}, {"left_foot_pose": [1.0000000000000004, 1.1433018038256702e-10, 4.925257424126507e-10, -2.657068357478453e-10, -3.469685446846023e-11, 0.9873204899165735, -0.15873956718757457, -2.0917673010378834e-09, -5.044296328903191e-10, 0.15873956718757432, 0.9873204899165738, 0.0006652983875890042, 0.0, 0.0, 0.0, 1.0], "right_foot_pose": [0.9999999999999998, 1.0244119462111481e-10, 3.830593064968463e-10, -6.658709103137167e-11, -3.096313863158521e-11, 0.983275373173196, -0.1821250683215037, -0.14000000003395915, -3.9531011168307926e-10, 0.18212506832150357, 0.9832753731731958, 7.446767508190177e-10, 0.0, 0.0, 0.0, 1.0]}, {"left_foot_pose": [1.0000000000000004, 1.520557197779159e-10, 5.919807977150497e-10, -1.2971220801626187e-09, -4.467994080505777e-11, 0.9841544739439506, -0.17731320147159632, -8.373174889553248e-09, -6.095621831527641e-10, 0.1773132014715961, 0.9841544739439506, 0.005805009011690704, 0.0, 0.0, 0.0, 1.0], "right_foot_pose": [0.9999999999999997, 6.860325388520481e-11, 2.392723241761981e-10, -9.80043685880839e-12, -2.0403606451968614e-11, 0.98062633399322, -0.19588770527784022, -0.14000000016265682, -2.4807541505383734e-10, 0.19588770527784005, 0.9806263339932197, 4.1529391037187224e-10, 0.0, 0.0, 0.0, 1.0]}, {"left_foot_pose": [1.0000000000000004, 1.6222307203871774e-10, 5.699172245243714e-10, -1.7488179816527396e-09, -4.707729786894532e-11, 0.9805058510992398, -0.19648988767912798, -1.0087336126118895e-08, -5.906826490054262e-10, 0.19648988767912776, 0.98050585109924, 0.01387595865781989, 0.0, 0.0, 0.0, 1.0], "right_foot_pose": [0.9999999999999998, 3.394143241321695e-11, 1.1276246603131296e-10, 2.4632407275582527e-11, -9.978969687938001e-12, 0.9785425965728685, -0.2060446230611916, -0.14000000016729294, -1.1733650400155337e-10, 0.20604462306119145, 0.9785425965728685, 2.1967628410779483e-10, 0.0, 0.0, 0.0, 1.0]}, {"left_foot_pose": [1.0000000000000002, 1.1042940570476872e-10, 3.581857588308404e-10, -1.3792240527229987e-09, -3.138955649286111e-11, 0.9769312612231609, -0.21355399983359075, -6.803888282641557e-09, -3.735054798936783e-10, 0.21355399983359052, 0.9769312612231609, 0.022282771229580653, 0.0, 0.0, 0.0, 1.0], "right_foot_pose": [0.9999999999999998, 8.746619809042709e-12, 2.820349509491389e-11, 2.7945421830601742e-11, -2.5619966302783633e-12, 0.9772219870289139, -0.21221966936940911, -0.1400000000865453, -2.941732532991685e-11, 0.21221966936940892, 0.9772219870289136, 8.367347786863988e-11, 0.0, 0.0, 0.0, 1.0]}, {"left_foot_pose": [1.0000000000000007, 1.635316968852216e-11, 5.2267357109058985e-11, -4.1656221404964185e-10, -4.217995683205935e-12, 0.9745424082536626, -0.22420324376590256, -1.549613659612703e-09, -5.4603468603093975e-11, 0.2242032437659023, 0.9745424082536627, 0.028430074952567483, 0.0, 0.0, 0.0, 1.0], "right_foot_pose": [0.9999999999999998, 8.134364780986763e-14, 1.0813572259848983e-13, 1.1603598964208285e-11, -5.626187005567876e-14, 0.97680375328513, -0.21413646949570048, -0.13999999999825202, -1.2312781655616846e-13, 0.21413646949570028, 0.9768037532851301, 8.984181454341211e-12, 0.0, 0.0, 0.0, 1.0]}, {"left_foot_pose": [1.0000000000000002, 1.6891015423913795e-11, 5.1747106599719624e-11, -4.849834687021988e-12, -4.8978646959882546e-12, 0.9747037815520265, -0.22350064480484255, 2.8967214044106626e-11, -5.4213398763765815e-11, 0.22350064480484233, 0.9747037815520266, 0.030000000093035807, 0.0, 0.0, 0.0, 1.0], "right_foot_pose": [0.9999999999999997, 1.193533234804514e-11, 3.8230807408723364e-11, -6.5119808510122404e-12, -3.577650388666042e-12, 0.9773681472288865, -0.21154551468271196, -0.1399999999878157, -3.989045449404223e-11, 0.2115455146827118, 0.9773681472288868, 7.174247307339954e-11, 0.0, 0.0, 0.0, 1.0]}, {"left_foot_pose": [1.0000000000000002, 5.805981042024191e-11, 1.8411089319769657e-10, -1.9710705142844785e-11, -1.7021150488596373e-11, 0.976505838270652, -0.21549094603563404, 9.150773194743778e-11, -1.9229680135067286e-10, 0.2154909460356337, 0.976505838270652, 0.03000000034586301, 0.0, 0.0, 0.0, 1.0], "right_foot_pose": [0.9999999999999998, 4.086187566311909e-11, 1.3560985667737648e-10, -2.4091167751276936e-11, -1.2247959342764791e-11, 0.9788402852710537, -0.2046257460108149, -0.13999999996442722, -1.411017303239812e-10, 0.20462574601081474, 0.9788402852710536, 2.708322316413714e-10, 0.0, 0.0, 0.0, 1.0]}, {"left_foot_pose": [1.0000000000000004, 1.2107386829872347e-10, 4.0770303799675177e-10, -4.5881268413283056e-11, -3.604437506693059e-11, 0.9793009227258297, -0.20240973975661278, 1.8932830303519665e-10, -4.2377055010905083e-10, 0.20240973975661258, 0.9793009227258296, 0.030000000768760866, 0.0, 0.0, 0.0, 1.0], "right_foot_pose": [0.9999999999999999, 8.514435310369075e-11, 2.9884222874088054e-10, -5.371960258187326e-11, -2.5753917717139894e-11, 0.9811282498634086, -0.19335810642423304, -0.13999999993133339, -3.096659510242256e-10, 0.19335810642423287, 0.9811282498634086, 6.044836645124896e-10, 0.0, 0.0, 0.0, 1.0]}, {"left_foot_pose": [1.0000000000000007, 3.0133116642386714e-10, 1.1210208317180505e-09, -5.118215647185557e-10, -9.224552084781984e-11, 0.9832943088591239, -0.18202280671734208, -3.846833917381387e-09, -1.1571428390974467e-09, 0.18202280671734178, 0.983294308859124, 0.028526429904350344, 0.0, 0.0, 0.0, 1.0], "right_foot_pose": [0.9999999999999998, 1.4488432224597425e-10, 5.53412871084901e-10, -1.002817565461675e-10, -4.4409812642579574e-11, 0.9841385200202294, -0.1774017288878355, -0.14000000008355948, -5.703376518067128e-10, 0.17740172888783523, 0.9841385200202292, 1.0737853384235052e-09, 0.0, 0.0, 0.0, 1.0]}, {"left_foot_pose": [1.0000000000000007, 4.1095322194477367e-10, 1.8286405722989157e-09, -1.5292233862851656e-09, -1.293023819408116e-10, 0.9884679586038814, -0.15143016480700466, -1.053540131870645e-08, -1.8697835359221726e-09, 0.15143016480700436, 0.9884679586038816, 0.02246354282584198, 0.0, 0.0, 0.0, 1.0], "right_foot_pose": [0.9999999999999998, 2.058329026805124e-10, 8.901941406236336e-10, -1.4866770467266457e-10, -6.416146407537204e-11, 0.9877088901605136, -0.15630466499080053, -0.1400000003374391, -9.114251896054743e-10, 0.15630466499080037, 0.9877088901605137, 1.7705809665646832e-09, 0.0, 0.0, 0.0, 1.0]}, {"left_foot_pose": [1.0000000000000007, 3.661079099744291e-10, 2.1190321719544092e-09, -1.9035958931797497e-09, -1.1845115558524108e-10, 0.9932828204722504, -0.11571187732766287, -1.3309882761908254e-08, -2.1471613471580935e-09, 0.11571187732766255, 0.9932828204722507, 0.014080079195827433, 0.0, 0.0, 0.0, 1.0], "right_foot_pose": [0.9999999999999997, 2.495557480345487e-10, 1.293111673295043e-09, -2.0792896133888376e-10, -7.92386805599228e-11, 0.9915046207072477, -0.13007146926277502, -0.14000000051833647, -1.3145864032883732e-09, 0.13007146926277485, 0.9915046207072474, 2.633805742946471e-09, 0.0, 0.0, 0.0, 1.0]}, {"left_foot_pose": [1.0000000000000004, 2.549817631919575e-10, 2.1661563653907437e-09, -1.4760375593293673e-09, -8.454145492177951e-11, 0.9969281508491384, -0.07832152989132954, -1.0660130238607235e-08, -2.1794731520710447e-09, 0.07832152989132926, 0.9969281508491384, 0.005971411904611257, 0.0, 0.0, 0.0, 1.0], "right_foot_pose": [1.0, 2.5456845890174806e-10, 1.7304407906593141e-09, -2.8361796231295474e-10, -8.226307810595644e-11, 0.9951020917493659, -0.09885255179324724, -0.14000000053865497, -1.7471301082889405e-09, 0.09885255179324708, 0.9951020917493659, 3.5554585803287964e-09, 0.0, 0.0, 0.0, 1.0]}, {"left_foot_pose": [1.0000000000000002, 1.3237959925514887e-10, 2.16972007027749e-09, -5.894421649373998e-10, -4.439709230603316e-11, 0.9991795403936212, -0.04049995134309098, -3.7789043370178854e-09, -2.1733015781460342e-09, 0.04049995134309069, 0.9991795403936209, 0.0007329187805282245, 0.0, 0.0, 0.0, 1.0], "right_foot_pose": [0.9999999999999998, 1.9872266673990576e-10, 2.105387197914864e-09, -3.6137381829372184e-10, -6.515796988844331e-11, 0.9979976841205448, -0.0632504742277057, -0.14000000032453358, -2.1137410428872142e-09, 0.06325047422770551, 0.9979976841205446, 4.299358813408816e-09, 0.0, 0.0, 0.0, 1.0]}, {"left_foot_pose": [1.0000000000000007, 7.754894537742079e-12, 2.2468082394588866e-09, -3.8064965177473086e-10, -2.6873445630169616e-12, 0.9999974568357473, -0.0022552875733644145, 3.732835568426296e-10, -2.246820207332703e-09, 0.0022552875733641434, 0.9999974568357475, 4.635577068035079e-09, 0.0, 0.0, 0.0, 1.0], "right_foot_pose": [0.9999999999999998, 8.463763468137779e-11, 2.2557553602808862e-09, -3.9067867917397977e-10, -2.8072067667589068e-11, 0.9996858410385149, -0.025064301847789527, -0.14000000021397607, -2.257168143444975e-09, 0.025064301847789343, 0.9996858410385145, 4.629808009193326e-09, 0.0, 0.0, 0.0, 1.0]}, {"left_foot_pose": [1.0000000000000002, -1.1532944917774724e-10, 2.1438815167584864e-09, -3.702629728859037e-10, 3.772816754110623e-11, 0.999345955633677, 0.036161595078396516, 1.895956083103334e-10, -2.1466500526638523e-09, -0.03616159507839678, 0.999345955633677, 4.326981918600925e-09, 0.0, 0.0, 0.0, 1.0], "right_foot_pose": [0.9999999999999998, -4.224781102589229e-11, 2.1301149177865857e-09, -3.658056122243464e-10, 1.3839250916736825e-11, 0.9999110863879664, 0.013334891017055987, -0.14000000035991308, -2.1304890311450994e-09, -0.013334891017056167, 0.9999110863879662, 4.5403598311621884e-09, 0.0, 0.0, 0.0, 1.0]}, {"left_foot_pose": [1.0000000000000004, -1.9108013036926843e-10, 1.7778255534395312e-09, -3.131966009258363e-10, 6.200833643643517e-11, 0.9973815038663743, 0.07231967744155367, 2.7723146694969003e-11, -1.7869895573031618e-09, -0.07231967744155392, 0.9973815038663744, 3.5698323325172865e-09, 0.0, 0.0, 0.0, 1.0], "right_foot_pose": [1.0, -1.2873878625462713e-10, 1.7492830517440445e-09, -2.9978395551576026e-10, 4.2227307047163055e-11, 0.9987807708521111, 0.04936569432372019, -0.1400000004031226, -1.7535056177628197e-09, -0.04936569432372035, 0.998780770852111, 3.932427820874107e-09, 0.0, 0.0, 0.0, 1.0]}, {"left_foot_pose": [1.0000000000000007, -2.0046957255245996e-10, 1.2999043508266123e-09, -2.0636516454873953e-10, 6.425185252646657e-11, 0.9945819746992274, 0.10395525769958103, 3.123843336783061e-10, -1.3137015204526476e-09, -0.10395525769958126, 0.9945819746992274, 2.546782805479264e-09, 0.0, 0.0, 0.0, 1.0], "right_foot_pose": [0.9999999998914703, -1.4684890624173734e-05, -1.188895479842168e-06, -7.827589936804861e-10, 1.4732937520794952e-05, 0.996772009119138, 0.08028425511603882, -0.13970607693716464, 6.092230741095416e-09, -0.0802842551248417, 0.9967720092273104, 0.002554027191505416, 0.0, 0.0, 0.0, 1.0]}, {"left_foot_pose": [1.0000000000000007, -1.686477559538434e-10, 8.746466328979387e-10, -1.1575722200077508e-10, 5.324926537574572e-11, 0.9914754149493926, 0.13029390450412803, 4.050471243133291e-10, -8.891646004429051e-10, -0.13029390450412826, 0.9914754149493926, 1.6885405920707974e-09, 0.0, 0.0, 0.0, 1.0], "right_foot_pose": [0.9999999981965801, -5.9718572507918046e-05, -6.366438585314248e-06, -1.4972768016511177e-09, 6.005696576153481e-05, 0.9943962609389078, 0.1057169457744621, -0.13880186842268522, 1.749763310622867e-08, -0.10571694596615923, 0.9943962627321101, 0.009396444547738837, 0.0, 0.0, 0.0, 1.0]}, {"left_foot_pose": [1.0000000000000004, -1.187639247874612e-10, 5.318991358471716e-10, -6.116250642139254e-11, 3.694135611526642e-11, 0.9884936598540568, 0.15126230339490693, 3.295670472636125e-10, -5.437437848429323e-10, -0.15126230339490715, 0.9884936598540571, 1.009707463472953e-09, 0.0, 0.0, 0.0, 1.0], "right_foot_pose": [0.9999999914816372, -0.00012948641607629915, -1.643146456253765e-05, -1.5673641799268448e-09, 0.00013052480262055975, 0.9920730266948843, 0.1256626144393276, -0.13739604858985457, 2.96112028293799e-08, -0.1256626155136018, 0.9920730351452356, 0.017948746928734258, 0.0, 0.0, 0.0, 1.0]}, {"left_foot_pose": [1.0000000000000002, -6.723179432776852e-11, 2.735372484075085e-10, -3.371257748913495e-11, 2.062574123168866e-11, 0.9859678895490351, 0.1669350795316011, 1.6547444577769133e-10, -2.8092234362699454e-10, -0.16693507953160128, 0.9859678895490355, 4.987464677363995e-10, 0.0, 0.0, 0.0, 1.0], "right_foot_pose": [0.9999999756679419, -0.0002184720885909543, -3.056242567494989e-05, -9.039594218939054e-10, 0.00022059944190358353, 0.9903814607596043, 0.13836370015129815, -0.13559907519855272, 3.985322709612987e-08, -0.13836370352667876, 0.9903814848564059, 0.02561556116982916, 0.0, 0.0, 0.0, 1.0]}, {"left_foot_pose": [1.0000000000000002, -2.5766934916827623e-11, 9.90599824390875e-11, -1.8963579395849502e-11, 7.788581033042314e-12, 0.9841445732905626, 0.1773681450056268, 1.1159183820053098e-11, -1.0205980095857056e-10, -0.17736814500562706, 0.9841445732905628, 1.9047630833712859e-10, 0.0, 0.0, 0.0, 1.0], "right_foot_pose": [0.999999947270725, -0.00032150223691547773, -4.576962522223371e-05, -6.345039309569212e-11, 0.0003247438142308452, 0.9900376430995436, 0.14080255603985342, -0.13352140356836292, 4.5315150207448296e-08, -0.14080256347883957, 0.9900376953014393, 0.029801513230816867, 0.0, 0.0, 0.0, 1.0]}, {"left_foot_pose": [1.0000000000000007, -3.8829763614316865e-12, 1.4624135236118796e-11, -3.763417959137467e-12, 1.1458529896893164e-12, 0.9831660104155668, 0.18271452039599442, -3.0598310343799007e-12, -1.5087591654565155e-11, -0.18271452039599465, 0.983166010415567, 3.7005433439762925e-11, 0.0, 0.0, 0.0, 1.0], "right_foot_pose": [0.9999999043314414, -0.0004335661359040324, -5.794405257158688e-05, -3.376456689128195e-11, 0.00043742097050735953, 0.9912007673236408, 0.13236633831877376, -0.13127349128267607, 4.462754215571329e-08, -0.13236635100142094, 0.9912008621478122, 0.030000000378628586, 0.0, 0.0, 0.0, 1.0]}, {"left_foot_pose": [1.0000000000000004, -1.118415986605706e-12, 4.059863556449295e-12, 2.5492654585934644e-13, 3.551141999497412e-13, 0.9830367249800286, 0.18340882568878816, -1.532329818587641e-12, -4.196310720495866e-12, -0.1834088256887884, 0.9830367249800288, 5.470929265172231e-12, 0.0, 0.0, 0.0, 1.0], "right_foot_pose": [0.9999998470433626, -0.0005492471195554134, -6.512183321532717e-05, -6.668804869558302e-11, 0.0005530942505081017, 0.9930525889667252, 0.11767008809903261, -0.12896580111839834, 3.944812646373397e-08, -0.11767010611912329, 0.9930527408581646, 0.030000000825390775, 0.0, 0.0, 0.0, 1.0]}, {"left_foot_pose": [1.0000000000000007, -1.651314431528965e-11, 6.215716830126928e-11, -9.342878386465292e-12, 5.085062594828466e-12, 0.9837496116611507, 0.1795458202146068, 5.526982517489731e-12, -6.41120111581705e-11, -0.17954582021460702, 0.983749611661151, 1.1978709690829703e-10, 0.0, 0.0, 0.0, 1.0], "right_foot_pose": [0.9999997780707827, -0.0006630437584620877, -6.504889953173377e-05, -1.4857137738739261e-10, 0.000666226976353628, 0.9952263031153019, 0.09759181179312669, -0.1267087914441143, 3.0734116320193475e-08, -0.09759183347198411, 0.995226523983146, 0.02991081841740633, 0.0, 0.0, 0.0, 1.0]}, {"left_foot_pose": [1.0000000000000004, -4.9921050639359134e-11, 1.9784340832274084e-10, -2.6010237178804935e-11, 1.537995315301384e-11, 0.985292144416735, 0.17087829046041106, 1.515474759572477e-10, -2.0346423202323625e-10, -0.17087829046041123, 0.985292144416735, 4.403208769820921e-10, 0.0, 0.0, 0.0, 1.0], "right_foot_pose": [0.9999997025616408, -0.0007693354482544428, -5.4768583066350045e-05, -1.0500990531549318e-09, 0.0007712824575060217, 0.9974771076889843, 0.07098467975407759, -0.1246129174701664, 1.9377411401885162e-08, -0.07098470088255844, 0.9974774043759652, 0.02612719488367883, 0.0, 0.0, 0.0, 1.0]}, {"left_foot_pose": [1.0000000000000004, -9.201390903237206e-11, 3.9535280604852305e-10, -4.905565991799176e-11, 2.8629035257309517e-11, 0.9875311760400529, 0.1574235571601373, 3.0428891351075293e-10, -4.0490873633116046e-10, -0.1574235571601375, 0.987531176040053, 8.820770711071013e-10, 0.0, 0.0, 0.0, 1.0], "right_foot_pose": [0.9999996278535381, -0.0008619983615883697, -3.537809543973602e-05, -1.7398208093801588e-09, 0.0008627240491285983, 0.999158876401999, 0.04099750497664725, -0.12278864651736597, 8.555969518251872e-09, -0.04099752024110475, 0.9991592482352749, 0.01864897274301071, 0.0, 0.0, 0.0, 1.0]}, {"left_foot_pose": [1.0000000000000004, -1.314716902453604e-10, 6.365206139946649e-10, -8.942475863425095e-11, 4.1436009628095524e-11, 0.9902315723529509, 0.13943253965772542, 3.667835956830401e-10, -6.486345404042659e-10, -0.1394325396577257, 0.9902315723529512, 1.3673951346215851e-09, 0.0, 0.0, 0.0, 1.0], "right_foot_pose": [0.9999995628733804, -0.0009349568510994697, -1.0427542153295956e-05, -1.652149230040045e-09, 0.0009350149983036688, 0.9999373825185615, 0.011151537511974178, -0.1213464393919783, 6.828094739783033e-10, -0.011151542387248779, 0.9999378196179926, 0.010071526139393404, 0.0, 0.0, 0.0, 1.0]}, {"left_foot_pose": [1.0000000000000002, -1.537394590397813e-10, 8.8246848717333e-10, -1.4649260784720951e-10, 4.911028626979652e-11, 0.9930893672721197, 0.11736059224058837, 2.658616634135247e-10, -8.944133836289784e-10, -0.11736059224058865, 0.9930893672721199, 1.8169230286968485e-09, 0.0, 0.0, 0.0, 1.0], "right_foot_pose": [0.999999517230413, -0.000982472655585031, 1.6924012379520934e-05, -9.254420948440049e-10, 0.0009826184107573125, 0.9998512340115716, -0.01722046185780595, -0.1203967543131032, -2.8617704798212237e-09, 0.017220470174136658, 0.9998517167095238, 0.0029902275129824116, 0.0, 0.0, 0.0, 1.0]}, {"left_foot_pose": [1.0000000000000004, -1.403609254096883e-10, 1.0222324653419463e-09, -1.819903627650954e-10, 4.537415953889876e-11, 0.9957280331431116, 0.09233463062660076, -3.618640803670914e-11, -1.0308259035381749e-09, -0.09233463062660101, 0.9957280331431119, 2.0469845402049103e-09, 0.0, 0.0, 0.0, 1.0], "right_foot_pose": [0.9999995000025397, -0.0009990289670198588, 4.399765317886725e-05, -1.7826566807590096e-10, 0.000999997335210915, 0.9990311777603347, -0.04399665746540683, -0.12005004941325298, -1.0920143675175454e-09, 0.043996679464725595, 0.9990316772735878, 4.662283333151107e-07, 0.0, 0.0, 0.0, 1.0]}, {"left_foot_pose": [1.0000000000000002, -1.0217639136725166e-10, 1.0376508541298813e-09, -2.0443863329913756e-10, 3.3312000049068125e-11, 0.9978096711110324, 0.0661502852397045, 1.172098529345078e-11, -1.0421373157238538e-09, -0.06615028523970477, 0.9978096711110324, 2.093966416927273e-09, 0.0, 0.0, 0.0, 1.0], "right_foot_pose": [0.9999995000000766, -0.0009975287495892862, 7.025660024185206e-05, -2.0370793607010155e-10, 0.0009999997980668265, 0.9975285255307341, -0.0702555389480673, -0.1200500000227811, -1.0429294771367708e-09, 0.07025557407688912, 0.9975290242950963, 2.086064244954944e-09, 0.0, 0.0, 0.0, 1.0]}, {"left_foot_pose": [1.0000000000000007, -5.3915703137627015e-11, 8.889868841066585e-10, -1.704863671002782e-10, 1.765925288687855e-11, 0.9991700246652887, 0.04073403749160369, 5.4756322739879515e-11, -8.904454580419969e-10, -0.04073403749160396, 0.9991700246652888, 1.8180509805953982e-09, 0.0, 0.0, 0.0, 1.0], "right_foot_pose": [0.9999995000000823, -0.0009954220001875908, 9.557524212256369e-05, -1.742748375759039e-10, 0.0009999997926817467, 0.9954217948478232, -0.09557431842473572, -0.12004999997553038, -8.998436226493192e-10, 0.0955743662128065, 0.9954222925588019, 1.8033609813783436e-09, 0.0, 0.0, 0.0, 1.0]}, {"left_foot_pose": [0.9999999999842414, -5.613243048869276e-06, -9.973348979997231e-08, -4.4957616664469673e-07, 5.614128957247267e-06, 0.9998440605358103, 0.01765940485251958, 0.00011228002377264637, 5.914056922688498e-10, -0.017659404852801458, 0.9998440605515673, 0.0005097168041466524, 0.0, 0.0, 0.0, 1.0], "right_foot_pose": [0.9999995000000774, -0.0009930293279513628, 0.00011786580787593263, -1.0714394385683826e-10, 0.0009999997974186822, 0.9930291100307095, -0.11786512050654731, -0.12005000008280492, -6.568926270976788e-10, 0.11786517943978002, 0.9930296065453579, 1.2677689315010454e-09, 0.0, 0.0, 0.0, 1.0]}, {"left_foot_pose": [0.999999997877381, -6.515343729995541e-05, 5.182747562794441e-07, -5.21529482507737e-06, 6.515549854079154e-05, 0.9999687583698006, -0.00790430510048203, 0.0013031003274092522, -3.2659179015195936e-09, 0.007904305117472374, 0.9999687604923523, 0.005396173718576827, 0.0, 0.0, 0.0, 1.0], "right_foot_pose": [0.9999995000000685, -0.0009906617310999546, 0.0001363412902784017, -3.6292565757804806e-11, 0.0009999998064502932, 0.9906614865142485, -0.13634081977810988, -0.12005000025234697, -4.3275961728786055e-10, 0.136340887948973, 0.9906619818451124, 8.082985739066295e-10, 0.0, 0.0, 0.0, 1.0]}, {"left_foot_pose": [0.9999999836472067, -0.00018071658382611103, 6.863207096311608e-06, -1.4474049544006136e-05, 0.00018084686058986448, 0.9992832164295687, -0.037855259298933436, 0.003616915888427238, -1.7214522151423788e-08, 0.03785525992108336, 0.9992832327705233, 0.013366542125525419, 0.0, 0.0, 0.0, 1.0], "right_foot_pose": [0.9999995000000574, -0.0009885916085655723, 0.00015061960702367712, 7.849452072486093e-12, 0.0009999998172731304, 0.9885913306677179, -0.15061932455364485, -0.12005000025700997, -2.3739086308291884e-10, 0.1506193998635706, 0.9885918249635374, 4.680232035259024e-10, 0.0, 0.0, 0.0, 1.0]}, {"left_foot_pose": [0.9999999416496246, -0.00034073100992724906, 2.455864630541231e-05, -2.7339282265249836e-05, 0.00034161490986425616, 0.9974209114220997, -0.07177331507713919, 0.006832257150702488, -3.9913249321221904e-08, 0.07177331927873873, 0.9974209696210078, 0.02182544327911829, 0.0, 0.0, 0.0, 1.0], "right_foot_pose": [0.9999995000000481, -0.0009870489695504722, 0.0001604181573564618, 1.9774299541287354e-11, 0.0009999998267501795, 0.987048661795141, -0.16041801410305545, -0.12005000015614625, -9.202870853200621e-11, 0.1604180943121855, 0.9870491553196562, 2.0119174382049465e-10, 0.0, 0.0, 0.0, 1.0]}, {"left_foot_pose": [0.9999998561448933, -0.0005333045462169836, 5.741476133897951e-05, -4.292484686413635e-05, 0.0005363862314531225, 0.9942680192267809, -0.10691500471246027, 0.010727653201078317, -6.74029588118739e-08, 0.10691502012867797, 0.9942681622534639, 0.028177504547151087, 0.0, 0.0, 0.0, 1.0], "right_foot_pose": [0.9999995000000423, -0.0009862127273410919, 0.00016548148345247275, 1.0566849746417159e-11, 0.0009999998324676082, 0.9862124013292838, -0.1654814172789898, -0.12005000003474457, -1.1312334954394628e-11, 0.1654815000197437, 0.9862128944356868, 2.4248172914020927e-11, 0.0, 0.0, 0.0, 1.0]}, {"left_foot_pose": [0.9999997156764073, -0.0007469012768629911, 0.00010385368670336158, -6.034565774563671e-05, 0.0007540869293611666, 0.9904876844003475, -0.13759934012974734, 0.015081627354652082, -9.26748209968471e-08, 0.13759937932171593, 0.9904879660098204, 0.030000002146707228, 0.0, 0.0, 0.0, 1.0], "right_foot_pose": [0.9999995000000423, -0.0009862040684676533, 0.00016553307974143632, -3.6722795553685746e-12, 0.000999999832575466, 0.9862037420788953, -0.16553301516591382, -0.1200499999960884, -9.656714348588499e-12, 0.16553309793246515, 0.9862042351809692, 1.8171270044220478e-11, 0.0, 0.0, 0.0, 1.0]}, {"left_foot_pose": [0.999999516223259, -0.000970583701066414, 0.00015975145865223086, -7.871567182052134e-05, 0.0009836428400730604, 0.9867416613338801, -0.16229579857414264, 0.019672701153904206, -1.1176286328555511e-07, 0.16229587719758828, 0.9867421386789226, 0.030000001449861306, 0.0, 0.0, 0.0, 1.0], "right_foot_pose": [0.9999995000000482, -0.0009870184375564044, 0.00016060590762113043, -2.052702957630148e-11, 0.000999999826819569, 0.9870181293141631, -0.16060576703691687, -0.1200499999766263, -8.92536486773198e-11, 0.1606058473399207, 0.9870186228234125, 1.740733043820164e-10, 0.0, 0.0, 0.0, 1.0]}, {"left_foot_pose": [0.9999992631261572, -0.0011939330509177285, 0.00021970665413697496, -9.714823470144879e-05, 0.0012139798718129452, 0.9835040835534608, -0.18088185062780524, 0.02427940825670253, -1.215717519676553e-07, 0.18088198406015626, 0.9835048082457185, 0.030000000710234155, 0.0, 0.0, 0.0, 1.0], "right_foot_pose": [0.9999995000000594, -0.000988595470312085, 0.0001505942471472562, -5.2912233459729424e-11, 0.00099999981559772, 0.9885951971489249, -0.1505939446805474, -0.12004999994802645, -2.5788030681411674e-10, 0.1505940199778032, 0.9885956914466728, 5.053671023325101e-10, 0.0, 0.0, 0.0, 1.0]}, {"left_foot_pose": [0.9999989717877953, -0.0014088728314103846, 0.00026739614452611464, -0.00011475754124076573, 0.0014340234794803547, 0.9824755689964978, -0.18638588976011394, 0.028680276130428735, -1.1616299963326836e-07, 0.18638608156821654, 0.9824765791598462, 0.02875533531671124, 0.0, 0.0, 0.0, 1.0], "right_foot_pose": [0.9999995000000772, -0.0009912741282025119, 0.00013181501437759503, -1.0756796274297587e-10, 0.000999999797629354, 0.9912739100773122, -0.1318143967874594, -0.12005000010355352, -5.834491238598238e-10, 0.13181446269525873, 0.9912744057143612, 1.1362939755787949e-09, 0.0, 0.0, 0.0, 1.0]}, {"left_foot_pose": [0.9999986671442727, -0.001606090855019929, 0.0002935674441895433, -0.00013065771804891265, 0.0016327001161453784, 0.9837117765950125, -0.1797455837527473, 0.032653828244541966, -9.801377879568874e-08, 0.17974582348541643, 0.9837130877138623, 0.022909777843751422, 0.0, 0.0, 0.0, 1.0], "right_foot_pose": [0.9999995000000932, -0.0009939775837028858, 0.00010958159607050125, -1.6364222707476207e-10, 0.0009999997815501342, 0.9939774133004482, -0.10958057240673162, -0.12005000041547591, -9.98826025687129e-10, 0.10958062719802765, 0.9939779102892009, 2.03926396602494e-09, 0.0, 0.0, 0.0, 1.0]}, {"left_foot_pose": [0.999998381912029, -0.0017755421082808439, 0.00028917736054621176, -0.00014396141994617897, 0.0017989367190633936, 0.9869999924751619, -0.16071023203490226, 0.03597859780704372, -7.026847387692834e-08, 0.16071049220338088, 0.9870015895102412, 0.014590974175248864, 0.0, 0.0, 0.0, 1.0], "right_foot_pose": [0.9999995000001012, -0.0009966994888447043, 8.117682021841455e-05, -2.3511177221072275e-10, 0.0009999997736008987, 0.9966993397487242, -0.08117528038085613, -0.12005000068531177, -1.5226522949547353e-09, 0.08117532097002582, 0.9966998380984183, 3.2210357089890174e-09, 0.0, 0.0, 0.0, 1.0]}, {"left_foot_pose": [0.9999981536085097, -0.0019047289325507843, 0.00025453342719714895, -0.00015378224497130386, 0.0019216606283341078, 0.9911899286562736, -0.1324342574668718, 0.038433117162852644, -3.9607686472919444e-08, 0.1324345020682511, 0.9911917587742213, 0.006394297392136927, 0.0, 0.0, 0.0, 1.0], "right_foot_pose": [0.9999995000000905, -0.0009989120675587297, 4.662885596735072e-05, -3.314404762895241e-10, 0.0009999997844594103, 0.9989118824850836, -0.04662672013489325, -0.12005000081475747, -2.1248791901633493e-09, 0.04662674345038316, 0.9989123819410849, 4.574073571295134e-09, 0.0, 0.0, 0.0, 1.0]}, {"left_foot_pose": [0.9999980203482524, -0.0019804953190722986, 0.00019219226935788733, -0.0001592343281425555, 0.0019897988785554685, 0.9953230324227447, -0.09658209890666161, 0.039795915266081124, -1.2997554733339846e-08, 0.09658229013170239, 0.9953250028171284, 0.0009151257359566456, 0.0, 0.0, 0.0, 1.0], "right_foot_pose": [0.999999500000051, -0.0009999787155105745, 6.497431328749782e-06, -4.476196765761158e-10, 0.0009999998240404176, 0.9999784089947661, -0.006494732068994425, -0.12005000070608998, -2.697210944480075e-09, 0.006494735319058727, 0.9999789089841522, 5.802287317280275e-09, 0.0, 0.0, 0.0, 1.0]}, {"left_foot_pose": [0.999998000000824, -0.001997075015755454, 0.00010810057688690982, -0.00016005045176668966, 0.001999998588317123, 0.9985362958638994, -0.054048735859877205, 0.039999920747566343, -2.9696067977540486e-09, 0.054048843963450874, 0.9985382929393424, 6.477895303502734e-09, 0.0, 0.0, 0.0, 1.0], "right_foot_pose": [0.9999994999999878, -0.0009993076992113863, -3.720075277063362e-05, -4.895900001244822e-10, 0.0009999998868505354, 0.9993072018677583, 0.03720371346327958, -0.1200500006299017, -2.9771444627604187e-09, -0.03720373206217114, 0.9993077015217315, 6.506841176978639e-09, 0.0, 0.0, 0.0, 1.0]}, {"left_foot_pose": [0.9999980000006955, -0.0019999031053979073, 1.9549405949875307e-05, -0.000160050429067576, 0.001999998652561089, 0.9999502405909302, -0.009773246519520556, 0.039999920491344876, -2.8871188351604695e-09, 0.0097732660718196, 0.99995224049466, 5.993555846073306e-09, 0.0, 0.0, 0.0, 1.0], "right_foot_pose": [0.9999994999999302, -0.0009966961281437086, -8.122017833239251e-05, -4.5365207595370266e-10, 0.000999999944608458, 0.9966954524445679, 0.08122299598283904, -0.12005000079125595, -2.863221703575156e-09, -0.08122303659150944, 0.9966959507928453, 6.728804229083618e-09, 0.0, 0.0, 0.0, 1.0]}, {"left_foot_pose": [0.9999980000005892, -0.0019989384803399727, -6.511355117151998e-05, -0.00016005039373777628, 0.00199999870568091, 0.9994678480504375, 0.03255795937410083, 0.03999992020775049, -2.456966067290423e-09, -0.03255802448521957, 0.9994698469897036, 4.962502603289565e-09, 0.0, 0.0, 0.0, 1.0], "right_foot_pose": [0.9999994999999042, -0.0009924626031823478, -0.000122547633799980