{"LoopMode": "Wrap", "FrameDuration": 0.0167, "EnableCycleOffsetPosition": true, "EnableCycleOffsetRotation": false, "Debug_info": [{"left_foot_pose": [1.0000000000000007, -1.5562425160490754e-14, 1.2362333379201122e-12, -2.6688114559298185e-13, 2.4395386725284992e-15, 0.9999408014598001, 0.010880881211259142, -2.530614606754966e-13, -1.2366196155199088e-12, -0.010880881211259411, 0.9999408014598004, 3.4348149324792132e-12, 0.0, 0.0, 0.0, 1.0], "right_foot_pose": [0.9999999999999998, 2.6206523131267512e-14, 1.2240763958004661e-12, -1.5656526792311333e-13, -1.1567941327467412e-14, 0.9999289487940646, -0.01192045987354402, -0.1400000000005719, -1.2244000601405418e-12, 0.011920459873543838, 0.9999289487940646, 1.6518383882946353e-12, 0.0, 0.0, 0.0, 1.0]}, {"left_foot_pose": [1.0000000000000007, -5.657356465983958e-14, 4.574174372606878e-12, -8.927018517733202e-13, 1.316296498129938e-14, 0.999954283973848, 0.00956190160740721, -1.907952962287851e-13, -4.574658493255409e-12, -0.00956190160740748, 0.9999542839738484, 1.1185039006100794e-11, 0.0, 0.0, 0.0, 1.0], "right_foot_pose": [1.0, 9.828269378250299e-14, 4.552358490172991e-12, -6.814485046917345e-13, -3.7959846879917977e-14, 0.9999123531138202, -0.013239565339651926, -0.14000000000136828, -4.5533349632088635e-12, 0.013239565339651739, 0.9999123531138204, 7.731509876762743e-12, 0.0, 0.0, 0.0, 1.0]}, {"left_foot_pose": [1.0000000000000004, -9.893612359920533e-14, 1.0184852961003802e-11, -1.9138232927435386e-12, 2.403049963753761e-14, 0.9999727178721903, 0.007386711806051787, 1.989779868649677e-13, -1.0185537391745054e-11, -0.0073867118060520565, 0.9999727178721906, 2.3757454337136608e-11, 0.0, 0.0, 0.0, 1.0], "right_foot_pose": [0.9999999999999998, 2.4567422930632884e-13, 1.0160094987554656e-11, -1.6032925250676416e-12, -8.89798801107756e-14, 0.9998811775537972, -0.015415277280410528, -0.14000000000241378, -1.0162770328457907e-11, 0.015415277280410346, 0.999881177553797, 1.8525563028060077e-11, 0.0, 0.0, 0.0, 1.0]}, {"left_foot_pose": [1.0000000000000007, -9.770031947132162e-14, 1.7846391031639548e-11, -3.2909810685559956e-12, 2.0226823359805934e-14, 0.9999904969551515, 0.004359587066459218, 9.53568821127071e-13, -1.7846878681874847e-11, -0.00435958706645949, 0.9999904969551519, 4.074762749439742e-11, 0.0, 0.0, 0.0, 1.0], "right_foot_pose": [1.0, 5.057410931767386e-13, 1.7833012844192805e-11, -2.8919761624560643e-12, -1.7670182127540824e-13, 0.9998298990121071, -0.018443780562558774, -0.14000000000360552, -1.783937684086354e-11, 0.01844378056255859, 0.9998298990121071, 3.362726763711521e-11, 0.0, 0.0, 0.0, 1.0]}, {"left_foot_pose": [1.0000000000000004, 3.6199474277386226e-15, 2.740335736106659e-11, -4.997754537104984e-12, -1.6990988808195896e-14, 0.9999998749957851, 0.0005000084147121078, 2.1181025683381094e-12, -2.7403528890607973e-11, -0.0005000084147123783, 0.9999998749957852, 6.193732332571145e-11, 0.0, 0.0, 0.0, 1.0], "right_foot_pose": [0.9999999999999998, 9.29956569906773e-13, 2.7425894888466467e-11, -4.527445264463424e-12, -3.17911007840094e-13, 0.9997511853809613, -0.022306217280453, -0.1400000000048486, -2.743982489928266e-11, 0.022306217280452817, 0.9997511853809612, 5.2725879218229466e-11, 0.0, 0.0, 0.0, 1.0]}, {"left_foot_pose": [1.0000000000000004, 2.734658317426182e-13, 3.893507738439439e-11, -7.048835215743536e-12, -1.1036390245819967e-13, 0.9999912617268123, -0.004180486816021582, 3.778366508555564e-12, -3.893631236941826e-11, 0.00418048681602131, 0.9999912617268124, 8.764538400596322e-11, 0.0, 0.0, 0.0, 1.0], "right_foot_pose": [1.0, 1.590230310873669e-12, 3.902944634148752e-11, -6.530273806677314e-12, -5.361278700115445e-13, 0.9996356540934428, -0.026991833305185974, -0.1400000000060653, -3.90583725481969e-11, 0.026991833305185797, 0.9996356540934427, 7.598237317107959e-11, 0.0, 0.0, 0.0, 1.0]}, {"left_foot_pose": [1.0000000000000002, 8.008865427276562e-13, 5.2760074087387914e-11, -9.500301972058042e-12, -2.894438218300521e-13, 0.9999530823881881, -0.009686744673120837, 6.075487335444052e-12, -5.276552841248833e-11, 0.009686744673120569, 0.9999530823881881, 1.187486498022139e-10, 0.0, 0.0, 0.0, 1.0], "right_foot_pose": [1.0, 2.588003485694234e-12, 5.2980231313171076e-11, -8.964547880030092e-12, -8.643921594029005e-13, 0.9994715261394482, -0.03250643684691269, -0.14000000000717783, -5.303641331030571e-11, 0.03250643684691251, 0.9994715261394483, 1.040556529829928e-10, 0.0, 0.0, 0.0, 1.0]}, {"left_foot_pose": [1.0000000000000004, 1.7092468664150568e-12, 6.941680563699035e-11, -1.2446222230020796e-11, -5.950282408287101e-13, 0.9998713003864417, -0.01604315005001367, 9.218880867023493e-12, -6.943546361398663e-11, 0.0160431500500134, 0.9998713003864415, 1.566743262904069e-10, 0.0, 0.0, 0.0, 1.0], "right_foot_pose": [1.0, 4.067806518892146e-12, 6.984041123203608e-11, -1.1935943828328668e-11, -1.3495971625073348e-12, 0.9992440583381198, -0.0388755948631545, -0.14000000000808574, -6.994582280892659e-11, 0.03887559486315433, 0.9992440583381201, 1.3807602283755216e-10, 0.0, 0.0, 0.0, 1.0]}, {"left_foot_pose": [1.0000000000000004, 3.1746420089219703e-12, 8.96493435043055e-11, -1.601630024441201e-11, -1.085084493792321e-12, 0.9997286399962192, -0.02329477132986974, 1.350211609185692e-11, -8.969923731234404e-11, 0.023294771329869467, 0.9997286399962193, 2.034243329340768e-10, 0.0, 0.0, 0.0, 1.0], "right_foot_pose": [0.9999999999999996, 6.235983273030422e-12, 9.0388307949496e-11, -1.5591381081164303e-11, -2.0582437920860433e-12, 0.9989347133014771, -0.04614584012991381, -0.14000000000863852, -9.057979941593907e-11, 0.046145840129913636, 0.998934713301477, 1.7963122656006192e-10, 0.0, 0.0, 0.0, 1.0]}, {"left_foot_pose": [1.0000000000000002, 5.453781034286574e-12, 1.144860872770436e-10, -2.0390241916342912e-11, -1.843610476614392e-12, 0.9995035274495626, -0.031507120082326846, 1.9337718926148995e-11, -1.146011801410821e-10, 0.031507120082326576, 0.9995035274495626, 2.6183451934391755e-10, 0.0, 0.0, 0.0, 1.0], "right_foot_pose": [0.9999999999999998, 9.392748322102718e-12, 1.1570183700015942e-10, -2.0135493496883995e-11, -3.0864170015725988e-12, 0.9985200672805568, -0.05438451285092745, -0.14000000000860827, -1.1604140453971992e-10, 0.05438451285092727, 0.9985200672805565, 2.3095331203037972e-10, 0.0, 0.0, 0.0, 1.0]}, {"left_foot_pose": [1.0000000000000004, 8.920993338061519e-12, 1.4524886848832337e-10, -2.580030045317909e-11, -2.9921396506699545e-12, 0.9991687535269508, -0.04076520545024049, 2.7285526268960858e-11, -1.4549204409369906e-10, 0.0407652054502402, 0.999168753526951, 3.357331565534416e-10, 0.0, 0.0, 0.0, 1.0], "right_foot_pose": [0.9999999999999999, 1.39719919388903e-11, 1.4717599361446782e-10, -2.5836093951182875e-11, -4.571580195354469e-12, 0.997970438332524, -0.0636789149906782, -0.14000000000764193, -1.4776698833965901e-10, 0.06367891499067801, 0.9979704383325241, 2.9498277431816433e-10, 0.0, 0.0, 0.0, 1.0]}, {"left_foot_pose": [1.0000000000000007, 1.4114890203716116e-11, 1.8354456843283605e-10, -3.253268056926679e-11, -4.703748194173274e-12, 0.998689863220691, -0.051171838937433184, 3.807317655590836e-11, -1.8402639351650053e-10, 0.0511718389374329, 0.9986898632206911, 4.3013964612370614e-10, 0.0, 0.0, 0.0, 1.0], "right_foot_pose": [0.9999999999999998, 2.0591325594127376e-11, 1.865219090291247e-10, -3.302737981715203e-11, -6.706846829885582e-12, 0.9972482348356116, -0.07413472949473027, -0.14000000000520227, -1.875352935711151e-10, 0.07413472949473009, 0.9972482348356119, 3.7542768199783083e-10, 0.0, 0.0, 0.0, 1.0]}, {"left_foot_pose": [1.0000000000000007, 2.1781132055921302e-11, 2.3110158231531805e-10, -4.090489910095762e-11, -7.214412384299362e-12, 0.9980233676950199, -0.06284391406247894, 5.2560539254287164e-11, -2.3201366872701964e-10, 0.06284391406247865, 0.9980233676950202, 5.512307971189401e-10, 0.0, 0.0, 0.0, 1.0], "right_foot_pose": [0.9999999999999998, 3.0094927057492436e-11, 2.3561114170789195e-10, -4.208620536037988e-11, -9.751208379284467e-12, 0.9963061418803467, -0.08587241496253831, -0.14000000000050333, -2.373252915637388e-10, 0.08587241496253814, 0.9963061418803466, 4.765575989384985e-10, 0.0, 0.0, 0.0, 1.0]}, {"left_foot_pose": [1.0000000000000007, 3.2891818571207056e-11, 2.894764428162938e-10, -5.1226832584011375e-11, -1.0824587326648368e-11, 0.9971152413088911, -0.07590253980936851, 7.160689229068762e-11, -2.9113813235464223e-10, 0.0759025398093682, 0.9971152413088913, 7.061446011258354e-10, 0.0, 0.0, 0.0, 1.0], "right_foot_pose": [0.9999999999999998, 4.3569738412883347e-11, 2.9618674179943107e-10, -5.338361116854615e-11, -1.4027928016562599e-11, 0.995085701513227, -0.09901740576246752, -0.13999999999248017, -2.990455099472349e-10, 0.09901740576246733, 0.995085701513227, 6.027911295114485e-10, 0.0, 0.0, 0.0, 1.0]}, {"left_foot_pose": [1.0000000000000004, 4.849739406691458e-11, 3.5882757876137734e-10, -6.360983134132012e-11, -1.5843308944083128e-11, 0.9959012498314329, -0.09044722540902539, 9.55450839973393e-11, -3.617435084534952e-10, 0.09044722540902508, 0.995901249831433, 9.006373494213626e-10, 0.0, 0.0, 0.0, 1.0], "right_foot_pose": [1.0, 6.215879768911891e-11, 3.686051464057979e-10, -6.705852718478564e-11, -1.9854953928360545e-11, 0.9935180837090184, -0.11367417183846101, -0.1399999999799057, -3.732819233861794e-10, 0.11367417183846085, 0.9935180837090184, 7.563916576414087e-10, 0.0, 0.0, 0.0, 1.0]}, {"left_foot_pose": [1.0000000000000007, 6.892490571148316e-11, 4.339391623808796e-10, -7.730702042670175e-11, -2.232053602503888e-11, 0.994313307871838, -0.10649434627699479, 1.2253599870892806e-10, -4.388117553221034e-10, 0.10649434627699447, 0.9943133078718384, 1.1293190688155264e-09, 0.0, 0.0, 0.0, 1.0], "right_foot_pose": [0.9999999999999997, 8.609830942343327e-11, 4.477026527283097e-10, -8.225255139570386e-11, -2.7228706905191362e-11, 0.9915318143522364, -0.12986401013122284, -0.1399999999621066, -4.5509276245728354e-10, 0.12986401013122267, 0.9915318143522363, 9.291775682207515e-10, 0.0, 0.0, 0.0, 1.0]}, {"left_foot_pose": [1.0000000000000004, 9.099523776334874e-11, 4.936763220442214e-10, -8.886731477607829e-11, -2.9158026130993786e-11, 0.992302316186934, -0.1238390620525165, 1.4442621057431104e-10, -5.011451092423088e-10, 0.12383906205251624, 0.9923023161869341, 1.3450831629069349e-09, 0.0, 0.0, 0.0, 1.0], "right_foot_pose": [1.0, 1.1143498900848927e-10, 5.117047341407493e-10, -9.501538798916719e-11, -3.4800433563834064e-11, 0.9890792128357118, -0.14738490674519197, -0.13999999994150072, -5.225402442848053e-10, 0.14738490674519178, 0.9890792128357117, 1.0788122964400237e-09, 0.0, 0.0, 0.0, 1.0]}, {"left_foot_pose": [1.0000000000000007, 1.0236014275330254e-10, 4.863974778501738e-10, -8.928572981944768e-11, -3.2394451077428294e-11, 0.989906802449757, -0.14171987321366988, 1.417615642929082e-10, -4.95994772499332e-10, 0.14171987321366955, 0.9899068024497574, 1.4035043197080377e-09, 0.0, 0.0, 0.0, 1.0], "right_foot_pose": [0.9999999999999999, 1.234872159750408e-10, 5.065405317417054e-10, -9.521413558397812e-11, -3.7967405778222856e-11, 0.9862147536696121, -0.16547041924279585, -0.13999999992883977, -5.199912118644229e-10, 0.16547041924279568, 0.9862147536696121, 1.0912231604431888e-09, 0.0, 0.0, 0.0, 1.0]}, {"left_foot_pose": [1.0000000000000002, 1.144921359479593e-10, 4.932034225468819e-10, -2.657814877480322e-10, -3.4748230068057567e-11, 0.987320189952974, -0.15874143287505102, -2.092507701834112e-09, -5.0512452146279e-10, 0.1587414328750508, 0.9873201899529739, 0.0006652983873885257, 0.0, 0.0, 0.0, 1.0], "right_foot_pose": [1.0, 1.0260613213271825e-10, 3.836657658240478e-10, -6.670701000191827e-11, -3.1014097872795977e-11, 0.9832750242309283, -0.18212695221648983, -0.14000000003393248, -3.9593655500572966e-10, 0.1821269522164897, 0.983275024230928, 7.459284440125558e-10, 0.0, 0.0, 0.0, 1.0]}, {"left_foot_pose": [1.0000000000000007, 1.5417723594119375e-10, 5.998736507528661e-10, -1.2977114868731397e-09, -4.5329949540281305e-11, 0.9841434563479069, -0.17737434235987104, -8.398371550283334e-09, -6.177091656299969e-10, 0.17737434235987076, 0.984143456347907, 0.005805008989373722, 0.0, 0.0, 0.0, 1.0], "right_foot_pose": [0.9999999999999998, 7.002763198845655e-11, 2.441454260981853e-10, -1.0862081679753237e-11, -2.083023756065644e-11, 0.9806143095257517, -0.19594789091320536, -0.14000000016368347, -2.5313442321457573e-10, 0.1959478909132052, 0.9806143095257513, 4.2417273860007043e-10, 0.0, 0.0, 0.0, 1.0]}, {"left_foot_pose": [1.0000000000000004, 1.6816903301402048e-10, 5.896798049853626e-10, -1.7506889150070314e-09, -4.885061933685286e-11, 0.9804500000928497, -0.19676838495533802, -1.0174435800813786e-08, -6.112421447707467e-10, 0.1967683849553378, 0.98045000009285, 0.013875958607103944, 0.0, 0.0, 0.0, 1.0], "right_foot_pose": [1.0, 3.6402110506871556e-11, 1.207676736392214e-10, 2.2798377420458072e-11, -1.0703640743808151e-11, 0.9784871663108345, -0.2063076958452928, -0.14000000017134592, -1.2567971635763083e-10, 0.2063076958452926, 0.9784871663108343, 2.3181419978035578e-10, 0.0, 0.0, 0.0, 1.0]}, {"left_foot_pose": [1.0000000000000002, 1.194486302394484e-10, 3.8578051864135215e-10, -1.3816926691227596e-09, -3.4016270299532066e-11, 0.9767763222075411, -0.2142615606559209, -6.943156102140469e-09, -4.024146811842424e-10, 0.21426156065592064, 0.976776322207541, 0.022282771167502352, 0.0, 0.0, 0.0, 1.0], "right_foot_pose": [0.9999999999999998, 1.0874152116818641e-11, 3.4972413853751e-11, 2.6311420644610742e-11, -3.1807257741350036e-12, 0.9770829197626526, -0.21285903294925024, -0.14000000009347488, -3.6485553772123355e-11, 0.21285903294925002, 0.9770829197626526, 9.08664948839899e-11, 0.0, 0.0, 0.0, 1.0]}, {"left_foot_pose": [1.0000000000000007, 2.1685272924538364e-11, 6.81723011375364e-11, -4.1749381172227093e-10, -5.748400348530954e-12, 0.9742269488664389, -0.2255700602969948, -1.6574230946031498e-09, -7.13069268847925e-11, 0.22557006029699447, 0.9742269488664392, 0.028430074902369977, 0.0, 0.0, 0.0, 1.0], "right_foot_pose": [0.9999999999999998, 9.472470002996889e-14, 1.9134693829414525e-13, 1.1343615795519505e-11, -5.124161192803382e-14, 0.9765412224132319, -0.21533053877160782, -0.14000000000480736, -2.0743722070608266e-13, 0.21533053877160765, 0.9765412224132316, 4.443050094504741e-12, 0.0, 0.0, 0.0, 1.0]}, {"left_foot_pose": [1.0000000000000004, 1.1725416921000912e-11, 3.559630368243895e-11, -3.124832419587329e-12, -3.387393006133228e-12, 0.974190897185266, -0.22572570930527103, 2.0882445078695966e-11, -3.732477490260983e-11, 0.22572570930527075, 0.974190897185266, 0.03000000006260227, 0.0, 0.0, 0.0, 1.0], "right_foot_pose": [0.9999999999999998, 8.300268941679608e-12, 2.6320945423208244e-11, -4.393264400357457e-12, -2.490164738983445e-12, 0.9769494811172559, -0.21347063344807995, -0.13999999999098273, -2.7486246303762297e-11, 0.21347063344807976, 0.9769494811172559, 4.787880508727582e-11, 0.0, 0.0, 0.0, 1.0]}, {"left_foot_pose": [1.0000000000000004, 4.666397708937631e-11, 1.4586354346590641e-10, -1.5318133389522252e-11, -1.3621993398583582e-11, 0.9757755480894239, -0.21877403810961088, 7.407704658013436e-11, -1.5253929345610764e-10, 0.21877403810961063, 0.9757755480894239, 0.030000000273065763, 0.0, 0.0, 0.0, 1.0], "right_foot_pose": [1.0, 3.285927995965377e-11, 1.0757050805665341e-10, -1.9006986753032798e-11, -9.827694859996598e-12, 0.9782434655436425, -0.20746016996321187, -0.13999999997065843, -1.1204727622183473e-10, 0.20746016996321168, 0.9782434655436424, 2.1341127476315336e-10, 0.0, 0.0, 0.0, 1.0]}, {"left_foot_pose": [1.0000000000000004, 1.0302109348261199e-10, 3.395570491448989e-10, -3.779973025888023e-11, -3.050925878414363e-11, 0.9783457317257378, -0.2069773640136325, 1.6053779486324693e-10, -3.5352730432394617e-10, 0.20697736401363226, 0.9783457317257378, 0.030000000641248484, 0.0, 0.0, 0.0, 1.0], "right_foot_pose": [1.0, 7.244389548838788e-11, 2.4931257058824444e-10, -4.473821529267862e-11, -2.1833660887785503e-11, 0.9803456078162073, -0.19728783347046844, -0.13999999994050843, -2.587047871995314e-10, 0.19728783347046827, 0.9803456078162072, 5.038678849156319e-10, 0.0, 0.0, 0.0, 1.0]}, {"left_foot_pose": [1.0000000000000004, 2.7829879272266984e-10, 1.0027979557847239e-09, -4.968302157298334e-10, -8.474103348314552e-11, 0.982156516862154, -0.1880653513680884, -3.691552910578544e-09, -1.0372431329528786e-09, 0.1880653513680882, 0.982156516862154, 0.028526429775487673, 0.0, 0.0, 0.0, 1.0], "right_foot_pose": [1.0, 1.2807170391993337e-10, 4.755458804517325e-10, -8.64451154563249e-11, -3.907270487432308e-11, 0.9831831670309228, -0.18262217846429596, -0.14000000008024352, -4.909374460513974e-10, 0.18262217846429568, 0.9831831670309226, 9.217269308914311e-10, 0.0, 0.0, 0.0, 1.0]}, {"left_foot_pose": [1.0000000000000007, 3.964051207388154e-10, 1.681865646752094e-09, -1.5100377077318542e-09, -1.2401642099438662e-10, 0.9872851452634485, -0.15895924616747767, -1.026094809813971e-08, -1.7234933695395693e-09, 0.15895924616747742, 0.9872851452634487, 0.02246354270452064, 0.0, 0.0, 0.0, 1.0], "right_foot_pose": [0.9999999999999996, 1.874409214212928e-10, 7.77942821272858e-10, -1.2952552713612384e-10, -5.8115327128021625e-11, 0.9866231986833722, -0.16301737275453565, -0.14000000031474158, -7.980926673751699e-10, 0.1630173727545355, 0.9866231986833719, 1.5489259597156746e-09, 0.0, 0.0, 0.0, 1.0]}, {"left_foot_pose": [1.0000000000000004, 3.640914708409289e-10, 1.9567245046481152e-09, -1.8832928241919567e-09, -1.1716107502573547e-10, 0.9921891833581367, -0.12474223193094995, -1.3042300003873741e-08, -1.9868587634252066e-09, 0.12474223193094965, 0.9921891833581368, 0.014080079060869416, 0.0, 0.0, 0.0, 1.0], "right_foot_pose": [1.0, 2.340285541101773e-10, 1.139955518869583e-09, -1.8312075585895842e-10, -7.389400267126009e-11, 0.9903630058043509, -0.13849590872719358, -0.14000000047660419, -1.1613819246868774e-09, 0.13849590872719336, 0.990363005804351, 2.319949191087467e-09, 0.0, 0.0, 0.0, 1.0]}, {"left_foot_pose": [1.0000000000000004, 2.6420159023955593e-10, 1.9781480897762503e-09, -1.4486116432998024e-09, -8.714031048279329e-11, 0.9960335313875542, -0.08897867357765506, -1.0417442585647363e-08, -1.9938100605986645e-09, 0.08897867357765477, 0.9960335313875545, 0.005971411647467041, 0.0, 0.0, 0.0, 1.0], "right_foot_pose": [0.9999999999999997, 2.4830674971007805e-10, 1.5288678101299512e-09, -2.522779337203573e-10, -7.981396994176525e-11, 0.994015883330778, -0.10923563377457744, -0.14000000047957195, -1.5468428832867079e-09, 0.10923563377457725, 0.9940158833307776, 3.1285768836708527e-09, 0.0, 0.0, 0.0, 1.0]}, {"left_foot_pose": [1.0000000000000007, 1.5377330085016858e-10, 1.9261163219930186e-09, -5.425963473700661e-10, -5.123238029220055e-11, 0.9985879112273081, -0.05312422753022318, -3.581125960008813e-09, -1.93156582049209e-09, 0.0531242275302229, 0.9985879112273082, 0.0007329182292549197, 0.0, 0.0, 0.0, 1.0], "right_foot_pose": [0.9999999999999998, 2.0913417374302455e-10, 1.8485967201442567e-09, -3.2028862022134835e-10, -6.825439544471457e-11, 0.9971167411872137, -0.07588283365947317, -0.14000000025396686, -1.859136355702495e-09, 0.07588283365947301, 0.9971167411872138, 3.7509343270292206e-09, 0.0, 0.0, 0.0, 1.0]}, {"left_foot_pose": [1.0000000000000004, 5.038101232490452e-11, 1.9293206476866938e-09, -3.2437309394224044e-10, -1.6660329125292604e-11, 0.9998473206854732, -0.017473846688162785, 3.795728124172948e-10, -1.9299067263560458e-09, 0.01747384668816251, 0.9998473206854734, 4.030626034323692e-09, 0.0, 0.0, 0.0, 1.0], "right_foot_pose": [1.0, 1.1717383297157443e-10, 1.9450593913283845e-09, -3.3837864442750223e-10, -3.8673955568138175e-11, 0.9991872370885101, -0.04030961720767658, -0.14000000012385497, -1.9482018590186275e-09, 0.0403096172076764, 0.99918723708851, 3.952769798976075e-09, 0.0, 0.0, 0.0, 1.0]}, {"left_foot_pose": [1.0000000000000007, -4.745507128375834e-11, 1.7843125865724133e-09, -3.050823183977976e-10, 1.553581808680769e-11, 0.9998400549891612, 0.01788475438109962, 2.257301220942587e-10, -1.7848760924397021e-09, -0.01788475438109988, 0.9998400549891615, 3.6283766477462898e-09, 0.0, 0.0, 0.0, 1.0], "right_foot_pose": [0.9999999999999998, 1.3187818333295832e-11, 1.7816954023253118e-09, -3.072885929681947e-10, -4.424656279080505e-12, 0.9999879049685717, -0.004918324569083235, -0.14000000023793022, -1.7817388733792415e-09, 0.004918324569083056, 0.9999879049685716, 3.725663215436992e-09, 0.0, 0.0, 0.0, 1.0]}, {"left_foot_pose": [1.0000000000000004, -1.0593755309255391e-10, 1.408086591769833e-09, -2.4501059968349066e-10, 3.459424428462757e-11, 0.9987204779256978, 0.050570811461421915, 8.539282995989605e-11, -1.4116424752878037e-09, -0.05057081146142218, 0.9987204779256981, 2.8293640902399275e-09, 0.0, 0.0, 0.0, 1.0], "right_foot_pose": [0.9999999999999999, -5.7613627892801124e-11, 1.3936718445961564e-09, -2.3948240649006366e-10, 1.8978304822390098e-11, 0.9996161115919024, 0.027706126504529714, -0.14000000026858675, -1.3947332202103759e-09, -0.027706126504529898, 0.9996161115919026, 3.036202629591589e-09, 0.0, 0.0, 0.0, 1.0]}, {"left_foot_pose": [1.0000000000000007, -1.1511481178020931e-10, 9.85263648445314e-10, -1.4256468263643928e-10, 3.73608398753071e-11, 0.9969096893976593, 0.07855616579914608, 3.405388054877889e-10, -9.912620802027177e-10, -0.07855616579914634, 0.9969096893976597, 1.9587883606786427e-09, 0.0, 0.0, 0.0, 1.0], "right_foot_pose": [0.9999999998914716, -1.4707768787126722e-05, -8.591310894367267e-07, -8.158671252165558e-10, 1.473283931194626e-05, 0.9983134488819624, 0.05805391945721531, -0.1402953845897772, 3.838496378017672e-09, -0.05805391946357242, 0.9983134489903043, 0.0025540276207300996, 0.0, 0.0, 0.0, 1.0]}, {"left_foot_pose": [1.0000000000000004, -9.230463218270196e-11, 6.13613104771817e-10, -6.02745067601169e-11, 2.969870004106947e-11, 0.9948604349583817, 0.10125569097300428, 4.046502239188343e-10, -6.198060523723501e-10, -0.10125569097300456, 0.9948604349583817, 1.2381750416623483e-09, 0.0, 0.0, 0.0, 1.0], "right_foot_pose": [0.9999999981965895, -5.9814233479079684e-05, -5.392430474315453e-06, -1.5779295269854622e-09, 6.005681176259198e-05, 0.9959816231007411, 0.08955781841242369, -0.1412041175778077, 1.3929395841907348e-08, -0.08955781857476652, 0.9959816248968295, 0.009396444515687476, 0.0, 0.0, 0.0, 1.0]}, {"left_foot_pose": [1.0000000000000004, -5.66277604011561e-11, 3.221202193870465e-10, -1.6519938322967718e-11, 1.8077781381588788e-11, 0.9929612981757132, 0.11843926851008145, 3.098040496016252e-10, -3.265602410189768e-10, -0.11843926851008169, 0.9929612981757134, 6.652834672049579e-10, 0.0, 0.0, 0.0, 1.0], "right_foot_pose": [0.9999999914816378, -0.0001295468718196646, -1.5947789650249355e-05, -1.6861413221585404e-09, 0.00013052479930752137, 0.9925334584403059, 0.12197260692385922, -0.14261698501999903, 2.754514137815202e-08, -0.12197260796643462, 0.992533466894626, 0.017948746652069525, 0.0, 0.0, 0.0, 1.0]}, {"left_foot_pose": [1.0000000000000002, -2.308736113649053e-11, 1.1962431045731183e-10, -1.64648216943824e-12, 7.33876449505253e-12, 0.9915120468153544, 0.1300148492289533, 1.4283697922362615e-10, -1.2161102140156098e-10, -0.13001484922895357, 0.9915120468153543, 2.408815230614536e-10, 0.0, 0.0, 0.0, 1.0], "right_foot_pose": [0.9999999756678299, -0.00021799508837530153, -3.38006021580168e-05, -1.01142919389e-09, 0.0002205999488288708, 0.9882216480220068, 0.1530291662276547, -0.14442297438690443, 4.288015282433912e-08, -0.1530291699605343, 0.9882216720661351, 0.025615561045777356, 0.0, 0.0, 0.0, 1.0]}, {"left_foot_pose": [1.0000000000000004, -2.765396317233895e-12, 1.3677003973811052e-11, -1.4375299146827032e-12, 8.816820946685406e-13, 0.990726180710933, 0.13587359881128006, 1.3242788809986195e-11, -1.392638544749281e-11, -0.13587359881128033, 0.990726180710933, 1.8703164017530582e-11, 0.0, 0.0, 0.0, 1.0], "right_foot_pose": [0.9999999472702895, -0.0003195551311318453, -5.78267785694118e-05, -1.1535576036423372e-10, 0.0003247451538255099, 0.9840491971621473, 0.17789623971607152, -0.1465110698218215, 5.6738815456590715e-08, -0.17789624911462057, 0.9840492490474982, 0.029801513700294872, 0.0, 0.0, 0.0, 1.0]}, {"left_foot_pose": [1.0000000000000004, -2.3147976903298023e-12, 1.1272482947077882e-11, -1.5858932625577476e-12, 7.60864773265266e-13, 0.9907125344911816, 0.13597306351649344, -3.0967103881174296e-12, -1.1482730052993663e-11, -0.1359730635164937, 0.9907125344911815, 2.1105249492503475e-11, 0.0, 0.0, 0.0, 1.0], "right_foot_pose": [0.9999999043304465, -0.0004291893163460992, -8.447264770227959e-05, -2.6097306998314537e-11, 0.0004374232426498503, 0.9812050112054098, 0.19296770363534532, -0.14877025077437983, 6.530843492903919e-08, -0.19296772212451094, 0.9812051050713471, 0.030000000461972848, 0.0, 0.0, 0.0, 1.0]}, {"left_foot_pose": [1.0000000000000007, -2.1196783351904572e-11, 1.091490786642173e-10, -1.6983090533347508e-11, 6.777014752466185e-12, 0.9914543650652116, 0.13045398419802698, -1.8630711556832935e-11, -1.1098180606279073e-10, -0.13045398419802717, 0.9914543650652116, 2.1317450582536424e-10, 0.0, 0.0, 0.0, 1.0], "right_foot_pose": [0.9999998470416657, -0.0005417182266215937, -0.00011161544886550562, -1.9708168499333527e-12, 0.0005530973158245801, 0.9794514730940178, 0.20167921543212408, -0.15108950832152374, 6.860888086841934e-08, -0.20167924631781253, 0.9794516229016491, 0.03000000010132072, 0.0, 0.0, 0.0, 1.0]}, {"left_foot_pose": [1.0000000000000004, -5.6199142583501e-11, 3.172678231244686e-10, -5.218024456643465e-11, 1.799381497949798e-11, 0.9928752203236154, 0.11915870453866562, 1.267782753777702e-12, -3.2170413269787633e-10, -0.1191587045386659, 0.9928752203236153, 6.24070621568773e-10, 0.0, 0.0, 0.0, 1.0], "right_foot_pose": [0.9999997780684797, -0.0006522904997924012, -0.00013557320789403038, -3.1986970614828e-11, 0.0006662304304501239, 0.9790963548564309, 0.20339588010543325, -0.15335783032116346, 6.603337531997015e-08, -0.2033959252884732, 0.9790965721398689, 0.029910817251696878, 0.0, 0.0, 0.0, 1.0]}, {"left_foot_pose": [1.0000000000000004, -9.894776483080173e-11, 6.549019104795681e-10, -9.79912998348023e-11, 3.183868880918722e-11, 0.9948162137039681, 0.1016892371477986, 2.871537296139648e-10, -6.615692051993687e-10, -0.10168923714779887, 0.9948162137039686, 1.3677389290589481e-09, 0.0, 0.0, 0.0, 1.0], "right_foot_pose": [0.9999997025592118, -0.0007568769798242074, -0.00014838707933905745, -9.087807312904952e-10, 0.000771285605206436, 0.9813322902394855, 0.1923183331142423, -0.1554641990082764, 5.571327737822863e-08, -0.19231839035974416, 0.9813325821195554, 0.026127193860010542, 0.0, 0.0, 0.0, 1.0]}, {"left_foot_pose": [1.0000000000000007, -1.284430663155863e-10, 1.1092761154074562e-09, -1.550161200519738e-10, 4.16765366044219e-11, 0.9969636965501965, 0.07786775816066978, 5.896481618944405e-10, -1.1159098099009765e-09, -0.07786775816067006, 0.9969636965501963, 2.416713683339733e-09, 0.0, 0.0, 0.0, 1.0], "right_foot_pose": [0.9999996278515768, -0.0008502956295080459, -0.00014592480844166075, -1.6765252621437732e-09, 0.0008627263214253125, 0.985598855982988, 0.1690980508117094, -0.15729760512685412, 3.999069598777614e-08, -0.16909811377530984, 0.9855992227663486, 0.018648971576124627, 0.0, 0.0, 0.0, 1.0]}, {"left_foot_pose": [1.0000000000000004, -1.1829238729609656e-10, 1.6662983770565658e-09, -2.369577980040595e-10, 3.863692368479383e-11, 0.9988606012805765, 0.04772315171283703, 8.016567080298964e-10, -1.6700451904809353e-09, -0.0477231517128373, 0.9988606012805763, 3.68976467435278e-09, 0.0, 0.0, 0.0, 1.0], "right_foot_pose": [0.999999562872214, -0.0009260527090343626, -0.00012915789040812147, -1.6913577705808219e-09, 0.0009350162458690197, 0.9904164497141859, 0.13811003540716155, -0.15874704064486195, 2.2926836864822573e-08, -0.1381100958001536, 0.9904168826499636, 0.01007152474956316, 0.0, 0.0, 0.0, 1.0]}, {"left_foot_pose": [1.0000000000000007, -3.8874247139345896e-11, 2.2665277432665233e-09, -3.50323709507011e-10, 1.2577094367904692e-11, 0.9999327016452653, 0.011601387003367481, 8.231845292222539e-10, -2.2668265091812894e-09, -0.01160138700336775, 0.9999327016452654, 5.012048692742965e-09, 0.0, 0.0, 0.0, 1.0], "right_foot_pose": [0.9999995172299672, -0.000977486616692073, -0.00010029828737839243, -1.0235285197642764e-09, 0.0009826188641598396, 0.9947772978330403, 0.10206450007795202, -0.15970149415745952, 7.776429967399222e-09, -0.1020645493592594, 0.9947777780811607, 0.002990226384773559, 0.0, 0.0, 0.0, 1.0]}, {"left_foot_pose": [1.0000000000000002, 1.1765440317240832e-10, 2.694439782402467e-09, -4.6564476504103543e-10, -3.892374273362282e-11, 0.9995735618222253, -0.029200933307531464, 5.449653089906192e-10, -2.6967264945461097e-09, 0.0292009333075312, 0.9995735618222252, 5.845937359194586e-09, 0.0, 0.0, 0.0, 1.0], "right_foot_pose": [0.9999995000024351, -0.0009980728313649506, -6.201211560230078e-05, -4.536025913571878e-10, 0.0009999974395885818, 0.9980747274314125, 0.062014824581160505, -0.1600499509056108, -2.5861792313538055e-09, -0.06201485558585626, 0.9980752264667553, 4.6997791891545404e-07, 0.0, 0.0, 0.0, 1.0]}, {"left_foot_pose": [1.0000000000000007, 2.953769528247719e-10, 2.755056127679007e-09, -5.168905652506932e-10, -9.65189635933775e-11, 0.997411725397868, -0.07190166923548433, 7.37522024354953e-10, -2.7691636238335896e-09, 0.07190166923548402, 0.9974117253978684, 6.414222986084184e-09, 0.0, 0.0, 0.0, 1.0], "right_foot_pose": [0.999999500000015, -0.0009998151126331969, -1.9221358264093733e-05, -5.152383879587102e-10, 0.000999999860027781, 0.9998146991186512, 0.019224136562167798, -0.16005000055218088, -2.7857327832927604e-09, -0.01922414617145556, 0.9998151990262893, 5.844139831789885e-09, 0.0, 0.0, 0.0, 1.0]}, {"left_foot_pose": [1.0000000000000004, 4.159793836469386e-10, 2.4690468558574633e-09, -4.6466776359121436e-10, -1.3331160937041794e-10, 0.9935496779284256, -0.11339769613322334, 7.690179604225023e-10, -2.500292061636528e-09, 0.11339769613322302, 0.9935496779284255, 6.324331530693783e-09, 0.0, 0.0, 0.0, 1.0], "right_foot_pose": [0.9999995000000699, -0.000999732587065546, 2.3116324591459617e-05, -4.68312895365145e-10, 0.0009999998050484917, 0.9997323408498646, -0.02311377639504533, -0.16005000028987057, -2.5418235179888677e-09, 0.02311378795447865, 0.9997328407161562, 5.163585337086829e-09, 0.0, 0.0, 0.0, 1.0]}, {"left_foot_pose": [0.9999999999842386, -5.548340599418783e-06, 8.601077086668416e-07, -3.373815830929296e-07, 5.6145943104157215e-06, 0.9885787723818609, -0.1507050455839166, -0.00011228487296326833, -1.4121300066676881e-08, 0.1507050455863701, 0.9885787723974306, 0.0005097167872927452, 0.0, 0.0, 0.0, 1.0], "right_foot_pose": [0.9999995000001012, -0.0009980757582282132, 6.200264762352093e-05, -3.32326396394026e-10, 0.0009999997737356, 0.9980756088875352, -0.06200063664373573, -0.16005000029090868, -1.997850702635599e-09, 0.062000667646057106, 0.9980761079253642, 3.979399650078097e-09, 0.0, 0.0, 0.0, 1.0]}, {"left_foot_pose": [0.9999999978771981, -6.407322042332622e-05, 1.1841767488808398e-05, -3.912229289471611e-06, 6.515828911499529e-05, 0.9834830555575431, -0.18100020769489975, -0.0013031213584555439, -4.8911469009425155e-08, 0.18100020808226108, 0.9834830576447043, 0.005396173258385435, 0.0, 0.0, 0.0, 1.0], "right_foot_pose": [0.9999995000001058, -0.0009954511643199676, 9.52707618679989e-05, -1.9510387509952872e-10, 0.0009999997693054675, 0.9954510315185527, -0.09526932270731588, -0.16005000047416598, -1.4199622960826296e-09, 0.09526937034340427, 0.995451529244077, 2.773916159271028e-09, 0.0, 0.0, 0.0, 1.0]}, {"left_foot_pose": [0.9999999836461988, -0.00017702762115762153, 3.699762560111293e-05, -1.0857086873295546e-05, 0.00018085241422357347, 0.9789472020357147, -0.2041135539812365, -0.0036169496614422564, -8.498515681518492e-08, 0.20411355733431358, 0.978947218042079, 0.013366542897297808, 0.0, 0.0, 0.0, 1.0], "right_foot_pose": [0.9999995000000941, -0.0009924661469559357, 0.00012251737875640893, -1.0373933682976356e-10, 0.0009999997804750413, 0.9924659827193812, -0.12251641990072976, -0.16005000045102502, -9.315100755784272e-10, 0.12251648115988306, 0.9924664789524126, 1.7837049406943528e-09, 0.0, 0.0, 0.0, 1.0]}, {"left_foot_pose": [0.9999999416470077, -0.00033334994285420274, 7.472481400972529e-05, -2.050683772804048e-05, 0.00034162255310051296, 0.9758584233308109, -0.21840380241272442, -0.006832297274239785, -1.1594412994627233e-07, 0.2184038151958904, 0.9758584802664099, 0.02182544396179878, 0.0, 0.0, 0.0, 1.0], "right_foot_pose": [0.9999995000000772, -0.0009896004871113963, 0.000143841827004559, -5.3788282001706635e-11, 0.0009999997976434412, 0.9896002713398298, -0.1438412422239892, -0.16005000029383745, -5.476621845845349e-10, 0.14384131414517692, 0.9896007661400573, 1.0149425119787558e-09, 0.0, 0.0, 0.0, 1.0]}, {"left_foot_pose": [0.9999998561407163, -0.0005231699241096689, 0.00011837136019216961, -3.2196969349565305e-05, 0.0005363940063612212, 0.9754018508317408, -0.22043353119588094, -0.010727696108119467, -1.3545002987680238e-07, 0.22043356297815864, 0.9754019911363403, 0.02817750458109941, 0.0, 0.0, 0.0, 1.0], "right_foot_pose": [0.9999995000000603, -0.0009872122570311, 0.00015941012686910246, -2.960977426110954e-11, 0.0009999998144904303, 0.9872119890439214, -0.15940981365121618, -0.16005000009299575, -2.6649271750303315e-10, 0.15940989335641614, 0.9872124826500605, 4.757157168189252e-10, 0.0, 0.0, 0.0, 1.0]}, {"left_foot_pose": [0.9999997156723835, -0.0007377888865895906, 0.00015595740405539821, -4.526388075332352e-05, 0.000754092258259584, 0.9784177168953504, -0.206635434062401, -0.015081679488918108, -1.38160382179598e-07, 0.2066354929165113, 0.9784179950650602, 0.03000000133539129, 0.0, 0.0, 0.0, 1.0], "right_foot_pose": [0.9999995000000479, -0.0009855541906203503, 0.0001693593550682933, -1.2354600459671796e-11, 0.0009999998268992972, 0.9855538833185095, -0.1693592131422217, -0.16004999998103317, -8.783142022012159e-11, 0.16935929782194892, 0.9855543760956349, 1.899517140802054e-10, 0.0, 0.0, 0.0, 1.0]}, {"left_foot_pose": [0.9999995162217489, -0.0009671112092281332, 0.0001795889142690199, -5.9042925614546064e-05, 0.0009836443733868521, 0.9832148039555656, -0.18244912092516755, -0.019672769280475566, -1.2588917498219348e-07, 0.1824492093118756, 0.9832152795911261, 0.03000000228696105, 0.0, 0.0, 0.0, 1.0], "right_foot_pose": [0.9999995000000421, -0.00098472173627155, 0.00017413433744795608, -5.548677023490406e-14, 0.0009999998326820606, 0.9847214102922671, -0.17413427035579007, -0.16004999999566794, -9.302966069887547e-12, 0.1741343574229704, 0.9847219026531753, 2.3672702686994285e-11, 0.0, 0.0, 0.0, 1.0]}, {"left_foot_pose": [0.9999992631289386, -0.0011998459046480624, 0.0001846926805837643, -7.28688896306057e-05, 0.001213977582360817, 0.9883714146563879, -0.15205417767546225, -0.024279492506553615, -1.0338361686902543e-07, 0.15205428984391248, 0.9883721429401247, 0.03000000313785, 0.0, 0.0, 0.0, 1.0], "right_foot_pose": [0.9999995000000423, -0.0009847308661006474, 0.00017408270033314978, -1.812995703543395e-12, 0.0009999998326033423, 0.9847305402189802, -0.17408263313831854, -0.16004999999800357, -9.43863584417571e-12, 0.17408272017968032, 0.9847310325844529, 1.426748302835179e-11, 0.0, 0.0, 0.0, 1.0]}, {"left_foot_pose": [0.9999989717946366, -0.0014248247047235025, 0.00016212412280783127, -8.607746374629519e-05, 0.0014340187115586072, 0.9935933508835221, -0.11300529487767366, -0.02868038195927007, -7.271453359764125e-08, 0.11300541117404878, 0.9935943724907966, 0.02875533747074402, 0.0, 0.0, 0.0, 1.0], "right_foot_pose": [0.999999500000049, -0.0009859725955893377, 0.00016690623861587665, -1.8381057374279195e-11, 0.0009999998258710648, 0.9859722910342107, -0.16690608530876996, -0.16005000006946865, -1.0032461812035749e-10, 0.16690616876194483, 0.9859727840205372, 2.1927353682782424e-10, 0.0, 0.0, 0.0, 1.0]}, {"left_foot_pose": [0.9999986671525323, -0.001628551429056102, 0.00011624716174166417, -9.800413132985986e-05, 0.0016326950597090417, 0.99746255754423, -0.07117429735632486, -0.03265396010568587, -4.118758651853235e-08, 0.07117439228800922, 0.9974638870066587, 0.022909779460478785, 0.0, 0.0, 0.0, 1.0], "right_foot_pose": [0.9999995000000597, -0.0009876577205610597, 0.00015662648826825733, -3.598489005553337e-11, 0.000999999814905555, 0.9876574504310768, -0.15662618110761495, -0.16005000023276036, -2.6106014676146576e-10, 0.15662625942099284, 0.9876579442599485, 6.01139790723515e-10, 0.0, 0.0, 0.0, 1.0]}, {"left_foot_pose": [0.9999983819184541, -0.001798088290684576, 5.512688273038386e-05, -0.00010798295204829045, 0.0017989331488585912, 0.9995289999960256, -0.030635632953667998, -0.03597874702828963, -1.5345076791771618e-08, 0.030635682552292126, 0.9995306173172265, 0.014590975877067001, 0.0, 0.0, 0.0, 1.0], "right_foot_pose": [0.9999995000000725, -0.0009899179225172198, 0.0001416407832812767, -6.432481573082202e-11, 0.0009999998024045995, 0.9899176905741423, -0.14164026930485502, -0.16005000035525904, -4.759419659284684e-10, 0.14164034012548568, 0.9899181855330957, 1.0571405348325236e-09, 0.0, 0.0, 0.0, 1.0]}, {"left_foot_pose": [0.9999981536115425, -0.0019216317792309647, -1.0237757599414769e-05, -0.00011534911013504581, 0.0019216590505686207, 0.9999839618298715, 0.005327598852044836, -0.03843327095506725, -8.98567308876588e-11, -0.005327608688707627, 0.9999858081921269, 0.0063942995508796605, 0.0, 0.0, 0.0, 1.0], "right_foot_pose": [0.9999995000000823, -0.000992491192402454, 0.0001223144218346956, -1.0997096181413315e-10, 0.0009999997923923526, 0.9924909896382557, -0.12231367661586716, -0.16005000035015726, -7.148220767481535e-10, 0.12231373777343522, 0.9924914858838293, 1.5088247526384713e-09, 0.0, 0.0, 0.0, 1.0]}, {"left_foot_pose": [0.9999980203485815, -0.001988509338391435, -7.162073490270603e-05, -0.00011943823342520994, 0.0019897987130691043, 0.9993500795175168, 0.03599248906946174, -0.039796062012973935, 2.786493398317888e-09, -0.035992560327726096, 0.9993520578860365, 0.0009151260392061752, 0.0, 0.0, 0.0, 1.0], "right_foot_pose": [0.999999500000085, -0.0009950505766036122, 9.936765060609093e-05, -1.5966908901780244e-10, 0.0009999997899927033, 0.995050378775389, -0.09936671323624935, -0.1600500001585427, -9.130728909149896e-10, 0.09936676292053073, 0.9950508763006517, 1.8425452066872516e-09, 0.0, 0.0, 0.0, 1.0]}, {"left_foot_pose": [0.9999980000006081, -0.0019961536800582845, -0.00012395673071848354, -0.00012005013849251402, 0.0019999986963748135, 0.9980754637368517, 0.06197877613896235, -0.040000059987358165, -9.905805151811954e-10, -0.06197890009474782, 0.9980774598912883, 1.976790585389576e-09, 0.0, 0.0, 0.0, 1.0], "right_foot_pose": [0.9999995000000772, -0.0009972263567492158, 7.442572291227974e-05, -1.6143425342472382e-10, 0.000999999797412695, 0.9972261340564824, -0.07442471064886855, -0.1600499999926386, -9.928817468331309e-10, 0.07442474786222665, 0.9972266326696474, 1.981515243554277e-09, 0.0, 0.0, 0.0, 1.0]}, {"left_foot_pose": [0.9999980000005884, -0.0019923634935744183, -0.0001745924791009163, -0.00012005012508635804, 0.001999998706071326, 0.99618035759959, 0.08729659293425943, -0.04000006003666449, -9.466109403787426e-10, -0.08729676752585744, 0.9961823499638697, 1.888036983699326e-09, 0.0, 0.0, 0.0, 1.0], "right_foot_pose": [0.9999995000000641, -0.0009987953464934676, 4.9066049055640024e-05, -1.4219356622740447e-10, 0.0009999998106730533, 0.9987950822971139, -0.04906509532732892, -0.16005000004012065, -9.39616388726362e-10, 0.04906511986082401, 0.9987955816947944, 1.900227405982058e-09, 0.0, 0.0, 0.0, 1.0]}, {"left_foot_pose": [0.99999800000059, -0.0019876928710182732, -0.0002215217183730474, -0.00012005010928817055, 0.0019999987053016905, 0.9938450499102225, 0.11076107969014592, -0.040000060065640615, -7.452340376487133e-10, -0.11076130121120205, 0.9938470376038773, 1.4980890972182692e-09, 0.0, 0.0, 0.0, 1.0], "right_foot_pose": [0.9999995000000508, -0.00099967686873894, 2.5412721091083237e-05, -1.2339607207738292e-10, 0.0009999998241422392, 0.9996765633311161, -0.025411979986627288, -0.