{"LoopMode": "Wrap", "FrameDuration": 0.0167, "EnableCycleOffsetPosition": true, "EnableCycleOffsetRotation": false, "Debug_info": [{"left_foot_pose": [0.9999999999929866, -3.745003300131976e-06, -4.704019329608343e-08, 5.484950900392303e-05, 3.745298719742674e-06, 0.9999211634122541, 0.012556549934502212, -4.8696483060980955e-05, 1.2163589014958056e-11, -0.0125565499345905, 0.9999211634192673, 2.3785806657627973e-11, 0.0, 0.0, 0.0, 1.0], "right_foot_pose": [0.9999999999111469, -1.3329813149309054e-05, 1.4928084307594356e-07, -8.214657576017037e-05, 1.3330649022728411e-05, 0.9999372865156521, -0.011199234706368336, -0.14029878861918693, 1.2224723352232677e-11, 0.011199234707363108, 0.9999372866045, 2.0821212809440937e-11, 0.0, 0.0, 0.0, 1.0]}, {"left_foot_pose": [0.9999999999929869, -3.7451464995675775e-06, -3.3762279694133344e-08, 5.4849511348075295e-05, 3.7452986792118755e-06, 0.9999594327454342, 0.00900737749864274, -4.869648161052835e-05, 2.696173166239215e-11, -0.009007377498706188, 0.9999594327524477, 5.1809133372326954e-11, 0.0, 0.0, 0.0, 1.0], "right_foot_pose": [0.9999999999111469, -1.3329199595089675e-05, 1.9658349642578912e-07, -8.21465736038873e-05, 1.333064915590409e-05, 0.9998912309992275, -0.014748762427502967, -0.14029878862161155, 2.708387314738349e-11, 0.014748762428812928, 0.999891231088071, 4.7308296169390474e-11, 0.0, 0.0, 0.0, 1.0]}, {"left_foot_pose": [0.9999999999929867, -3.7452673612272594e-06, -1.5323425972474895e-08, 5.484951451200476e-05, 3.7452987083417307e-06, 0.9999916816729465, 0.004078795273888037, -4.8696479082921754e-05, 4.711948974427676e-11, -0.004078795273916993, 0.99999168167996, 8.994854860944201e-11, 0.0, 0.0, 0.0, 1.0], "right_foot_pose": [0.999999999911147, -1.3328068644831422e-05, 2.6229789334983286e-07, -8.214657060984787e-05, 1.333064942100309e-05, 0.9998063327957932, -0.01967985578507656, -0.14029878862434303, 4.737385935462795e-11, 0.019679855786824393, 0.9998063328846292, 8.372779553011966e-11, 0.0, 0.0, 0.0, 1.0]}, {"left_foot_pose": [0.9999999999929867, -3.7452899859945873e-06, 8.165103981899233e-09, 5.4849518441567796e-05, 3.745298885986063e-06, 0.9999975813159789, -0.002199397227845129, -4.8696475250378096e-05, 7.229602449429503e-11, 0.00219939722786011, 0.9999975813229928, 1.3777426421945904e-10, 0.0, 0.0, 0.0, 1.0], "right_foot_pose": [0.9999999999111469, -1.3326157511967752e-05, 3.460528146815575e-07, -8.214656680838436e-05, 1.3330649893411823e-05, 0.9996628616708475, -0.025964645546310155, -0.14029878862704934, 7.280913232827832e-11, 0.025964645548616078, 0.999662861759671, 1.2948567912340891e-10, 0.0, 0.0, 0.0, 1.0]}, {"left_foot_pose": [0.9999999999929867, -3.745120103522583e-06, 3.663788245019068e-08, 5.484952317730744e-05, 3.745299309291082e-06, 0.9999518827881226, -0.009809795842036229, -4.869646974606928e-05, 1.027438559654954e-10, 0.00980979584210447, 0.9999518827951359, 1.9602014456054917e-10, 0.0, 0.0, 0.0, 1.0], "right_foot_pose": [0.9999999999111469, -1.3323132458571739e-05, 4.476481884064519e-07, -8.21465621339506e-05, 1.3330650674301576e-05, 0.9994357589449632, -0.03358814618878367, -0.14029878862940248, 1.0371365499273894e-10, 0.033588146191766546, 0.9994357590337662, 1.8507723825722522e-10, 0.0, 0.0, 0.0, 1.0]}, {"left_foot_pose": [0.9999999999929867, -3.7446434578173877e-06, 7.013037828247867e-08, 5.484952885993947e-05, 3.7453001053600257e-06, 0.9998239763258226, -0.01876209876305486, -4.86964620150486e-05, 1.393367297751623e-10, 0.01876209876318575, 0.999823976332835, 2.666738010970171e-10, 0.0, 0.0, 0.0, 1.0], "right_foot_pose": [0.9999999999111464, -1.3318577459331612e-05, 5.672518270106451e-07, -8.214655641461672e-05, 1.3330651902945907e-05, 0.9990937841103253, -0.042563016509688426, -0.14029878863102635, 1.410577068848048e-10, 0.042563016513468256, 0.9990937841990979, 2.521637343377847e-10, 0.0, 0.0, 0.0, 1.0]}, {"left_foot_pose": [0.9999999999929868, -3.7437210295071057e-06, 1.0879258721681559e-07, 5.484953572375099e-05, 3.745301448842743e-06, 0.9995766005745301, -0.029096727820150325, -4.86964512645318e-05, 1.835071115847136e-10, 0.029096727820353538, 0.9995766005815407, 3.5292727768032606e-10, 0.0, 0.0, 0.0, 1.0], "right_foot_pose": [0.9999999999111467, -1.331197473517519e-05, 7.05449307414424e-07, -8.214654937267269e-05, 1.3330653773999341e-05, 0.9985980502103039, -0.052933297067851943, -0.14029878863141382, 1.8641025562350187e-10, 0.05293329707255259, 0.9985980502990326, 3.3348583616810146e-10, 0.0, 0.0, 0.0, 1.0]}, {"left_foot_pose": [0.9999999999929867, -3.7421821215180557e-06, 1.5287884663768799e-07, 5.4849544080700594e-05, 3.7453035816500907e-06, 0.9991639787815577, -0.040882068090795795, -4.869643642502891e-05, 2.37107298171738e-10, 0.04088206809108147, 0.9991639787885658, 4.5901264733583247e-10, 0.0, 0.0, 0.0, 1.0], "right_foot_pose": [0.9999999999111466, -1.330267920048253e-05, 8.632093437822285e-07, -8.214654063411629e-05, 1.3330656556433596e-05, 0.9979001019378099, -0.06477180231244486, -0.1402987886298251, 2.418150559939783e-10, 0.0647718023181967, 0.9979001020264767, 4.326460578685243e-10, 0.0, 0.0, 0.0, 1.0]}, {"left_foot_pose": [0.9999999999929869, -3.739816976433042e-06, 2.0271231232500918e-07, 5.4849554272473584e-05, 3.7453068245537373e-06, 0.9985298348782641, -0.05420487841477323, -4.869641618384171e-05, 3.0203249661731686e-10, 0.05420487841515209, 0.9985298348852676, 5.896155369500278e-10, 0.0, 0.0, 0.0, 1.0], "right_foot_pose": [0.9999999999111469, -1.3289892854977386e-05, 1.0417581620681681e-06, -8.214652977263128e-05, 1.3330660601449588e-05, 0.9969399914289083, -0.07817066784940414, -0.14029878862518225, 3.094267742554687e-10, 0.07817066785634562, 0.99693999151749, 5.534767991144385e-10, 0.0, 0.0, 0.0, 1.0]}, {"left_foot_pose": [0.9999999999929867, -3.7363729860046443e-06, 2.5860324515132817e-07, 5.4849566519830704e-05, 3.7453115474972477e-06, 0.9976063996672773, -0.06914818384358325, -4.869638927652159e-05, 3.7915351118040193e-10, 0.06914818384406664, 0.9976063996742747, 7.479526928366731e-10, 0.0, 0.0, 0.0, 1.0], "right_foot_pose": [0.9999999999111466, -1.3272655726375068e-05, 1.2422858523542799e-06, -8.214651646641508e-05, 1.3330666300653238e-05, 0.9956456062186999, -0.09321923964338612, -0.14029878861603698, 3.9042424611017866e-10, 0.09321923965166364, 0.9956456063071669, 6.981557068574951e-10, 0.0, 0.0, 0.0, 1.0]}, {"left_foot_pose": [0.9999999999929865, -3.7315652989269057e-06, 3.2066736360699063e-07, 5.484958048919433e-05, 3.7453180004261216e-06, 0.9963173728790958, -0.08574201120378698, -4.869635553325126e-05, 4.6544803753223557e-10, 0.08574201120438642, 0.9963173728860838, 9.301606984646327e-10, 0.0, 0.0, 0.0, 1.0], "right_foot_pose": [0.9999999999111462, -1.3249898172370262e-05, 1.4652865792386946e-06, -8.214650097332273e-05, 1.3330673880445623e-05, 0.9939366374113944, -0.10995435704701935, -0.14029878860087133, 4.820189247504302e-10, 0.10995435705678266, 0.9939366374997095, 8.619668312448425e-10, 0.0, 0.0, 0.0, 1.0]}, {"left_foot_pose": [0.9999999999929867, -3.72513004742421e-06, 3.884216937533763e-07, 5.4849594154185876e-05, 3.7453257516721053e-06, 0.9945925933046909, -0.10385361490782707, -4.869631885188498e-05, 5.468815785586825e-10, 0.1038536149085533, 0.9945925933116669, 1.1104854188981328e-09, 0.0, 0.0, 0.0, 1.0], "right_foot_pose": [0.9999999999111464, -1.3220671185601403e-05, 1.7090804961817638e-06, -8.21464854132848e-05, 1.3330682743872478e-05, 0.9917420098538436, -0.1282489209052135, -0.14029878857948838, 5.698867114205324e-10, 0.12824892091660114, 0.9917420099419644, 1.0199242492237026e-09, 0.0, 0.0, 0.0, 1.0]}, {"left_foot_pose": [0.9999999999929867, -3.716990972204591e-06, 4.598825397717658e-07, 5.484960118297797e-05, 3.745332228328642e-06, 0.9924137751396253, -0.12294266508861247, -4.869629414697846e-05, 5.83008593051366e-10, 0.12294266508947244, 0.9924137751465862, 1.2072449429023635e-09, 0.0, 0.0, 0.0, 1.0], "right_foot_pose": [0.9999999999111462, -1.3184845519580878e-05, 1.9665043459183566e-06, -8.21464767530431e-05, 1.3330689792578111e-05, 0.9890527409593147, -0.14756244584297032, -0.14029878855715683, 6.115393099953918e-10, 0.14756244585607356, 0.9890527410471972, 1.0969656849546539e-09, 0.0, 0.0, 0.0, 1.0]}, {"left_foot_pose": [0.9999999999929866, -3.707706807552909e-06, 5.295362954794316e-07, 5.48495868998696e-05, 3.7453301891794834e-06, 0.9899362468703816, -0.14151405272323966, -4.869631771979577e-05, 4.854437669915274e-10, 0.14151405272423026, 0.9899362468773253, 1.030064283868981e-09, 0.0, 0.0, 0.0, 1.0], "right_foot_pose": [0.9999999999111462, -1.3144959565282077e-05, 2.2174857419733063e-06, -8.214649145166972e-05, 1.333068658129133e-05, 0.9860613115136121, -0.1663823601177366, -0.14029878855260874, 5.124970033749768e-10, 0.1663823601325134, 0.9860613116012281, 9.239524145776556e-10, 0.0, 0.0, 0.0, 1.0]}, {"left_foot_pose": [0.9999999999922509, -3.886308746975898e-06, 6.290529642184097e-07, 5.144744063170757e-05, 3.936890033204449e-06, 0.9871348395956383, -0.15988998855774372, -5.482970671177173e-05, 4.217640559133175e-10, 0.15988998855898098, 0.9871348396032883, 0.002758523703381005, 0.0, 0.0, 0.0, 1.0], "right_foot_pose": [0.9999999999111464, -1.3107175703199294e-05, 2.430812963583133e-06, -8.214651552592904e-05, 1.3330675394256145e-05, 0.9832295574737105, -0.1823722487999334, -0.1402987887578246, 3.3795384036852116e-10, 0.1823722488161332, 0.9832295575610748, 5.332981001249237e-10, 0.0, 0.0, 0.0, 1.0]}, {"left_foot_pose": [0.9999999999899913, -4.402054968344322e-06, 7.998488743000416e-07, 4.200158163578874e-05, 4.474130768163394e-06, 0.9838827039673497, -0.1788150575703275, -7.184593116307814e-05, 1.9623920192781495e-10, 0.1788150575721162, 0.9838827039771976, 0.009084482763975547, 0.0, 0.0, 0.0, 1.0], "right_foot_pose": [0.9999999999111466, -1.3076173412793683e-05, 2.5923453464971864e-06, -8.214652163647796e-05, 1.333066260510384e-05, 0.9809070363547583, -0.1944772116522088, -0.14029878878130048, 1.6795328220778875e-10, 0.19447721166948648, 0.9809070364419157, 2.4516388918982557e-10, 0.0, 0.0, 0.0, 1.0]}, {"left_foot_pose": [0.9999999999860274, -5.185027703193472e-06, 1.0304550819851687e-06, 2.791339050313484e-05, 5.286430734009185e-06, 0.9808270720587886, -0.1948801033677849, -9.721572113444849e-05, -2.3950635483668237e-10, 0.19488010337050907, 0.9808270720724939, 0.015819257067615666, 0.0, 0.0, 0.0, 1.0], "right_foot_pose": [0.9999999999111467, -1.3055712922613696e-05, 2.6934477823648813e-06, -8.214654003007717e-05, 1.3330652679918197e-05, 0.9793746802054188, -0.2020525565164359, -0.1402987886936903, 4.561255441763167e-11, 0.20205255653438814, 0.9793746802924395, 5.915432726988357e-11, 0.0, 0.0, 0.0, 1.0]}, {"left_foot_pose": [0.9999999999801354, -6.171982303180742e-06, 1.2792505119098063e-06, 1.0587055740639228e-05, 6.30316166750492e-06, 0.9792092006173111, -0.20285300438168938, -0.0001284140414524182, -6.487181617697686e-10, 0.20285300438572273, 0.9792092006367625, 0.01980377342392644, 0.0, 0.0, 0.0, 1.0], "right_foot_pose": [0.9999999999111469, -1.3048577910447967e-05, 2.7277858190567206e-06, -8.214656806910292e-05, 1.3330648932465722e-05, 0.9788404150758758, -0.20462512464597576, -0.1402987886148546, -1.2227999426799294e-13, 0.20462512466415722, 0.9788404151628491, -4.1567929653929525e-12, 0.0, 0.0, 0.0, 1.0]}, {"left_foot_pose": [0.9999999999722218, -7.303085310355621e-06, 1.4908955118798895e-06, -8.570978330366464e-06, 7.453712099994764e-06, 0.9798089568196389, -0.19993600996432395, -0.0001629172581584619, -6.430390115673815e-10, 0.19993600996988245, 0.9798089568468562, 0.02000000010181139, 0.0, 0.0, 0.0, 1.0], "right_foot_pose": [0.9999999999111469, -1.3055990535855686e-05, 2.6921030483185438e-06, -8.214656203264897e-05, 1.3330652935830186e-05, 0.9793954804326688, -0.20195170890674757, -0.140298788604132, 4.6041599088940976e-11, 0.20195170892469091, 0.9793954805196913, 8.05441893736436e-11, 0.0, 0.0, 0.0, 1.0]}, {"left_foot_pose": [0.9999999999624385, -8.507635587520782e-06, 1.6566246652806518e-06, -2.8158162339170674e-05, 8.667425706139512e-06, 0.9815743119346891, -0.1910807946257762, -0.00019819392859071056, -4.5444767979057986e-10, 0.19108079463295724, 0.9815743119715585, 0.020000000394095233, 0.0, 0.0, 0.0, 1.0], "right_foot_pose": [0.9999999999111464, -1.3076971951544191e-05, 2.5883225054369174e-06, -8.214653120030245e-05, 1.333066422881362e-05, 0.9809666015811395, -0.1941765341246034, -0.14029878857620004, 1.8315839412155296e-10, 0.19417653414185407, 0.9809666016683022, 3.2100006680524373e-10, 0.0, 0.0, 0.0, 1.0]}, {"left_foot_pose": [0.9999999999512557, -9.721890601433983e-06, 1.724677130887824e-06, -4.677069820290771e-05, 9.87368563552333e-06, 0.984622333330759, -0.17469648138644114, -0.00023171885708534595, 2.2445942023755784e-10, 0.17469648139495436, 0.9846223333787546, 0.018785002107692184, 0.0, 0.0, 0.0, 1.0], "right_foot_pose": [0.9999999999111463, -1.3110657320288249e-05, 2.4120089989199944e-06, -8.214651223748292e-05, 1.333068350062223e-05, 0.9834888347663909, -0.1809688141977502, -0.14029878869934742, 4.361884133497949e-10, 0.18096881421382408, 0.9834888348537782, 7.42046327162349e-10, 0.0, 0.0, 0.0, 1.0]}, {"left_foot_pose": [0.9999999999394806, -1.0881234900142482e-05, 1.6243923701699639e-06, -6.3004114277301e-05, 1.1001814507918355e-05, 0.9890261622065701, -0.14774048311110977, -0.0002609627697727421, 1.0323491280321265e-09, 0.14774048312003957, 0.9890261622664277, 0.013357585316457893, 0.0, 0.0, 0.0, 1.0], "right_foot_pose": [0.999999999911146, -1.3155133442928069e-05, 2.1564359530269184e-06, -8.214647077985989e-05, 1.3330707081091909e-05, 0.9868196661571628, -0.1618238125485807, -0.14029878891386766, 8.004409593794347e-10, 0.16182381256294873, 0.9868196662448471, 1.3763660280941004e-09, 0.0, 0.0, 0.0, 1.0]}, {"left_foot_pose": [0.9999999999282265, -1.1901411901095217e-05, 1.3799526253912616e-06, -7.5456976347372e-05, 1.1981146533651438e-05, 0.9933306045581267, -0.11530095361548241, -0.00028339098171789937, 1.494965693136877e-09, 0.11530095362374004, 0.9933306046294242, 0.006406374191095597, 0.0, 0.0, 0.0, 1.0], "right_foot_pose": [0.9999999999111459, -1.3205694901241216e-05, 1.8215203030359217e-06, -8.214640394811874e-05, 1.3330728129703415e-05, 0.9906078111923977, -0.13673391761702228, -0.14029878900117795, 1.2541581588137246e-09, 0.13673391762915493, 0.9906078112804196, 2.1940874117554188e-09, 0.0, 0.0, 0.0, 1.0]}, {"left_foot_pose": [0.999999999918833, -1.269972165307618e-05, 1.0255844520859142e-06, -8.272523566457407e-05, 1.2741065512770422e-05, 0.996743853164837, -0.08063306403566632, -0.00029647456544239226, 1.7724706987660453e-09, 0.08063306404218841, 0.9967438532457422, 0.0010904447635755252, 0.0, 0.0, 0.0, 1.0], "right_foot_pose": [0.999999999911146, -1.325607326991196e-05, 1.4089338374324285e-06, -8.214631465647225e-05, 1.3330737787911344e-05, 0.9943850317507962, -0.10582253281914765, -0.14029878884051514, 1.7685298363807078e-09, 0.10582253282852684, 0.9943850318391542, 3.149608428232309e-09, 0.0, 0.0, 0.0, 1.0]}, {"left_foot_pose": [0.9999999999127358, -1.319819575134146e-05, 5.803303330112232e-07, -8.401242283200515e-05, 1.321094809698377e-05, 0.9990274213277487, -0.04409321105000581, -0.0002987880759568618, 2.1849145235718345e-09, 0.04409321105382458, 0.9990274214149298, 4.162425924769675e-09, 0.0, 0.0, 0.0, 1.0], "right_foot_pose": [0.9999999999111457, -1.3298565170428502e-05, 9.254268719672536e-07, -8.21462264522318e-05, 1.3330725612161117e-05, 0.9975756569067747, -0.06959029076896416, -0.14029878863985337, 2.267697177848151e-09, 0.06959029077511722, 0.9975756569954153, 4.103936392108043e-09, 0.0, 0.0, 0.0, 1.0]}, {"left_foot_pose": [0.9999999999111471, -1.3330542157944662e-05, 5.485264675834126e-08, -8.401239802026434e-05, 1.333065478040407e-05, 0.9999907499688637, -0.00430113926811599, -0.00029878818655298955, 2.4843786902265005e-09, 0.004301139268464868, 0.9999907500577164, 4.560207218784473e-09, 0.0, 0.0, 0.0, 1.0], "right_foot_pose": [0.9999999999111463, -1.3324892380720571e-05, 3.929721881791003e-07, -8.214623682649798e-05, 1.3330685573502458e-05, 0.9995598648308832, -0.029666082342623416, -0.14029878882365623, 2.4981272827210696e-09, 0.029666082345225914, 0.9995598649196986, 4.600152508915656e-09, 0.0, 0.0, 0.0, 1.0]}, {"left_foot_pose": [0.999999999911148, -1.3321818010775639e-05, -4.840132116210261e-07, -8.401244459668715e-05, 1.3330607573846871e-05, 0.9993470743071007, 0.03613066420831339, -0.00029878837962011087, 2.371053325704889e-09, -0.03613066421155545, 0.9993470743958941, 4.294379539471205e-09, 0.0, 0.0, 0.0, 1.0], "right_foot_pose": [0.9999999999111469, -1.3329840882767568e-05, -1.4566909012351036e-07, -8.214630998828146e-05, 1.3330636590977173e-05, 0.9999422053728769, 0.010751080704810824, -0.14029878897746767, 2.3504760939367776e-09, -0.010751080705797575, 0.9999422054617244, 4.439975921644024e-09, 0.0, 0.0, 0.0, 1.0]}, {"left_foot_pose": [0.9999999999111484, -1.3293960112190346e-05, -9.874284026542785e-07, -8.401254918572957e-05, 1.3330580880726133e-05, 0.9972635507893466, 0.07392841192208137, -0.0002987885532918823, 1.9249953127567976e-09, -0.07392841192867583, 0.9972635508779536, 3.4712606539200053e-09, 0.0, 0.0, 0.0, 1.0], "right_foot_pose": [0.9999999999111475, -1.3314890131554079e-05, -6.470830263837541e-07, -8.214642087659032e-05, 1.3330604341667372e-05, 0.9988280298367266, 0.04840006854104713, -0.14029878901716616, 1.883069266564096e-09, -0.04840006854537281, 0.9988280299254738, 3.6798132110882342e-09, 0.0, 0.0, 0.0, 1.0]}, {"left_foot_pose": [0.9999999999111484, -1.325474450071363e-05, -1.419916602962447e-06, -8.401261296944143e-05, 1.3330581874980295e-05, 0.9943217977655915, 0.10641504738756905, -0.00029878835449445064, 1.3497648468525343e-09, -0.1064150473970423, 0.9943217978539374, 2.396451953545764e-09, 0.0, 0.0, 0.0, 1.0], "right_foot_pose": [0.9999999995809958, -2.8851123482063654e-05, -2.370838292076011e-06, 0.0003863803895864835, 2.8948369597572722e-05, 0.9966685990890315, 0.08155797172502162, -0.14029955900032504, 9.90096588880864e-09, -0.08155797175948053, 0.9966685995066161, 0.00180023954781372, 0.0, 0.0, 0.0, 1.0]}, {"left_foot_pose": [0.9999999999111482, -1.321286405236216e-05, -1.7677926860690495e-06, -8.401266937294937e-05, 1.333059888995787e-05, 0.9911763356839525, 0.13254988269488927, -0.0002987883118814663, 8.306963528726461e-10, -0.13254988270667778, 0.9911763357720196, 1.4593932312623181e-09, 0.0, 0.0, 0.0, 1.0], "right_foot_pose": [0.9999999967085507, -8.062829635628583e-05, -9.054073724645326e-06, 0.001951961626167535, 8.113505942708175e-05, 0.9937864271549917, 0.11130377630439259, -0.14030214502517085, 2.3581716231418108e-08, -0.11130377667264481, 0.9937864304257757, 0.006968083116445908, 0.0, 0.0, 0.0, 1.0]}, {"left_foot_pose": [0.9999999999111477, -1.317557418099077e-05, -2.027236436385774e-06, -8.401273593447511e-05, 1.3330620480564263e-05, 0.9883739894129671, 0.1520422864672563, -0.00029878841178007653, 4.2333995378054575e-10, -0.15204228648077137, 0.9883739895007865, 7.617033115359106e-10, 0.0, 0.0, 0.0, 1.0], "right_foot_pose": [0.9999999867339494, -0.00016134690329899147, -2.2344527401850773e-05, 0.0044044830053861775, 0.00016288676926929396, 0.990579015496899, 0.13694227807764336, -0.14030620083112944, 3.8807456973358916e-08, -0.1369422799005882, 0.9905790286371035, 0.013246766427424263, 0.0, 0.0, 0.0, 1.0]}, {"left_foot_pose": [0.9999999999111473, -1.3148251747636982e-05, -2.197590312557921e-06, -8.401281862530466e-05, 1.3330638663918264e-05, 0.9863200285941359, 0.16484174536917925, -0.00029878855203589044, 1.4657310523557183e-10, -0.16484174538382798, 0.9863200286817734, 3.219611105498288e-10, 0.0, 0.0, 0.0, 1.0], "right_foot_pose": [0.9999999643998723, -0.00026355941916253185, -4.1673568567766326e-05, 0.007522862567779062, 0.00026683375167020406, 0.9877593725691838, 0.15598509769039173, -0.14031135989443133, 5.2116195724884464e-08, -0.1559851032572172, 0.9877594077313727, 0.01833332257104963, 0.0, 0.0, 0.0, 1.0]}, {"left_foot_pose": [0.9999999999111475, -1.3134489340605608e-05, -2.278459176774132e-06, -8.401289877398615e-05, 1.3330648388801749e-05, 0.9852852587625099, 0.17091798819196416, -0.0002987886130822511, 1.1745173431727694e-11, -0.17091798820715104, 0.9852852588500557, 1.4649047253012526e-10, 0.0, 0.0, 0.0, 1.0], "right_foot_pose": [0.999999925653976, -0.0003803338710497194, -6.354674481650877e-05, 0.011086017191446428, 0.00038560606664881335, 0.986353082624256, 0.16464339557233676, -0.14031725303056605, 6.006765973551909e-08, -0.16464340783576537, 0.9863531559518742, 0.02000000188979443, 0.0, 0.0, 0.0, 1.0]}, {"left_foot_pose": [0.9999999999111474, -1.3135474962486869e-05, -2.2727659860219663e-06, -8.40128754602571e-05, 1.3330647685836896e-05, 0.985359351750678, 0.17049031567739695, -0.0002987885965718808, 1.9945340476067185e-11, -0.17049031569254594, 0.9853593518382303, 1.9847660320815308e-10, 0.0, 0.0, 0.0, 1.0], "right_foot_pose": [0.9999998690129541, -0.0005048748062666539, -8.411601977714336e-05, 0.014872853700286355, 0.0005118340267837352, 0.9864230463008659, 0.16422335933858048, -0.14032351393875045, 6.174374051394154e-08, -0.164223380880889, 0.9864231755043303, 0.02000000189348885, 0.0, 0.0, 0.0, 1.0]}, {"left_foot_pose": [0.9999999999111475, -1.3150801827531402e-05, -2.1822697970905443e-06, -8.401282486411692e-05, 1.3330637274930271e-05, 0.9865116050618912, 0.1636913342254444, -0.0002987885980252824, 1.6218274143441554e-10, -0.1636913342399911, 0.9865116051495456, 5.090104934768469e-10, 0.0, 0.0, 0.0, 1.0], "right_foot_pose": [0.9999997963834216, -0.000630256419140922, -0.00010004979346067191, 0.018662291255821008, 0.0006381481894858654, 0.9876472218149241, 0.15669255887932232, -0.14032977927707752, 5.740948929895647e-08, -0.1566925908207144, 0.9876474229105691, 0.020000001866665167, 0.0, 0.0, 0.0, 1.0]}, {"left_foot_pose": [0.999999999911148, -1.3179099144769496e-05, -2.0041769920317834e-06, -8.401287289339436e-05, 1.3330618120931463e-05, 0.9886388772592265, 0.1503102464701315, -0.0002987884584871852, 4.536503919269982e-10, -0.1503102464834931, 0.9886388773470688, 1.1058587587320368e-09, 0.0, 0.0, 0.0, 1.0], "right_foot_pose": [0.9999997133398644, -0.0007496920054588814, -0.0001062171644922666, 0.02223324800770145, 0.0007571790982549455, 0.9901203558448033, 0.14021807166543598, -0.14033568032422256, 4.740935524497308e-08, -0.14021811189592154, 0.9901206396678847, 0.01841994661847711, 0.0, 0.0, 0.0, 1.0]}, {"left_foot_pose": [0.999999999911148, -1.3217146105221287e-05, -1.73546601134308e-06, -8.401290219913903e-05, 1.3330596111295516e-05, 0.9914980598320918, 0.13012147083204142, -0.000298788276953961, 8.766915292687945e-10, -0.1301214708436148, 0.9914980599201874, 1.9906559109439392e-09, 0.0, 0.0, 0.0, 1.0], "right_foot_pose": [0.999999628859228, -0.0008559528464919902, -9.811284550542015e-05, 0.025364631693699905, 0.0008615575458300054, 0.993498691894528, 0.11384026933584183, -0.14034085378132077, 3.30810840536467e-08, -0.11384031161493895, 0.9934990606192904, 0.013389172001832768, 0.0, 0.0, 0.0, 1.0]}, {"left_foot_pose": [0.9999999999111484, -1.3259099839951557e-05, -1.3786412045854965e-06, -8.401289882290478e-05, 1.3330580565046456e-05, 0.9946486441014244, 0.10331541322326754, -0.0002987881750531711, 1.3942257017355088e-09, -0.10331541323246596, 0.9946486441897993, 3.1228907168556752e-09, 0.0, 0.0, 0.0, 1.0], "right_foot_pose": [0.9999995545126565, -0.0009407712963608362, -7.696659434096974e-05, 0.027835360018397745, 0.0009439144497071203, 0.9966712237397698, 0.08152043176149713, -0.1403449378744686, 1.830750080181843e-08, -0.08152046809505721, 0.9966716677429744, 0.0071120828161485294, 0.0, 0.0, 0.0, 1.0]}, {"left_foot_pose": [0.9999999999111481, -1.3297317898585917e-05, -9.411644993903793e-07, -8.401287434958519e-05, 1.3330583266533214e-05, 0.9975147401782973, 0.07045809356859238, -0.0002987882377209483, 1.921792076450444e-09, -0.07045809357487844, 0.997514740266927, 4.36192401642721e-09, 0.0, 0.0, 0.0, 1.0], "right_foot_pose": [0.9999995031145472, -0.0009958307892003358, -4.5735076652168494e-05, 0.029424351231896732, 0.0009968804631993694, 0.9989468612706944, 0.04587128281147118, -0.1403475678256637, 6.875507699250888e-09, -0.04587130561110262, 0.9989473576327896, 0.0018916459900815072, 0.0, 0.0, 0.0, 1.0]}, {"left_foot_pose": [0.9999999999111479, -1.3323207383781285e-05, -4.4427471962401644e-07, -8.401285476376418e-05, 1.3330612514118606e-05, 0.9994500777403634, 0.033159341475327474, -0.00029878849624418065, 2.2416198359364335e-09, -0.0331593414783038, 0.9994500778291662, 5.242636734459349e-09, 0.0, 0.0, 0.0, 1.0], "right_foot_pose": [0.9999994865805524, -0.0010132966399403688, -8.279567486217365e-06, 0.029917855018979995, 0.001013330465222161, 0.9999661242648915, 0.008168444406359755, -0.1403483891785289, 2.2297391440593075e-09, -0.008168448602459664, 0.9999666376671921, 5.0723642577854555e-09, 0.0, 0.0, 0.0, 1.0]}, {"left_foot_pose": [0.9999999999111471, -1.3330452092737979e-05, 7.372548149778719e-08, -8.401305120782402e-05, 1.3330655777348542e-05, 0.9999837648877253, -0.0056982263262017096, -0.00029878840006747516, 2.235648334552073e-09, 0.005698226326678038, 0.9999837649765775, 5.422732846094291e-09, 0.0, 0.0, 0.0, 1.0], "right_foot_pose": [0.9999994865805084, -0.0010128525838298827, 3.111852835802779e-05, 0.029917854819199553, 0.0010133305084586586, 0.9995277810366805, -0.03071136755617407, -0.14034838906697458, 2.2543832683146386e-09, 0.030711383321713366, 0.9995282942140592, 5.039177082555302e-09, 0.0, 0.0, 0.0, 1.0]}, {"left_foot_pose": [0.9999999999111469, -1.331849488712312e-05, 5.700713071046554e-07, -8.401314392374254e-05, 1.333068954781334e-05, 0.9990791613866274, -0.04290488439894509, -0.00029878836485562436, 1.882119722456066e-09, 0.042904884402732095, 0.9990791614754005, 4.869555855768759e-09, 0.0, 0.0, 0.0, 1.0], "right_foot_pose": [0.9999994865804782, -0.0010109802369800693, 6.897637304837534e-05, 0.029917854576821175, 0.0010133305381757787, 0.9976799760047251, -0.06807083546153941, -0.14034838891326512, 1.923158431630345e-09, 0.0680708704085087, 0.9976804882334965, 4.3518198697412025e-09, 0.0, 0.0, 0.0, 1.0]}, {"left_foot_pose": [0.9999999993207268, -3.6750609264845164e-05, 2.817766975583143e-06, 0.0006201640847940216, 3.6858471817108974e-05, 0.9970986745707313, -0.07611985162061588, -0.00029843093810790616, -1.2140792610050674e-08, 0.07611985167276808, 0.997098675248, 0.0013721639110491346, 0.0, 0.0, 0.0, 1.0], "right_foot_pose": [0.9999994865804751, -0.0010081610522215461, 0.00010222562593709814, 0.029917854549349466, 0.0010133305412415449, 0.9948978669944091, -0.10088214614682454, -0.14034838908797492, 1.3934125159463118e-09, 0.10088219794030973, 0.9948983777948038, 3.24333177675884e-09, 0.0, 0.0, 0.0, 1.0]}, {"left_foot_pose": [0.999999991114709, -0.00013254879567424634, 1.4191520304576464e-05, 0.003506813050794395, 0.00013330634249539506, 0.9943484302600404, -0.10616582062421798, -0.00029695202868538703, -3.9164272485634045e-08, 0.10616582157272324, 0.9943484390945602, 0.006257915073427489, 0.0, 0.0, 0.0, 1.0], "right_foot_pose": [0.9999994865804895, -0.00100502870634132, 0.00012944518720409807, 0.02991785450856951, 0.0010133305270541282, 0.9918067698685354, -0.12774311881344033, -0.14034838914375372, 8.884489384671856e-10, 0.12774318439839047, 0.9918072790818582, 2.179930992662893e-09, 0.0, 0.0, 0.0, 1.0]}, {"left_foot_pose": [0.9999999577705163, -0.00028804595494794354, 3.858101192228401e-05, 0.008215097251810468, 0.0002906182404413613, 0.9911810092551334, -0.13251461214905447, -0.0002945348342290842, -7.0468334398131e-08, 0.13251461776537635, 0.9911810511094791, 0.012525444608007183, 0.0, 0.0, 0.0, 1.0], "right_foot_pose": [0.9999994865805102, -0.001002139399440376, 0.00015018435266590073, 0.029917854388009722, 0.0010133305066444623, 0.9889555358627726, -0.14820904576867236, -0.14034838902359478, 4.771493173889733e-10, 0.14820912186164578, 0.9889560436121516, 1.3349154004416164e-09, 0.0, 0.0, 0.0, 1.0]}, {"left_foot_pose": [0.9999998779549525, -0.0004882326049338996, 7.562410044121666e-05, 0.014303883636449854, 0.0004940547249101, 0.9882462762850424, -0.15286939954967177, -0.0002914064192225535, -9.941050180170581e-08, 0.15286941825516248, 0.9882463968881038, 0.017871784057554012, 0.0, 0.0, 0.0, 1.0], "right_foot_pose": [0.9999994865805293, -0.000999917431864007, 0.00016432835324770668, 0.029917854204193274, 0.0010133304881560995, 0.986762857837609, -0.16216669064106967, -0.14034838884541734, 1.8536502820907122e-10, 0.1621667739004635, 0.9867633644611641, 7.593301126762597e-10, 0.0, 0.0, 0.0, 1.0]}, {"left_foot_pose": [0.999999734369845, -0.0007190550951497051, 0.00011924768625461142, 0.021332043616044957, 0.0007288760021753723, 0.9865522187353677, -0.16344475656348792, -0.0002877962895150195, -1.1828447119443733e-07, 0.16344480006440848, 0.9865524807793513, 0.020000007714628898, 0.0, 0.0, 0.0, 1.0], "right_foot_pose": [0.9999994865805405, -0.0009986563143026593, 0.0001718261367371695, 0.029917853993113946, 0.0010133304768745492, 0.9855183673542554, -0.16956568275670644, -0.14034838874396127, 2.6027892730421e-11, 0.16956576981504617, 0.9855188733388269, 4.716553259065392e-10, 0.0, 0.0, 0.0, 1.0]}, {"left_foot_pose": [0.9999995194640454, -0.0009669565996062108, 0.00016145158304655275, 0.028858423980385354, 0.0009803426257743366, 0.9863658401403148, -0.1645644807746434, -0.0002839329420434508, -1.2361560815956517e-07, 0.1645645599733621, 0.9863663141048357, 0.0200000084735361, 0.0, 0.0, 0.0, 1.0], "right_foot_pose": [0.9999994865805419, -0.0009984814454034611, 0.000172839392251884, 0.02991785401978641, 0.0010133304753777003, 0.9853458038591377, -0.17056558849468348, -0.1403483887692051, 5.4390943774276e-12, 0.17056567606641485, 0.9853463097551072, 4.23688743811379e-10, 0.0, 0.0, 0.0, 1.0]}, {"left_foot_pose": [0.999999238972559, -0.0012180603933477751, 0.00019591626246564535, 0.03644189294069277, 0.001233715643967481, 0.9873247223058939, -0.15870844548826116, -0.0002800399602850036, -1.1649789518799795e-07, 0.1587085664117367, 0.9873254736648495, 0.020000008171568225, 0.0, 0.0, 0.0, 1.0], "right_foot_pose": [0.9999994865805337, -0.000999384391056721, 0.00016753956946902787, 0.029917854068954773, 0.0010133304833201138, 0.9862368454362693, -0.16533559164695355, -0.14034838878190203, 1.130992002034055e-10, 0.16533567653339512, 0.9862373517897424, 6.338796709748351e-10, 0.0, 0.0, 0.0, 1.0]}, {"left_foot_pose": [0.9999989132842764, -0.0014598243772390585, 0.00020577428128390314, 0.04364132020298616, 0.001474255832102103, 0.9902187918272427, -0.13951548617245982, -0.00027634641459526113, -9.345248546606042e-08, 0.13951563792272134, 0.9902198678955135, 0.018822995186910267, 0.0, 0.0, 0.0, 1.0], "right_foot_pose": [0.999999486580514, -0.001001980691197487, 0.00015123955353841292, 0.029917854006879276, 0.001013330502889884, 0.9887989283515701, -0.14925030134669176, -0.1403483889146695, 4.1164156201299113e-10, 0.14925037797433147, 0.9887994360205303, 1.2383061728793443e-09, 0.0, 0.0, 0.0, 1.0]}, {"left_foot_pose": [0.9999985766344355, -0.0016761926739839944, 0.00019263235218689107, 0.050015553977917515, 0.0016872252663305304, 0.9934640116847064, -0.11413330258180894, -0.00027307794423432966, -6.39037387704087e-08, 0.11413346514256784, 0.9934654257368735, 0.014090250230115987, 0.0, 0.0, 0.0, 1.0], "right_foot_pose": [0.9999994865804926, -0.0010047439093724356, 0.00013163748427675337, 0.02991785395586768, 0.0010133305239097426, 0.9915257305106648, -0.12990650059385653, -0.14034838909589287, 8.12499269311913e-10, 0.1299065672896058, 0.9915262395796851, 2.075416449809353e-09, 0.0, 0.0, 0.0, 1.0]}, {"left_foot_pose": [0.999998274129325, -0.0018515456672236735, 0.00015335258106761188, 0.055123456534129686, 0.0018578854568636052, 0.9965873920497167, -0.08252344072549556, -0.0002704568898336413, -3.332971083268328e-08, 0.08252358321223915, 0.9965891120285293, 0.007840253270306047, 0.0, 0.0, 0.0, 1.0], "right_foot_pose": [0.9999994865804768, -0.0010078362882921588, 0.00010537930933541275, 0.029917853957747615, 0.001013330539771182, 0.9945773807430085, -0.10399426366677213, -0.14034838919293322, 1.3152341391609862e-09, 0.10399431705815913, 0.9945778913788539, 3.192540502794383e-09, 0.0, 0.0, 0.0, 1.0]}, {"left_foot_pose": [0.999998056596288, -0.001969281379425254, 9.34585299420061e-05, 0.058523897498984, 0.001971497818433346, 0.998874037769482, -0.04740010407629876, -0.0002687088312413096, -9.156827044829713e-09, 0.047400196212048246, 0.9988759789879121, 0.0023759714811064994, 0.0, 0.0, 0.0, 1.0], "right_foot_pose": [0.9999994865804775, -0.001010703450166373, 7.29199368871889e-05, 0.02991785398774384, 0.0010133305390496164, 0.9974068278199733, -0.0719624414491111, -0.1403483891312645, 1.8449193335260265e-09, 0.07196247839418758, 0.9974073399085082, 4.475782279522722e-09, 0.0, 0.0, 0.0, 1.0]}, {"left_foot_pose": [0.9999979732625808, -0.002013220442925453, 2.0351412018430762e-05, 0.05977574328812769, 0.0020133233053289943, 0.9999468717572639, -0.010109411067456116, -0.0002680603981517083, 2.14224292858765e-09, 0.010109431552306352, 0.999948898391158, 3.7967184203513415e-07, 0.0, 0.0, 0.0, 1.0], "right_foot_pose": [0.9999994865805043, -0.0010127017673988597, 3.5691145510835024e-05, 0.02991785404977103, 0.0010133305124962746, 0.9993789367262164, -0.035223770230480914, -0.14034838882457917, 2.1953156742187326e-09, 0.0352237883128372, 0.9993794498271877, 5.500944547098818e-09, 0.0, 0.0, 0.0, 1.0]}, {"left_foot_pose": [0.9999979732505947, -0.002012510658525331, -5.740691131785461e-05, 0.059775922672777926, 0.0020133292587506436, 0.9995914154287635, 0.028512255372344187, -0.00026806030568905445, 2.2379037993727e-09, -0.02851231316416193, 0.9995934413540486, 5.370380341818137e-09, 0.0, 0.0, 0.0, 1.0], "right_foot_pose": [0.9999994865805467, -0.001013324556836503, -3.461912383646281e-06, 0.02991785388757449, 0.0010133304704391503, 0.9999936582701843, 0.003414173512153885, -0.14034838893020996, 2.2245678287573757e-09, -0.0034141752673122446, 0.9999941716866372, 5.7079094714640455e-09, 0.0, 0.0, 0.0, 1.0]}, {"left_foot_pose": [0.9999979732506575, -0.0020089408244517264, -0.00013285835315581378, 0.059775922358120855, 0.0020133292274612073, 0.9978183668294311, 0.06598828171175095, -0.00026806043903561047, 1.9518992046044364e-09, -0.06598841545765005, 0.9978203891609901, 4.693498485697223e-09, 0.0, 0.0, 0.0, 1.0], "right_foot_pose": [0.9999994865805822, -0.0010124876587532848, -4.13196417324247e-05, 0.02991785373591498, 0.0010133304357005514, 0.9991678739018842, 0.04077416981148985, -0.14034838895158935, 1.914850143860062e-09, -0.04077419074769003, 0.9991683868942569, 5.203493240457657e-09, 0.0, 0.0, 0.0, 1.0]}, {"left_foot_pose": [0.9999979732506681, -0.0020033937095738957, -0.00019977037163478438, 0.05977592225001245, 0.0020133292221945535, 0.9950631867759964, 0.09922298538464924, -0.0002680602899661679, 1.4378572299370806e-09, -0.09922318648805697, 0.9950652035234461, 3.5563648623226918e-09, 0.0, 0.0, 0.0, 1.0], "right_foot_pose": [0.9999994693470993, -0.0010273524292174453, -7.650167201638936e-05, 0.030425020605730588, 0.0010301968353056887, 0.9972393692511169, 0.07424674477790116, -0.14034761793795728, 1.2905539053063302e-08, -0.07424678419043122, 0.9972398984383746, 0.000995088566207794, 0.0, 0.0, 0.0, 1.0]}, {"left_foot_pose": [0.9999979732506419, -0.001997124220229523, -0.00025493030115055333, 0.059775922210409636, 0.0020133292352400916, 0.9919491832563205, 0.12662055260703253, -0.00026806020665797077, 9.316229015040778e-10, -0.12662080923753719, 0.9919511936925287, 2.4387224253907824e-09, 0.0, 0.0, 0.0, 1.0], "right_foot_pose": [0.9999993744616901, -0.0011123886975234287, -0.0001169085716429769, 0.03308072353260311, 0.0011185151885393068, 0.9945256633104985, 0.10448662086882714, -0.14034359575198146, 3.883866278433932e-08, -0.10448668627245608, 0.9945262854202496, 0.005566870644203255, 0.0, 0.0, 0.0, 1.0]}, {"left_foot_pose": [0.9999979732506011, -0.0019912548864745353, -0.0002973191348769789, 0.0597759220882663, 0.002013329255455646, 0.9890339202871313, 0.14767481514049072, -0.00026806031249310656, 5.122856815686584e-10, -0.14767511444196044, 0.9890359248149457, 1.5333646852244698e-09, 0.0, 0.0, 0.0, 1.0], "right_foot_pose": [0.9999991942714233, -0.0012584516548082134, -0.0001666011306227724, 0.03761872499271834, 0.001269431565460099, 0.991356911544262, 0.1311863654383443, -0.14033672814887857, 6.948363979224368e-08, -0.13118647122647498, 0.9913577102979229, 0.011791369248365505, 0.0, 0.0, 0.0, 1.0]}, {"left_foot_pose": [0.9999979732505632, -0.0019866511867208054, -0.00032666776643143887, 0.05977592189930959, 0.002013329274442121, 0.986747284423182, 0.16225209764039833, -0.0002680604921641251, 2.0910955159454588e-10, -0.162252426485828, 0.9867492843166711, 9.002924239442933e-10, 0.0, 0.0, 0.0, 1.0], "right_foot_pose": [0.99999892218416, -0.0014510738904650517, -0.00022364052068589974, 0.04359582752358963, 0.0014682065619094447, 0.9883400058187959, 0.15225595971124925, -0.14032768544146643, 9.822571107965071e-08, -0.15225612395784435, 0.9883410710464905, 0.017365615050274376, 0.0, 0.0, 0.0, 1.0]}, {"left_foot_pose": [0.9999979732505384, -0.001983919336733582, -0.00034286860747230865, 0.05977592166727713, 0.0020133292866932216, 0.9853903854897021, 0.17029895680725837, -0.0002680606142648695, 3.585372810453164e-11, -0.1702993019613483, 0.9853923826331715, 5.601195202098452e-10, 0.0, 0.0, 0.0, 1.0], "right_foot_pose": [0.9999985548283147, -0.0016770518072045863, -0.0002789955511174227, 0.0505688389012512, 0.0017001003698925363, 0.986452765400432, 0.16403673763084933, -0.14031713562467749, 1.1782564230501275e-07, -0.16403697489004057, 0.9864541909632248, 0.01998664221014499, 0.0, 0.0, 0.0, 1.0]}, {"left_foot_pose": [0.9999979732505337, -0.0019839273054479, -0.0003428225086119129, 0.059775921686134735, 0.002013329288942562, 0.9853943397713806, 0.17027607480706228, -0.00026806059362761894, 5.257813642490526e-12, -0.17027641991471615, 0.985396336922879, 4.996864866324557e-10, 0.0, 0.0, 0.0, 1.0], "right_foot_pose": [0.9999980980203187, -0.001923934409807414, -0.0003200502019922588, 0.058094544781710354, 0.001950373228355467, 0.98645270216955, 0.16403433307287496, -0.14030574662316508, 1.2308879638426327e-07, -0.16403464530025222, 0.9864545783467201, 0.020000008033158233, 0.0, 0.0, 0.0, 1.0]}, {"left_foot_pose": [0.9999979732505504, -0.0019857440832693643, -0.00033213736410177643, 0.05977592174374725, 0.002013329280786652, 0.9862967258919798, 0.16496883038916463, -0.000268060583021733, 1.158904808534948e-10, -0.1649691647405588, 0.9862987248723402, 7.089093131962265e-10, 0.0, 0.0, 0.0, 1.0], "right_foot_pose": [0.9999975705576062, -0.002176532418905269, -0.00034869114511907907, 0.0657297467940388, 0.002204286476738893, 0.9874150483039236, 0.15813495345459996, -0.14029419215518274, 1.170311448414176e-07, -0.15813533789001605, 0.9874174471369223, 0.02000000793803257, 0.0, 0.0, 0.0, 1.0]}, {"left_foot_pose": [0.9999979732505849, -0.00198957087844012, -0.00030838683994440305, 0.059775921692116665, 0.002013329263530653, 0.9881974791428318, 0.1531720885834948, -0.0002680604804045396, 3.709979228809877e-10, -0.1531723990263033, 0.9881994819754402, 1.208941197150537e-09, 0.0, 0.0, 0.0, 1.0], "right_foot_pose": [0.9999970058435307, -0.002421530503899225, -0.0003528370607830208, 0.0730312508014251, 0.0024471011345926635, 0.9895535279565397, 0.1441451594914051, -0.1402831408715816, 9.925759368559857e-08, -0.14414559132621535, 0.9895564908084861, 0.019173163523848596, 0.0, 0.0, 0.0, 1.0]}, {"left_foot_pose": [0.9999979732506294, -0.0019950138521893984, -0.00027095085246599596, 0.05977592163133025, 0.00201332924154997, 0.9909009766974707, 0.1345778617951873, -0.00026806029724287667, 7.658656917506215e-10, -0.13457813455286496, 0.9909029850092653, 2.0220050772623566e-09, 0.0, 0.0, 0.0, 1.0], "right_foot_pose": [0.9999964513362453, -0.002644899035103672, -0.00031909874682393253, 0.07955584432810901, 0.0026640786232791777, 0.9928003556599468, 0.11975122749505326, -0.140273263