{"LoopMode": "Wrap", "FrameDuration": 0.0167, "EnableCycleOffsetPosition": true, "EnableCycleOffsetRotation": false, "Debug_info": [{"left_foot_pose": [0.9999999999929866, -3.745003300131976e-06, -4.704019329608343e-08, 5.484950900392303e-05, 3.745298719742674e-06, 0.9999211634122541, 0.012556549934502212, -4.8696483060980955e-05, 1.2163589014958056e-11, -0.0125565499345905, 0.9999211634192673, 2.3785806657627973e-11, 0.0, 0.0, 0.0, 1.0], "right_foot_pose": [0.9999999999111469, -1.3329813149309054e-05, 1.4928084307594356e-07, -8.214657576017037e-05, 1.3330649022728411e-05, 0.9999372865156521, -0.011199234706368336, -0.14029878861918693, 1.2224723352232677e-11, 0.011199234707363108, 0.9999372866045, 2.0821212809440937e-11, 0.0, 0.0, 0.0, 1.0]}, {"left_foot_pose": [0.9999999999929869, -3.7451464995675775e-06, -3.3762279694133344e-08, 5.4849511348075295e-05, 3.7452986792118755e-06, 0.9999594327454342, 0.00900737749864274, -4.869648161052835e-05, 2.696173166239215e-11, -0.009007377498706188, 0.9999594327524477, 5.1809133372326954e-11, 0.0, 0.0, 0.0, 1.0], "right_foot_pose": [0.9999999999111469, -1.3329199595089675e-05, 1.9658349642578912e-07, -8.21465736038873e-05, 1.333064915590409e-05, 0.9998912309992275, -0.014748762427502967, -0.14029878862161155, 2.708387314738349e-11, 0.014748762428812928, 0.999891231088071, 4.7308296169390474e-11, 0.0, 0.0, 0.0, 1.0]}, {"left_foot_pose": [0.9999999999929867, -3.7452673612272594e-06, -1.5323425972474895e-08, 5.484951451200476e-05, 3.7452987083417307e-06, 0.9999916816729465, 0.004078795273888037, -4.8696479082921754e-05, 4.711948974427676e-11, -0.004078795273916993, 0.99999168167996, 8.994854860944201e-11, 0.0, 0.0, 0.0, 1.0], "right_foot_pose": [0.999999999911147, -1.3328068644831422e-05, 2.6229789334983286e-07, -8.214657060984787e-05, 1.333064942100309e-05, 0.9998063327957932, -0.01967985578507656, -0.14029878862434303, 4.737385935462795e-11, 0.019679855786824393, 0.9998063328846292, 8.372779553011966e-11, 0.0, 0.0, 0.0, 1.0]}, {"left_foot_pose": [0.9999999999929867, -3.7452899859945873e-06, 8.165103981899233e-09, 5.4849518441567796e-05, 3.745298885986063e-06, 0.9999975813159789, -0.002199397227845129, -4.8696475250378096e-05, 7.229602449429503e-11, 0.00219939722786011, 0.9999975813229928, 1.3777426421945904e-10, 0.0, 0.0, 0.0, 1.0], "right_foot_pose": [0.9999999999111469, -1.3326157511967752e-05, 3.460528146815575e-07, -8.214656680838436e-05, 1.3330649893411823e-05, 0.9996628616708475, -0.025964645546310155, -0.14029878862704934, 7.280913232827832e-11, 0.025964645548616078, 0.999662861759671, 1.2948567912340891e-10, 0.0, 0.0, 0.0, 1.0]}, {"left_foot_pose": [0.9999999999929867, -3.745120103522583e-06, 3.663788245019068e-08, 5.484952317730744e-05, 3.745299309291082e-06, 0.9999518827881226, -0.009809795842036229, -4.869646974606928e-05, 1.027438559654954e-10, 0.00980979584210447, 0.9999518827951359, 1.9602014456054917e-10, 0.0, 0.0, 0.0, 1.0], "right_foot_pose": [0.9999999999111469, -1.3323132458571739e-05, 4.476481884064519e-07, -8.21465621339506e-05, 1.3330650674301576e-05, 0.9994357589449632, -0.03358814618878367, -0.14029878862940248, 1.0371365499273894e-10, 0.033588146191766546, 0.9994357590337662, 1.8507723825722522e-10, 0.0, 0.0, 0.0, 1.0]}, {"left_foot_pose": [0.9999999999929867, -3.7446434578173877e-06, 7.013037828247867e-08, 5.484952885993947e-05, 3.7453001053600257e-06, 0.9998239763258226, -0.01876209876305486, -4.86964620150486e-05, 1.393367297751623e-10, 0.01876209876318575, 0.999823976332835, 2.666738010970171e-10, 0.0, 0.0, 0.0, 1.0], "right_foot_pose": [0.9999999999111464, -1.3318577459331612e-05, 5.672518270106451e-07, -8.214655641461672e-05, 1.3330651902945907e-05, 0.9990937841103253, -0.042563016509688426, -0.14029878863102635, 1.410577068848048e-10, 0.042563016513468256, 0.9990937841990979, 2.521637343377847e-10, 0.0, 0.0, 0.0, 1.0]}, {"left_foot_pose": [0.9999999999929868, -3.7437210295071057e-06, 1.0879258721681559e-07, 5.484953572375099e-05, 3.745301448842743e-06, 0.9995766005745301, -0.029096727820150325, -4.86964512645318e-05, 1.835071115847136e-10, 0.029096727820353538, 0.9995766005815407, 3.5292727768032606e-10, 0.0, 0.0, 0.0, 1.0], "right_foot_pose": [0.9999999999111467, -1.331197473517519e-05, 7.05449307414424e-07, -8.214654937267269e-05, 1.3330653773999341e-05, 0.9985980502103039, -0.052933297067851943, -0.14029878863141382, 1.8641025562350187e-10, 0.05293329707255259, 0.9985980502990326, 3.3348583616810146e-10, 0.0, 0.0, 0.0, 1.0]}, {"left_foot_pose": [0.9999999999929867, -3.7421821215180557e-06, 1.5287884663768799e-07, 5.4849544080700594e-05, 3.7453035816500907e-06, 0.9991639787815577, -0.040882068090795795, -4.869643642502891e-05, 2.37107298171738e-10, 0.04088206809108147, 0.9991639787885658, 4.5901264733583247e-10, 0.0, 0.0, 0.0, 1.0], "right_foot_pose": [0.9999999999111466, -1.330267920048253e-05, 8.632093437822285e-07, -8.214654063411629e-05, 1.3330656556433596e-05, 0.9979001019378099, -0.06477180231244486, -0.1402987886298251, 2.418150559939783e-10, 0.0647718023181967, 0.9979001020264767, 4.326460578685243e-10, 0.0, 0.0, 0.0, 1.0]}, {"left_foot_pose": [0.9999999999929869, -3.739816976433042e-06, 2.0271231232500918e-07, 5.4849554272473584e-05, 3.7453068245537373e-06, 0.9985298348782641, -0.05420487841477323, -4.869641618384171e-05, 3.0203249661731686e-10, 0.05420487841515209, 0.9985298348852676, 5.896155369500278e-10, 0.0, 0.0, 0.0, 1.0], "right_foot_pose": [0.9999999999111469, -1.3289892854977386e-05, 1.0417581620681681e-06, -8.214652977263128e-05, 1.3330660601449588e-05, 0.9969399914289083, -0.07817066784940414, -0.14029878862518225, 3.094267742554687e-10, 0.07817066785634562, 0.99693999151749, 5.534767991144385e-10, 0.0, 0.0, 0.0, 1.0]}, {"left_foot_pose": [0.9999999999929867, -3.7363729860046443e-06, 2.5860324515132817e-07, 5.4849566519830704e-05, 3.7453115474972477e-06, 0.9976063996672773, -0.06914818384358325, -4.869638927652159e-05, 3.7915351118040193e-10, 0.06914818384406664, 0.9976063996742747, 7.479526928366731e-10, 0.0, 0.0, 0.0, 1.0], "right_foot_pose": [0.9999999999111466, -1.3272655726375068e-05, 1.2422858523542799e-06, -8.214651646641508e-05, 1.3330666300653238e-05, 0.9956456062186999, -0.09321923964338612, -0.14029878861603698, 3.9042424611017866e-10, 0.09321923965166364, 0.9956456063071669, 6.981557068574951e-10, 0.0, 0.0, 0.0, 1.0]}, {"left_foot_pose": [0.9999999999929865, -3.7315652989269057e-06, 3.2066736360699063e-07, 5.484958048919433e-05, 3.7453180004261216e-06, 0.9963173728790958, -0.08574201120378698, -4.869635553325126e-05, 4.6544803753223557e-10, 0.08574201120438642, 0.9963173728860838, 9.301606984646327e-10, 0.0, 0.0, 0.0, 1.0], "right_foot_pose": [0.9999999999111462, -1.3249898172370262e-05, 1.4652865792386946e-06, -8.214650097332273e-05, 1.3330673880445623e-05, 0.9939366374113944, -0.10995435704701935, -0.14029878860087133, 4.820189247504302e-10, 0.10995435705678266, 0.9939366374997095, 8.619668312448425e-10, 0.0, 0.0, 0.0, 1.0]}, {"left_foot_pose": [0.9999999999929867, -3.72513004742421e-06, 3.884216937533763e-07, 5.4849594154185876e-05, 3.7453257516721053e-06, 0.9945925933046909, -0.10385361490782707, -4.869631885188498e-05, 5.468815785586825e-10, 0.1038536149085533, 0.9945925933116669, 1.1104854188981328e-09, 0.0, 0.0, 0.0, 1.0], "right_foot_pose": [0.9999999999111464, -1.3220671185601403e-05, 1.7090804961817638e-06, -8.21464854132848e-05, 1.3330682743872478e-05, 0.9917420098538436, -0.1282489209052135, -0.14029878857948838, 5.698867114205324e-10, 0.12824892091660114, 0.9917420099419644, 1.0199242492237026e-09, 0.0, 0.0, 0.0, 1.0]}, {"left_foot_pose": [0.9999999999929867, -3.716990972204591e-06, 4.598825397717658e-07, 5.484960118297797e-05, 3.745332228328642e-06, 0.9924137751396253, -0.12294266508861247, -4.869629414697846e-05, 5.83008593051366e-10, 0.12294266508947244, 0.9924137751465862, 1.2072449429023635e-09, 0.0, 0.0, 0.0, 1.0], "right_foot_pose": [0.9999999999111462, -1.3184845519580878e-05, 1.9665043459183566e-06, -8.21464767530431e-05, 1.3330689792578111e-05, 0.9890527409593147, -0.14756244584297032, -0.14029878855715683, 6.115393099953918e-10, 0.14756244585607356, 0.9890527410471972, 1.0969656849546539e-09, 0.0, 0.0, 0.0, 1.0]}, {"left_foot_pose": [0.9999999999929866, -3.707706807552909e-06, 5.295362954794316e-07, 5.48495868998696e-05, 3.7453301891794834e-06, 0.9899362468703816, -0.14151405272323966, -4.869631771979577e-05, 4.854437669915274e-10, 0.14151405272423026, 0.9899362468773253, 1.030064283868981e-09, 0.0, 0.0, 0.0, 1.0], "right_foot_pose": [0.9999999999111462, -1.3144959565282077e-05, 2.2174857419733063e-06, -8.214649145166972e-05, 1.333068658129133e-05, 0.9860613115136121, -0.1663823601177366, -0.14029878855260874, 5.124970033749768e-10, 0.1663823601325134, 0.9860613116012281, 9.239524145776556e-10, 0.0, 0.0, 0.0, 1.0]}, {"left_foot_pose": [0.9999999999922506, -3.886306363046325e-06, 6.290679968602077e-07, 5.144742396082585e-05, 3.936890081818951e-06, 0.9871341902581191, -0.15989399741062638, -5.482970832506456e-05, 4.2253177517490226e-10, 0.1598939974118637, 0.9871341902657691, 0.00275852370320806, 0.0, 0.0, 0.0, 1.0], "right_foot_pose": [0.9999999999111465, -1.3107165988911137e-05, 2.4308655977579292e-06, -8.214651616344111e-05, 1.333067544058043e-05, 0.9832288172191834, -0.18237623971356293, -0.1402987887576915, 3.385396495877027e-10, 0.1823762397297631, 0.9832288173065475, 5.340893907690436e-10, 0.0, 0.0, 0.0, 1.0]}, {"left_foot_pose": [0.9999999999899915, -4.4020296404942415e-06, 7.999893768540774e-07, 4.2001484048231056e-05, 4.474130968410987e-06, 0.9838768868781776, -0.17884706161100014, -7.184594068267158e-05, 1.990084315379221e-10, 0.17884706161278907, 0.9838768868880253, 0.009084482761485685, 0.0, 0.0, 0.0, 1.0], "right_foot_pose": [0.9999999999111465, -1.3076092485659052e-05, 2.5927541439375297e-06, -8.214652669305439e-05, 1.3330662726119921e-05, 0.9809009344944388, -0.1945079857749546, -0.14029878878111146, 1.6944819782068097e-10, 0.194507985792235, 0.9809009345815959, 2.4609919657692103e-10, 0.0, 0.0, 0.0, 1.0]}, {"left_foot_pose": [0.9999999999860272, -5.184924815802524e-06, 1.0309742017878686e-06, 2.7913220319979148e-05, 5.286431036061214e-06, 0.9808074182715638, -0.19497899434432456, -9.721573718634094e-05, -2.357191610669617e-10, 0.1949789943470501, 0.9808074182852686, 0.01581925706314729, 0.0, 0.0, 0.0, 1.0], "right_foot_pose": [0.9999999999111469, -1.3055461452045806e-05, 2.694667006308908e-06, -8.21465494961747e-05, 1.3330652797190789e-05, 0.9793557845365678, -0.20214412461671394, -0.14029878869368534, 4.710647144258466e-11, 0.20214412463467432, 0.9793557846235867, 5.869663088908794e-11, 0.0, 0.0, 0.0, 1.0]}, {"left_foot_pose": [0.9999999999801357, -6.171708805563601e-06, 1.2805695554508655e-06, 1.0586985314922207e-05, 6.303161710698995e-06, 0.9791658149925321, -0.2030623222320717, -0.00012841404775575452, -6.484105168781395e-10, 0.20306232223610926, 0.9791658150119824, 0.01980377341900251, 0.0, 0.0, 0.0, 1.0], "right_foot_pose": [0.9999999999111471, -1.3048049810281496e-05, 2.730310763865511e-06, -8.214657396297975e-05, 1.3330648923456106e-05, 0.9788007985695174, -0.2048145418225208, -0.14029878861491027, -1.2643561297247306e-14, 0.20481454184071904, 0.978800798656487, -6.722976342299347e-12, 0.0, 0.0, 0.0, 1.0]}, {"left_foot_pose": [0.9999999999722216, -7.3025367944190435e-06, 1.4935785004334377e-06, -8.570995076509202e-06, 7.453711824093726e-06, 0.9797355571792287, -0.20029537673932796, -0.0001629172600041036, -6.47605965899533e-10, 0.2002953767448965, 0.9797355572064439, 0.02000000009243441, 0.0, 0.0, 0.0, 1.0], "right_foot_pose": [0.9999999999111467, -1.3055097027719377e-05, 2.696431532112158e-06, -8.21465690175306e-05, 1.3330652700093098e-05, 0.9793285085303985, -0.202276227475991, -0.1402987886048743, 4.350507581576519e-11, 0.20227622749396315, 0.9793285086174152, 7.203570379088475e-11, 0.0, 0.0, 0.0, 1.0]}, {"left_foot_pose": [0.9999999999624384, -8.50669943868153e-06, 1.661421993704052e-06, -2.8158199267951824e-05, 8.667425117714723e-06, 0.981466624723216, -0.19163315078371548, -0.00019819393377508432, -4.6462020375686363e-10, 0.1916331507909174, 0.9814666247600816, 0.020000000375487825, 0.0, 0.0, 0.0, 1.0], "right_foot_pose": [0.9999999999111464, -1.3075655386440245e-05, 2.594962577540188e-06, -8.214654527568e-05, 1.3330663694450504e-05, 0.9808679659700873, -0.19467417177426785, -0.1402987885784131, 1.7671727372743352e-10, 0.19467417179156285, 0.9808679660572411, 3.025560496583424e-10, 0.0, 0.0, 0.0, 1.0]}, {"left_foot_pose": [0.9999999999512557, -9.720508193785304e-06, 1.7324457919911259e-06, -4.677050529391205e-05, 9.873684617854829e-06, 0.9844827579024423, -0.17548133603125, -0.00023171883796220538, 2.0475341348194442e-10, 0.17548133603980162, 0.984482757950431, 0.01878500208825614, 0.0, 0.0, 0.0, 1.0], "right_foot_pose": [0.9999999999111464, -1.3108909959836218e-05, 2.421482900694188e-06, -8.214651502272043e-05, 1.333068263803412e-05, 0.983357958545726, -0.18167863161933806, -0.14029878870123422, 4.243415636777034e-10, 0.18167863163547515, 0.9833579586331022, 7.144089347876914e-10, 0.0, 0.0, 0.0, 1.0]}, {"left_foot_pose": [0.9999999999394804, -1.087952800641817e-05, 1.635779096398543e-06, -6.300378538303593e-05, 1.1001813572832506e-05, 0.9888713604243705, -0.1487730903470633, -0.00026096272982157123, 1.0059024601691984e-09, 0.1487730903560559, 0.9888713604842186, 0.013357585302805418, 0.0, 0.0, 0.0, 1.0], "right_foot_pose": [0.999999999911146, -1.3153021327487459e-05, 2.16927467938674e-06, -8.214645819951958e-05, 1.333070598534398e-05, 0.9866614763586726, -0.1627855364951592, -0.14029878891402725, 7.818752645489034e-10, 0.16278553650961292, 0.9866614764463429, 1.3372511986631253e-09, 0.0, 0.0, 0.0, 1.0]}, {"left_foot_pose": [0.9999999999282265, -1.189959431806488e-05, 1.395534331261277e-06, -7.545665360838033e-05, 1.1981145974796076e-05, 0.9931790871228093, -0.11659888832384341, -0.00028339093835862486, 1.4639557337381375e-09, 0.11659888833219455, 0.9931790871940961, 0.006406374162758792, 0.0, 0.0, 0.0, 1.0], "right_foot_pose": [0.9999999999111457, -1.3203367891667387e-05, 1.8383039778747387e-06, -8.214638780548805e-05, 1.3330727050445738e-05, 0.9904334893476218, -0.1379909526055469, -0.1402987890003423, 1.2274895597308631e-09, 0.1379909526177916, 0.9904334894356281, 2.136932755747445e-09, 0.0, 0.0, 0.0, 1.0]}, {"left_foot_pose": [0.9999999999188329, -1.2698049779776737e-05, 1.0460798395286678e-06, -8.272502699525092e-05, 1.2741065428018874e-05, 0.996612663177011, -0.08223867358421831, -0.0002964745399956087, 1.734356092240111e-09, 0.0822386735908712, 0.9966126632579057, 0.001090444696171644, 0.0, 0.0, 0.0, 1.0], "right_foot_pose": [0.9999999999111456, -1.3253782318647206e-05, 1.4303184468490157e-06, -8.214630995897824e-05, 1.3330737174350094e-05, 0.9942133041281179, -0.10742395318057234, -0.14029878884128877, 1.7320620792952207e-09, 0.1074239531900943, 0.9942133042164606, 3.0637516967857437e-09, 0.0, 0.0, 0.0, 1.0]}, {"left_foot_pose": [0.9999999999127358, -1.319700563025549e-05, 6.068111691462127e-07, -8.401252985075646e-05, 1.3210948976267982e-05, 0.99893711441978, -0.046093831042286836, -0.00029878809520676036, 2.1343492693720376e-09, 0.046093831046280856, 0.998937114506953, 4.072033661650654e-09, 0.0, 0.0, 0.0, 1.0], "right_foot_pose": [0.9999999999111456, -1.3296677688970898e-05, 9.521692201920062e-07, -8.214622839495438e-05, 1.333072611911646e-05, 0.9974339471192103, -0.0715927437418352, -0.14029878864364487, 2.2197346197098818e-09, 0.07159274374816689, 0.9974339472078387, 3.981222192195322e-09, 0.0, 0.0, 0.0, 1.0]}, {"left_foot_pose": [0.9999999999111471, -1.3330367905528494e-05, 8.788358812931143e-08, -8.401249378356769e-05, 1.3330657379090644e-05, 0.9999770536325135, -0.006774365706948918, -0.00029878820476777514, 2.423215584822826e-09, 0.006774365707518368, 0.9999770537213648, 4.4463396992044935e-09, 0.0, 0.0, 0.0, 1.0], "right_foot_pose": [0.9999999999111462, -1.3323882298890346e-05, 4.2591370330588543e-07, -8.214620478372518e-05, 1.3330687756091453e-05, 0.9994836102750855, -0.032132734302793016, -0.1402987888244884, 2.4390037682356295e-09, 0.03213273430561548, 0.9994836103638941, 4.442654216729736e-09, 0.0, 0.0, 0.0, 1.0]}, {"left_foot_pose": [0.999999999911148, -1.3323226884653693e-05, -4.4367394114149866e-07, -8.401251217826377e-05, 1.3330611985298932e-05, 0.9994517180180936, 0.033109865191159736, -0.00029878839540905394, 2.3004364546732752e-09, -0.03310986519413246, 0.9994517181068965, 4.156456741288839e-09, 0.0, 0.0, 0.0, 1.0], "right_foot_pose": [0.9999999999111471, -1.333022254610905e-05, -1.0558727209222888e-07, -8.214623572754479e-05, 1.3330640516855568e-05, 0.9999699730319299, 0.007749377834090067, -0.14029878897600828, 2.2831703521993366e-09, -0.00774937783480921, 0.9999699731207801, 4.2477864697909595e-09, 0.0, 0.0, 0.0, 1.0]}, {"left_foot_pose": [0.9999999999111482, -1.3297490237703283e-05, -9.387714089423529e-07, -8.401257925461152e-05, 1.3330586444756258e-05, 0.9975270343473575, 0.07028382152716368, -0.00029878856700501014, 1.8514287519151368e-09, -0.07028382153343334, 0.997527034435988, 3.313765754853204e-09, 0.0, 0.0, 0.0, 1.0], "right_foot_pose": [0.9999999999111473, -1.3317149409246529e-05, -5.989011813144781e-07, -8.214630917126504e-05, 1.3330609428121643e-05, 0.9989963861868641, 0.0447908495998979, -0.14029878901589182, 1.8136793648070385e-09, -0.04479084960390199, 0.9989963862756266, 3.4617860592001115e-09, 0.0, 0.0, 0.0, 1.0]}, {"left_foot_pose": [0.9999999999111483, -1.3260833904902064e-05, -1.3619402639550547e-06, -8.401225132556855e-05, 1.3330588723133089e-05, 0.9947764945668066, 0.10207705755787005, -0.00029878837302757706, 1.1992555629741576e-09, -0.1020770575669559, 0.994776494655193, 2.2358028692326393e-09, 0.0, 0.0, 0.0, 1.0], "right_foot_pose": [0.9999973233605634, 0.002306567726072002, 0.00018170589831216456, -8.214514661379381e-05, -0.0023137135269876083, 0.9969491083299186, 0.07802001108622801, -0.14041513505966416, -1.193093741369876e-06, -0.07802022267018452, 0.9969517765935682, 0.0018002396840646126, 0.0, 0.0, 0.0, 1.0]}, {"left_foot_pose": [0.9999999999111482, -1.322184404057409e-05, -1.699374171326454e-06, -8.401211563880705e-05, 1.3330605091728963e-05, 0.9918465185850905, 0.1274381551692101, -0.00029878837517313423, 5.509428502932273e-10, -0.12743815518054077, 0.9918465186732176, 1.321191926695331e-09, 0.0, 0.0, 0.0, 1.0], "right_foot_pose": [0.999949101098718, 0.01002825649080333, 0.0011087306346522668, -8.214082278993072e-05, -0.010089360788608266, 0.9939286935471615, 0.10956257090133469, -0.14080391875716833, -3.2776284053489227e-06, -0.10956818067024475, 0.9939792823665238, 0.006968083019059032, 0.0, 0.0, 0.0, 1.0]}, {"left_foot_pose": [0.9999999999111475, -1.3187709151594871e-05, -1.9467362035172335e-06, -8.401221731186197e-05, 1.333062093528764e-05, 0.9892796040180365, 0.14603377998330394, -0.0002987885284625631, 1.540349591875327e-11, -0.14603377999627976, 0.9892796041059368, 6.511418904064925e-10, 0.0, 0.0, 0.0, 1.0], "right_foot_pose": [0.9997520216474313, 0.0220532517719246, 0.003090193870674174, -8.213403483030429e-05, -0.022268704029227825, 0.9901148935313488, 0.13847961015349627, -0.14141296299394898, -5.721267260962384e-06, -0.13851408482060523, 0.9903604638077884, 0.013246765912912718, 0.0, 0.0, 0.0, 1.0]}, {"left_foot_pose": [0.9999999999111479, -1.316372489500787e-05, -2.102829190997217e-06, -8.40124988284549e-05, 1.333062427654414e-05, 0.9874758518653001, 0.1577702183721467, -0.00029878871321096373, -3.50704820664089e-10, -0.15777021838616054, 0.9874758519530411, 2.343903474089082e-10, 0.0, 0.0, 0.0, 1.0], "right_foot_pose": [0.9992872261821579, 0.03724974755669261, 0.006123389268324176, -8.212400261609258e-05, -0.03774969569367645, 0.9860872861446824, 0.16188522038422698, -0.14218736433719284, -8.012713137356998e-06, -0.16200098891913484, 0.9867905955799431, 0.018333321709480523, 0.0, 0.0, 0.0, 1.0]}, {"left_foot_pose": [0.999999999911148, -1.3153308359796259e-05, -2.1669321270121042e-06, -8.401287480314234e-05, 1.3330608215603076e-05, 0.986693551770747, 0.1625910044139085, -0.0002987888032979797, -5.116608396072307e-10, -0.16259100442834856, 0.9866935518584188, 7.685214964414655e-11, 0.0, 0.0, 0.0, 1.0], "right_foot_pose": [0.9984627224298728, 0.05456458945490423, 0.009741534557983628, -8.211007257757485e-05, -0.055427356303529234, 0.9829511691032246, 0.17531345450879, -0.143072216320971, -9.54611143644187e-06, -0.17558389657432077, 0.9844644712597046, 0.020000000813753423, 0.0, 0.0, 0.0, 1.0]}, {"left_foot_pose": [0.9999999999111482, -1.315745648572634e-05, -2.141388303566775e-06, -8.401319515057778e-05, 1.3330574062559768e-05, 0.9870079528174149, 0.16067140659579726, -0.00029878882946915517, -4.5975534051241285e-10, -0.16067140661006737, 0.9870079529051138, 1.5630700206381576e-10, 0.0, 0.0, 0.0, 1.0], "right_foot_pose": [0.9972437126290897, 0.07298132182538526, 0.013368032254930764, -8.209743741194656e-05, -0.07419553571470432, 0.9809482440651546, 0.17954265494722355, -0.14401261407490604, -1.0087484993248624e-05, -0.18003963210945903, 0.9836593570785228, 0.020000000634179296, 0.0, 0.0, 0.0, 1.0]}, {"left_foot_pose": [0.999999999911149, -1.3175469871833548e-05, -2.027302921314448e-06, -8.401347288415043e-05, 1.3330527500628928e-05, 0.9883659133958668, 0.1520947765685976, -0.00029878885223958655, -2.0304293674498961e-10, -0.1520947765821089, 0.9883659134836852, 4.823319590951947e-10, 0.0, 0.0, 0.0, 1.0], "right_foot_pose": [0.9956707543933472, 0.09147951626539948, 0.01646957648608566, -8.208471707495926e-05, -0.0929502488046608, 0.9799348284452631, 0.17631784721662275, -0.1449536577637377, -9.640236125388955e-06, -0.177085375183275, 0.9841954936918094, 0.020000000648054225, 0.0, 0.0, 0.0, 1.0]}, {"left_foot_pose": [0.9999999999111497, -1.3205389185382936e-05, -1.8219143362305482e-06, -8.401371824553124e-05, 1.3330479186003344e-05, 0.9906188661057717, 0.1366538032314309, -0.00029878866339801743, 2.560581969965568e-10, -0.13665380324357618, 0.9906188661937886, 1.0635728894814456e-09, 0.0, 0.0, 0.0, 1.0], "right_foot_pose": [0.993865720202992, 0.10908840498363237, 0.018183786830984622, -8.207044316627045e-05, -0.11059353570158459, 0.9803517430298107, 0.16333869657688094, -0.14584044208281557, -8.14923296088224e-06, -0.16434774058848242, 0.9864024635497678, 0.018419945575513602, 0.0, 0.0, 0.0, 1.0]}, {"left_foot_pose": [0.99999999991115, -1.3243182820420827e-05, -1.5228434780964713e-06, -8.401377426700168e-05, 1.3330451707664072e-05, 0.9934608460834304, 0.11417332053283892, -0.00029878840291521977, 8.67212881994334e-10, -0.1141733205429949, 0.9934608461716987, 1.9084922045498054e-09, 0.0, 0.0, 0.0, 1.0], "right_foot_pose": [0.9920256044053704, 0.12479158694695126, 0.01767088088978762, -8.205968861383695e-05, -0.1260365033247815, 0.9822334110957757, 0.1390407348830517, -0.1466180651753626, -5.815657117132428e-06, -0.14015914509734392, 0.9901289885725798, 0.013389171316264895, 0.0, 0.0, 0.0, 1.0]}, {"left_foot_pose": [0.9999999999111495, -1.3282254124575964e-05, -1.1327739826702771e-06, -8.401358322173933e-05, 1.3330470700834024e-05, 0.9963928995178085, 0.08485982331347179, -0.00029878820980313095, 1.5582147086652293e-09, -0.08485982332103252, 0.996392899606337, 2.960355960368588e-09, 0.0, 0.0, 0.0, 1.0], "right_foot_pose": [0.9904043422735885, 0.13738259353560958, 0.015008724097986863, -8.205250201585986e-05, -0.13819999563993696, 0.984549040071995, 0.10753580286785835, -0.14723162849914714, -3.2774074581339323e-06, -0.10857813171510651, 0.9940879182962216, 0.0071120825378774635, 0.0, 0.0, 0.0, 1.0]}, {"left_foot_pose": [0.9999999999111484, -1.3314227982581676e-05, -6.596506499365271e-07, -8.401311892925598e-05, 1.3330558911955552e-05, 0.9987830777791145, 0.04931899597899971, -0.00029878817423665584, 2.2035496828654427e-09, -0.04931899598341132, 0.9987830778678568, 4.0508963267127385e-09, 0.0, 0.0, 0.0, 1.0], "right_foot_pose": [0.9892828508950433, 0.14562775043928664, 0.010582968721886337, -8.204811179126845e-05, -0.14601178350970773, 0.9866814510971269, 0.07169569817766197, -0.14762623069757536, -1.1356936391979248e-06, -0.07247256282801823, 0.9973704064367707, 0.0018916459524726884, 0.0, 0.0, 0.0, 1.0]}, {"left_foot_pose": [0.9999999999111447, -1.333025027666982e-05, -1.2593045195493572e-07, -8.401161523235877e-05, 1.3330844892040834e-05, 0.9999570103566631, 0.009272392401840602, -0.00029878830298754426, 2.3217267181557465e-09, -0.009272392402695628, 0.9999570104455149, 4.63567161046452e-09, 0.0, 0.0, 0.0, 1.0], "right_foot_pose": [0.9889220004894789, 0.1483536720194099, 0.004946205236797935, -8.20457461678688e-05, -0.1484361039231599, 0.9883728160493058, 0.032952989953538646, -0.14774878925203697, 2.264974315561234e-09, -0.03332213218151788, 0.9994446635541547, 4.8725551579642534e-09, 0.0, 0.0, 0.0, 1.0]}, {"left_foot_pose": [0.9999999999111373, -1.3324904069283144e-05, 4.1573339920634244e-07, -8.400771373523718e-05, 1.3331387797909331e-05, 0.9995170317918481, -0.031075761942201307, -0.0002987887496965838, -1.4510667337909654e-09, 0.03107576194498195, 0.9995170318806677, 4.6299753614365e-09, 0.0, 0.0, 0.0, 1.0], "right_foot_pose": [0.9889220004698617, 0.14843257523134998, -0.0010235218006427527, -8.204166718235096e-05, -0.14843610405385455, 0.9888984904180834, -0.006818992751792001, -0.14774878811264627, -1.4910668669259313e-09, 0.006895379541793097, 0.9999762265879, 5.278476218617545e-09, 0.0, 0.0, 0.0, 1.0]}, {"left_foot_pose": [0.999999999911144, -1.3298777757351288e-05, 9.250075864167043e-07, -8.40107164154013e-05, 1.333090870198319e-05, 0.9975822529464455, -0.06949567201331297, -0.00029878811608266553, 1.4363448491273008e-09, 0.06949567201946884, 0.9975822530350887, 4.055890290288744e-09, 0.0, 0.0, 0.0, 1.0], "right_foot_pose": [0.9889220004789296, 0.14828360260143897, -0.006726824532421173, -8.204504451885279e-05, -0.14843610399344032, 0.9879059948372588, -0.04481593908259538, -0.14774878874009784, 1.3806632640398545e-09, 0.04531797175674201, 0.9989726129558582, 4.099586156658397e-09, 0.0, 0.0, 0.0, 1.0]}, {"left_foot_pose": [0.9999939017395855, 0.0034728925990079834, -0.0003681041111948227, 0.0001734835161045187, -0.0034923453149126272, 0.9945077151740659, -0.10460500936122111, -0.00031800798796982263, 2.800415740457586e-06, 0.10460565699930126, 0.9945137789472315, 0.0013721641140535257, 0.0, 0.0, 0.0, 1.0], "right_foot_pose": [0.9889220005090172, 0.14796202821915322, -0.011853907141420799, -8.204758220923484e-05, -0.14843610379298855, 0.9857635799454136, -0.07897396750802739, -0.14774878899429952, 1.5310661920445274e-09, 0.07985864172696884, 0.9968061984867086, 2.82517035460339e-09, 0.0, 0.0, 0.0, 1.0]}, {"left_foot_pose": [0.9998404576642442, 0.017694733376414928, -0.0024404156394687362, 0.001229041633024009, -0.017862227127916644, 0.9905239295414888, -0.13617373405954536, -0.0003967818018417342, 7.732171866421124e-06, 0.13619559984238336, 0.9906819663866847, 0.006257913583087707, 0.0, 0.0, 0.0, 1.0], "right_foot_pose": [0.9889220005148176, 0.1475609398713693, -0.016094903604838815, -8.204813660035726e-05, -0.14843610375434577, 0.9830914194807181, -0.1072286530998874, -0.14774878896797464, 7.987257923080465e-10, 0.10842983891745393, 0.9941041042226593, 1.752543055122402e-09, 0.0, 0.0, 0.0, 1.0]}, {"left_foot_pose": [0.9991471620973922, 0.040732891903144386, -0.006766091185866076, 0.0029507134549327904, -0.04129101960672634, 0.9856937948633279, -0.16340989709246412, -0.0005252607666319867, 1.3136423216122354e-05, 0.16354991374237857, 0.986535060472914, 0.012525440557495493, 0.0, 0.0, 0.0, 1.0], "right_foot_pose": [0.9889220005144659, 0.14716733704729898, -0.019366254280919346, -8.204831243058264e-05, -0.14843610375668886, 0.9804691290460711, -0.12902329281634645, -0.14774878875410505, 4.684201516638603e-11, 0.13046862417472588, 0.9914524386504652, 9.283886506783467e-10, 0.0, 0.0, 0.0, 1.0]}, {"left_foot_pose": [0.997436748442605, 0.0703262483029935, -0.013196653207178118, 0.00517718788870923, -0.07155370384852122, 0.9803725694302529, -0.18371089400001053, -0.0006914077883347358, 1.7938865191255607e-05, 0.18418426618023231, 0.9828917314586828, 0.01787177767980224, 0.0, 0.0, 0.0, 1.0], "right_foot_pose": [0.9889220005113313, 0.1468504475987894, -0.021638459850498146, -8.204816276211144e-05, -0.14843610377757277, 0.9783579239277306, -0.14416135329260374, -0.1477487884792088, -6.011393322061267e-10, 0.14577626256649767, 0.9893175836262811, 3.837154968766576e-10, 0.0, 0.0, 0.0, 1.0]}, {"left_foot_pose": [0.9943232430751107, 0.10437416560095708, -0.020671764213520558, 0.007747156600757224, -0.10640154059741502, 0.9754156310549388, -0.1929846078115902, -0.0008831886360251354, 2.095452118710739e-05, 0.19408858866198342, 0.9809840056352137, 0.02000000021323471, 0.0, 0.0, 0.0, 1.0], "right_foot_pose": [0.9889220005089175, 0.14666069585441371, -0.022889237666190755, -8.20477511330837e-05, -0.14843610379365324, 0.9770937452007071, -0.15249438081521396, -0.14774878829196356, -1.0481998579693067e-09, 0.15420263740012624, 0.9880392434609293, 1.2997785486801305e-10, 0.0, 0.0, 0.0, 1.0]}, {"left_foot_pose": [0.9896395857616448, 0.14083963456086745, -0.02788705130132631, 0.01049931324113853, -0.14357398727021872, 0.9708213912932853, -0.19207377849852855, -0.0010885676843303098, 2.174517096292438e-05, 0.19408766973749797, 0.9809841874276144, 0.020000000169769445, 0.0, 0.0, 0.0, 1.0], "right_foot_pose": [0.9889220005098077, 0.1466238052539942, -0.0231243733000132, -8.20472724794275e-05, -0.1484361037877226, 0.9768479697583837, -0.15406091999999405, -0.14774878830307697, -1.221277338771787e-09, 0.15578672508196226, 0.9877907148218378, 8.381340066421217e-11, 0.0, 0.0, 0.0, 1.0]}, {"left_foot_pose": [0.9835154254829166, 0.17762092380506161, -0.033885325198302445, 0.013272345325708094, -0.18082424454636964, 0.9661136062159558, -0.1841930847470561, -0.0012955043632380814, 2.052785385612883e-05, 0.18728402844620273, 0.9823058038449993, 0.02000000036036289, 0.0, 0.0, 0.0, 1.0], "right_foot_pose": [0.9889220005148949, 0.14674264040445867, -0.022357870756079305, -8.204675353326411e-05, -0.14843610375383004, 0.977639682489671, -0.1489542692368293, -0.14774878835451138, -1.1002106231314381e-09, 0.15062286914218345, 0.9885912963866194, 2.8398301071819176e-10, 0.0, 0.0, 0.0, 1.0]}, {"left_foot_pose": [0.9764043787588936, 0.21289462318561023, -0.036199013234019875, 0.015904942364750145, -0.21595019994454, 0.9626018768520369, -0.16359443091025436, -0.0014919638567654284, 1.6863355356175852e-05, 0.167551502827023, 0.9858633240039079, 0.0188229887018315, 0.0, 0.0, 0.0, 1.0], "right_foot_pose": [0.98892200051751, 0.1470998035402159, -0.019872712217399897, -8.204648786350839e-05, -0.14843610373640798, 0.9800192023658106, -0.13239745504289288, -0.14774878872509842, -4.9892681749305854e-11, 0.1338805840766703, 0.9909974718470725, 8.134983728314005e-10, 0.0, 0.0, 0.0, 1.0]}, {"left_foot_pose": [0.9690613636224356, 0.24436902918440223, -0.03469655760590098, 0.01823579720329006, -0.24681992097634017, 0.9594455215754036, -0.13617715571319425, -0.0016659078008607262, 1.1977470338170042e-05, 0.14052782181609205, 0.9900767299316581, 0.014090245643770337, 0.0, 0.0, 0.0, 1.0], "right_foot_pose": [0.988922000525684, 0.14747540426444927, -0.016860664675992797, -8.204625688398685e-05, -0.14843610368195126, 0.982521558118681, -0.1123303652435997, -0.1477487890373188, 5.028999250477773e-10, 0.11358870088647353, 0.9935278592122737, 1.6245316480922867e-09, 0.0, 0.0, 0.0, 1.0]}, {"left_foot_pose": [0.9624725449722608, 0.2698146180534703, -0.0290976297880133, 0.020103596575541727, -0.27137907091085384, 0.9569267435432312, -0.10317270648437006, -0.0018052931227210498, 6.7957242466829306e-06, 0.10719738511926649, 0.9942377585755887, 0.00784025124929958, 0.0, 0.0, 0.0, 1.0], "right_foot_pose": [0.988922000529751, 0.1478824619359982, -0.012808369138311416, -8.204621971572099e-05, -0.148436103654856, 0.9852334883736755, -0.08533285720520427, -0.14774878927579646, 1.1989777891127892e-09, 0.08628876426735409, 0.9962701687600671, 2.6611560316469607e-09, 0.0, 0.0, 0.0, 1.0]}, {"left_foot_pose": [0.9577409010910857, 0.2869181777278217, -0.020256496898086358, 0.021347030329930287, -0.2876323458359738, 0.9553635132044893, -0.06744027925854755, -0.0018980808221143817, 2.476011453571293e-06, 0.0704167375481313, 0.997517660528849, 0.002375971491003867, 0.0, 0.0, 0.0, 1.0], "right_foot_pose": [0.9889220005248507, 0.14823142434122435, -0.007792413984067224, -8.204644467770927e-05, -0.1484361036875031, 0.9875583713080224, -0.05191518449855453, -0.14774878930205407, 1.919504918992928e-09, 0.052496743682042074, 0.9986210952622532, 3.763015406221815e-09, 0.0, 0.0, 0.0, 1.0]}, {"left_foot_pose": [0.9559297946097697, 0.29344950943481296, -0.009252739583069242, 0.021804790859001964, -0.2935953469953566, 0.9554549579148819, -0.030126327664489312, -0.0019322344211474291, 1.9834721735764108e-08, 0.03151521550521052, 0.9995032722265896, 3.7894467878885063e-07, 0.0, 0.0, 0.0, 1.0], "right_foot_pose": [0.9889220005074701, 0.14842195896999041, -0.002049148070210787, -8.20469586890857e-05, -0.14843610380329691, 0.9888277639746873, -0.013651969840182465, -0.14774878897363403, 2.3968405322872465e-09, 0.013804900880878903, 0.9999047078155344, 4.484828709794275e-09, 0.0, 0.0, 0.0, 1.0]}, {"left_foot_pose": [0.9559295324228703, 0.2935840932377073, 0.002666315732791221, 0.021804850497149614, -0.2935962006596706, 0.9558901114763657, 0.008681344360659773, -0.0019322394760199202, -2.3084071513652955e-10, -0.009081573624394223, 0.9999587616599527, 5.452025025887153e-09, 0.0, 0.0, 0.0, 1.0], "right_foot_pose": [0.9889220003873483, 0.14838373554633433, 0.003942610201458818, -8.205251167353426e-05, -0.14843610460358048, 0.9885731034262308, 0.026266747654510265, -0.14774878708276476, -2.6482704000884437e-10, -0.02656099033444302, 0.9996471946604232, 4.8426981869020835e-09, 0.0, 0.0, 0.0, 1.0]}, {"left_foot_pose": [0.9559295324136355, 0.29325227594620196, 0.014206748812497885, 0.021804853701216976, -0.2935962006897374, 0.9548097362897847, 0.04625622581646269, -0.0019322395108541685, 1.4101623363475448e-09, -0.048388739791453736, 0.9988285788169039, 4.326900913953491e-09, 0.0, 0.0, 0.0, 1.0], "right_foot_pose": [0.988922000450327, 0.14811572816973098, 0.009747209553178293, -8.20498450688073e-05, -0.1484361041839997, 0.9867875670121342, 0.0649385907219235, -0.14774878842200878, 1.4509555803767916e-09, -0.06566603885588866, 0.997841656447042, 4.19293991194003e-09, 0.0, 0.0, 0.0, 1.0]}, {"left_foot_pose": [0.9559295323498773, 0.2925815810884274, 0.024387447368299023, 0.021804856990043094, -0.29359620089733013, 0.9526259979113062, 0.07940389739895087, -0.0019322395246307283, 1.4598325908317875e-09, -0.08306459240425311, 0.9965441653477863, 2.8224604251003704e-09, 0.0, 0.0, 0.0, 1.0], "right_foot_pose": [0.9885458384346691, 0.15015337747142551, 0.015201596870744146, -0.000262547556097982, -0.15092092402391669, 0.9835198694573755, 0.09955672289862756, -0.14770776059001606, -2.2943766421945344e-06, -0.10071062315600372, 0.9949157604431972, 0.0009950887427946642, 0.0, 0.0, 0.0, 1.0]}, {"left_foot_pose": [0.9559295323450432, 0.29176008141291315, 0.03278389977593035, 0.02180485734563077, -0.2935962009130702, 0.9499512501958041, 0.10674218032643804, -0.0019322395672657661, 6.437940125791037e-10, -0.11166323094627027, 0.9937461058311832, 1.7276603550553382e-09, 0.0, 0.0, 0.0, 1.0], "right_foot_pose": [0.9864742543362636, 0.16247401374916554, 0.02169655244383995, -0.0012077141499599211, -0.16391627582852514, 0.977800212053363, 0.13053045555312068, -0.1474929362613925, -7.086550191054424e-06, -0.1323213518848502, 0.9912068703278577, 0.005566869818229382, 0.0, 0.0, 0.0, 1.0]}, {"left_foot_pose": [0.9559295323502649, 0.29096585285606125, 0.03921226405538851, 0.021804857271994084, -0.29359620089606814, 0.9473652956664554, 0.1276725005089408, -0.0019322397338019772, -1.3373463672735527e-10, -0.13355848546069637, 0.9910409330403288, 9.086899843691043e-10, 0.0, 0.0, 0.0, 1.0], "right_foot_pose": [0.9825392410209751, 0.18365334138345812, 0.029800839797184626, -0.0028227938584627164, -0.18605547478770568, 0.9698645581445444, 0.15730892904285157, -0.14712585545343176, -1.2467874059905194e-05, -0.16010680514512352, 0.9870996964799318, 0.011791366104204684, 0.0, 0.0, 0.0, 1.0]}, {"left_foot_pose": [0.9559295323572341, 0.2903404484221444, 0.04360221527983754, 0.021804856888868043, -0.2935962008733783, 0.9453290211858202, 0.14196588511532854, -0.0019322398959390101, -7.469914538010186e-10, -0.1485108269248004, 0.9889107817624972, 3.747498977801911e-10, 0.0, 0.0, 0.0, 1.0], "right_foot_pose": [0.9765986193129002, 0.2114826510716228, 0.03911809110700005, -0.004950050531882124, -0.2150700733558475, 0.9603234226554447, 0.17754939438376605, -0.146642368499598, -1.740251918181514e-05, -0.18180762413895082, 0.9833341179386093, 0.017365609466103785, 0.0, 0.0, 0.0, 1.0]}, {"left_foot_pose": [0.9559295323592425, 0.2899828569710604, 0.04592027685393752, 0.021804856329314958, -0.2935962008668378, 0.9441647276487365, 0.14951333686513565, -0.0019322399357754854, -1.1099240500646006e-09, -0.15640623301802856, 0.9876928116945627, 1.2152642780982603e-10, 0.0, 0.0, 0.0, 1.0], "right_foot_pose": [0.9685860335429779, 0.24397384097188873, 0.04814416420402606, -0.007431747301286048, -0.2486786987183033, 0.9502770666398322, 0.1874363930035123, -0.14607832320596584, -2.0718396645039635e-05, -0.19352070054601253, 0.981096192037727, 0.01998663517372875, 0.0, 0.0, 0.0, 1.0]}, {"left_foot_pose": [0.9559295323675839, 0.2900510253831597, 0.04548771066641216, 0.021804855994368297, -0.29359620083967963, 0.9443866791939275, 0.14810493244174247, -0.0019322397128329798, -5.013563946177699e-10, -0.15493289784692074, 0.9879249957181754, 6.894323306694261e-11, 0.0, 0.0, 0.0, 1.0], "right_foot_pose": [0.9586413953586981, 0.2792791525633404, 0.05486191801450543, -0.01011014982880901, -0.28461671532060673, 0.9406780994162157, 0.18471068902152066, -0.14546956687264273, -2.1560068892429247e-05, -0.19268593156273428, 0.9812604808678297, 0.020000000073443838, 0.0, 0.0, 0.0, 1.0]}, {"left_foot_pose": [0.9559295323546407, 0.2903433511057181, 0.04358288243038954, 0.021804855691696576, -0.29359620088182237, 0.9453384718730217, 0.14190294015467633, -0.0019322396646662297, -3.0030332221466715e-10, -0.14844497992684993, 0.9889206681703635, 3.305181475732333e-10, 0.0, 0.0, 0.0, 1.0], "right_foot_pose": [0.947190029712241, 0.3150459894275266, 0.05980862947229992, -0.012827522376599603, -0.32067280394720127, 0.9305817276772591, 0.176597284582315, -0.14485195353198377, -2.0551492892205095e-05, -0.18645018814374587, 0.9824644150903369, 0.02000000029387205, 0.0, 0.0, 0.0, 1.0]}, {"left_foot_pose": [0.9559295323401574, 0.29090742252554086, 0.039643419623886046, 0.021804855475149834, -0.2935962009289782, 0.9471750502034061, 0.1290763149158163, -0.0019322394840761183, 1.0876570173049693e-10, -0.13502701874707357, 0.9908419168607464, 8.503529616565864e-10, 0.0, 0.0, 0.0, 1.0], "right_foot_pose": [0.9349709566333859, 0.3494215648290148, 0.06110548489696817, -0.015426128455996864, -0.35472427312382215, 0.9210027785738674, 0.16101109252468174, -0.14426133198328697, -1.7573471407648827e-05, -0.17221629392034427, 0.9850591595429761, 0.01917315703401802, 0.0, 0.0, 0.0, 1.0]}, {"left_foot_pose": [0.9559295323300736, 0.29166580441885526, 0.033612315479743596, 0.021804855449897784, -0.2935962009618101, 0.9496442904331457, 0.10943944640083139, -0.001932239205302927, 6.860762731668331e-10, -0.11448484694679155, 0.9934249945615273, 1.6347277420614148e-09, 0.0, 0.0, 0.0, 1.0], "right_foot_pose": [0.9230162609092343, 0.38057612092797855, 0.056593270594205505, -0.01774823334903749, -0.3847609412765762, 0.9129820623331454, 0.13573051214034135, -0.14373355208151456, -1.2849099336508573e-05, -0.14705634987082, 0.9891281159675788, 0.014770320242635214, 0.0, 0.0, 0.0, 1.0]}, {"left_foot_pose": [0.9559295323319141, 0.29248220651027335, 0.025551674907350944, 0.021804855643474993, -0.29359620095581795,