{"LoopMode": "Wrap", "FrameDuration": 0.0167, "EnableCycleOffsetPosition": true, "EnableCycleOffsetRotation": false, "Debug_info": [{"left_foot_pose": [0.9999999999929866, -3.745003300131976e-06, -4.704019329608343e-08, 5.484950900392303e-05, 3.745298719742674e-06, 0.9999211634122541, 0.012556549934502212, -4.8696483060980955e-05, 1.2163589014958056e-11, -0.0125565499345905, 0.9999211634192673, 2.3785806657627973e-11, 0.0, 0.0, 0.0, 1.0], "right_foot_pose": [0.9999999999111469, -1.3329813149309054e-05, 1.4928084307594356e-07, -8.214657576017037e-05, 1.3330649022728411e-05, 0.9999372865156521, -0.011199234706368336, -0.14029878861918693, 1.2224723352232677e-11, 0.011199234707363108, 0.9999372866045, 2.0821212809440937e-11, 0.0, 0.0, 0.0, 1.0]}, {"left_foot_pose": [0.9999999999929869, -3.7451464995675775e-06, -3.3762279694133344e-08, 5.4849511348075295e-05, 3.7452986792118755e-06, 0.9999594327454342, 0.00900737749864274, -4.869648161052835e-05, 2.696173166239215e-11, -0.009007377498706188, 0.9999594327524477, 5.1809133372326954e-11, 0.0, 0.0, 0.0, 1.0], "right_foot_pose": [0.9999999999111469, -1.3329199595089675e-05, 1.9658349642578912e-07, -8.21465736038873e-05, 1.333064915590409e-05, 0.9998912309992275, -0.014748762427502967, -0.14029878862161155, 2.708387314738349e-11, 0.014748762428812928, 0.999891231088071, 4.7308296169390474e-11, 0.0, 0.0, 0.0, 1.0]}, {"left_foot_pose": [0.9999999999929867, -3.7452673612272594e-06, -1.5323425972474895e-08, 5.484951451200476e-05, 3.7452987083417307e-06, 0.9999916816729465, 0.004078795273888037, -4.8696479082921754e-05, 4.711948974427676e-11, -0.004078795273916993, 0.99999168167996, 8.994854860944201e-11, 0.0, 0.0, 0.0, 1.0], "right_foot_pose": [0.999999999911147, -1.3328068644831422e-05, 2.6229789334983286e-07, -8.214657060984787e-05, 1.333064942100309e-05, 0.9998063327957932, -0.01967985578507656, -0.14029878862434303, 4.737385935462795e-11, 0.019679855786824393, 0.9998063328846292, 8.372779553011966e-11, 0.0, 0.0, 0.0, 1.0]}, {"left_foot_pose": [0.9999999999929867, -3.7452899859945873e-06, 8.165103981899233e-09, 5.4849518441567796e-05, 3.745298885986063e-06, 0.9999975813159789, -0.002199397227845129, -4.8696475250378096e-05, 7.229602449429503e-11, 0.00219939722786011, 0.9999975813229928, 1.3777426421945904e-10, 0.0, 0.0, 0.0, 1.0], "right_foot_pose": [0.9999999999111469, -1.3326157511967752e-05, 3.460528146815575e-07, -8.214656680838436e-05, 1.3330649893411823e-05, 0.9996628616708475, -0.025964645546310155, -0.14029878862704934, 7.280913232827832e-11, 0.025964645548616078, 0.999662861759671, 1.2948567912340891e-10, 0.0, 0.0, 0.0, 1.0]}, {"left_foot_pose": [0.9999999999929867, -3.745120103522583e-06, 3.663788245019068e-08, 5.484952317730744e-05, 3.745299309291082e-06, 0.9999518827881226, -0.009809795842036229, -4.869646974606928e-05, 1.027438559654954e-10, 0.00980979584210447, 0.9999518827951359, 1.9602014456054917e-10, 0.0, 0.0, 0.0, 1.0], "right_foot_pose": [0.9999999999111469, -1.3323132458571739e-05, 4.476481884064519e-07, -8.21465621339506e-05, 1.3330650674301576e-05, 0.9994357589449632, -0.03358814618878367, -0.14029878862940248, 1.0371365499273894e-10, 0.033588146191766546, 0.9994357590337662, 1.8507723825722522e-10, 0.0, 0.0, 0.0, 1.0]}, {"left_foot_pose": [0.9999999999929867, -3.7446434578173877e-06, 7.013037828247867e-08, 5.484952885993947e-05, 3.7453001053600257e-06, 0.9998239763258226, -0.01876209876305486, -4.86964620150486e-05, 1.393367297751623e-10, 0.01876209876318575, 0.999823976332835, 2.666738010970171e-10, 0.0, 0.0, 0.0, 1.0], "right_foot_pose": [0.9999999999111464, -1.3318577459331612e-05, 5.672518270106451e-07, -8.214655641461672e-05, 1.3330651902945907e-05, 0.9990937841103253, -0.042563016509688426, -0.14029878863102635, 1.410577068848048e-10, 0.042563016513468256, 0.9990937841990979, 2.521637343377847e-10, 0.0, 0.0, 0.0, 1.0]}, {"left_foot_pose": [0.9999999999929868, -3.7437210295071057e-06, 1.0879258721681559e-07, 5.484953572375099e-05, 3.745301448842743e-06, 0.9995766005745301, -0.029096727820150325, -4.86964512645318e-05, 1.835071115847136e-10, 0.029096727820353538, 0.9995766005815407, 3.5292727768032606e-10, 0.0, 0.0, 0.0, 1.0], "right_foot_pose": [0.9999999999111467, -1.331197473517519e-05, 7.05449307414424e-07, -8.214654937267269e-05, 1.3330653773999341e-05, 0.9985980502103039, -0.052933297067851943, -0.14029878863141382, 1.8641025562350187e-10, 0.05293329707255259, 0.9985980502990326, 3.3348583616810146e-10, 0.0, 0.0, 0.0, 1.0]}, {"left_foot_pose": [0.9999999999929867, -3.7421821215180557e-06, 1.5287884663768799e-07, 5.4849544080700594e-05, 3.7453035816500907e-06, 0.9991639787815577, -0.040882068090795795, -4.869643642502891e-05, 2.37107298171738e-10, 0.04088206809108147, 0.9991639787885658, 4.5901264733583247e-10, 0.0, 0.0, 0.0, 1.0], "right_foot_pose": [0.9999999999111466, -1.330267920048253e-05, 8.632093437822285e-07, -8.214654063411629e-05, 1.3330656556433596e-05, 0.9979001019378099, -0.06477180231244486, -0.1402987886298251, 2.418150559939783e-10, 0.0647718023181967, 0.9979001020264767, 4.326460578685243e-10, 0.0, 0.0, 0.0, 1.0]}, {"left_foot_pose": [0.9999999999929869, -3.739816976433042e-06, 2.0271231232500918e-07, 5.4849554272473584e-05, 3.7453068245537373e-06, 0.9985298348782641, -0.05420487841477323, -4.869641618384171e-05, 3.0203249661731686e-10, 0.05420487841515209, 0.9985298348852676, 5.896155369500278e-10, 0.0, 0.0, 0.0, 1.0], "right_foot_pose": [0.9999999999111469, -1.3289892854977386e-05, 1.0417581620681681e-06, -8.214652977263128e-05, 1.3330660601449588e-05, 0.9969399914289083, -0.07817066784940414, -0.14029878862518225, 3.094267742554687e-10, 0.07817066785634562, 0.99693999151749, 5.534767991144385e-10, 0.0, 0.0, 0.0, 1.0]}, {"left_foot_pose": [0.9999999999929867, -3.7363729860046443e-06, 2.5860324515132817e-07, 5.4849566519830704e-05, 3.7453115474972477e-06, 0.9976063996672773, -0.06914818384358325, -4.869638927652159e-05, 3.7915351118040193e-10, 0.06914818384406664, 0.9976063996742747, 7.479526928366731e-10, 0.0, 0.0, 0.0, 1.0], "right_foot_pose": [0.9999999999111466, -1.3272655726375068e-05, 1.2422858523542799e-06, -8.214651646641508e-05, 1.3330666300653238e-05, 0.9956456062186999, -0.09321923964338612, -0.14029878861603698, 3.9042424611017866e-10, 0.09321923965166364, 0.9956456063071669, 6.981557068574951e-10, 0.0, 0.0, 0.0, 1.0]}, {"left_foot_pose": [0.9999999999929865, -3.7315652989269057e-06, 3.2066736360699063e-07, 5.484958048919433e-05, 3.7453180004261216e-06, 0.9963173728790958, -0.08574201120378698, -4.869635553325126e-05, 4.6544803753223557e-10, 0.08574201120438642, 0.9963173728860838, 9.301606984646327e-10, 0.0, 0.0, 0.0, 1.0], "right_foot_pose": [0.9999999999111462, -1.3249898172370262e-05, 1.4652865792386946e-06, -8.214650097332273e-05, 1.3330673880445623e-05, 0.9939366374113944, -0.10995435704701935, -0.14029878860087133, 4.820189247504302e-10, 0.10995435705678266, 0.9939366374997095, 8.619668312448425e-10, 0.0, 0.0, 0.0, 1.0]}, {"left_foot_pose": [0.9999999999929867, -3.72513004742421e-06, 3.884216937533763e-07, 5.4849594154185876e-05, 3.7453257516721053e-06, 0.9945925933046909, -0.10385361490782707, -4.869631885188498e-05, 5.468815785586825e-10, 0.1038536149085533, 0.9945925933116669, 1.1104854188981328e-09, 0.0, 0.0, 0.0, 1.0], "right_foot_pose": [0.9999999999111464, -1.3220671185601403e-05, 1.7090804961817638e-06, -8.21464854132848e-05, 1.3330682743872478e-05, 0.9917420098538436, -0.1282489209052135, -0.14029878857948838, 5.698867114205324e-10, 0.12824892091660114, 0.9917420099419644, 1.0199242492237026e-09, 0.0, 0.0, 0.0, 1.0]}, {"left_foot_pose": [0.9999999999929867, -3.716990972204591e-06, 4.598825397717658e-07, 5.484960118297797e-05, 3.745332228328642e-06, 0.9924137751396253, -0.12294266508861247, -4.869629414697846e-05, 5.83008593051366e-10, 0.12294266508947244, 0.9924137751465862, 1.2072449429023635e-09, 0.0, 0.0, 0.0, 1.0], "right_foot_pose": [0.9999999999111462, -1.3184845519580878e-05, 1.9665043459183566e-06, -8.21464767530431e-05, 1.3330689792578111e-05, 0.9890527409593147, -0.14756244584297032, -0.14029878855715683, 6.115393099953918e-10, 0.14756244585607356, 0.9890527410471972, 1.0969656849546539e-09, 0.0, 0.0, 0.0, 1.0]}, {"left_foot_pose": [0.9999999999929866, -3.707706807552909e-06, 5.295362954794316e-07, 5.48495868998696e-05, 3.7453301891794834e-06, 0.9899362468703816, -0.14151405272323966, -4.869631771979577e-05, 4.854437669915274e-10, 0.14151405272423026, 0.9899362468773253, 1.030064283868981e-09, 0.0, 0.0, 0.0, 1.0], "right_foot_pose": [0.9999999999111462, -1.3144959565282077e-05, 2.2174857419733063e-06, -8.214649145166972e-05, 1.333068658129133e-05, 0.9860613115136121, -0.1663823601177366, -0.14029878855260874, 5.124970033749768e-10, 0.1663823601325134, 0.9860613116012281, 9.239524145776556e-10, 0.0, 0.0, 0.0, 1.0]}, {"left_foot_pose": [0.9999999999922509, -3.886306327300685e-06, 6.290682119104076e-07, 5.144742038822559e-05, 3.936890080917034e-06, 0.9871341808774823, -0.1598940553236548, -5.482970829648326e-05, 4.2254476478486904e-10, 0.15989405532489212, 0.9871341808851324, 0.0027585237031722137, 0.0, 0.0, 0.0, 1.0], "right_foot_pose": [0.9999999999111464, -1.3107165856669751e-05, 2.430866314184847e-06, -8.214651631560851e-05, 1.3330675441218858e-05, 0.9832288071109662, -0.18237629420908794, -0.1402987887576494, 3.3855008568468366e-10, 0.18237629422528812, 0.9832288071983304, 5.340696426769931e-10, 0.0, 0.0, 0.0, 1.0]}, {"left_foot_pose": [0.9999999999899916, -4.402029272242576e-06, 7.999913824719714e-07, 4.200146320655762e-05, 4.474130964720637e-06, 0.9838768035150919, -0.17884752020900008, -7.184594062955435e-05, 1.9905489437608498e-10, 0.17884752021078898, 0.9838768035249396, 0.009084482761396, 0.0, 0.0, 0.0, 1.0], "right_foot_pose": [0.9999999999111466, -1.3076091375710524e-05, 2.592759749120514e-06, -8.21465278024493e-05, 1.3330662727535848e-05, 0.9809008507000525, -0.19450840834834487, -0.14029878878096974, 1.6947700811242995e-10, 0.19450840836562527, 0.9809008507872095, 2.4590159769521946e-10, 0.0, 0.0, 0.0, 1.0]}, {"left_foot_pose": [0.9999999999860272, -5.184923344762662e-06, 1.0309815463572657e-06, 2.7913184066927135e-05, 5.286431025642613e-06, 0.9808071395362207, -0.19498039646803175, -9.721573714794804e-05, -2.35652270115718e-10, 0.1949803964707573, 0.9808071395499256, 0.01581925706310191, 0.0, 0.0, 0.0, 1.0], "right_foot_pose": [0.9999999999111467, -1.305545796369854e-05, 2.6946839110642817e-06, -8.21465515251654e-05, 1.33306527980385e-05, 0.9793555222462282, -0.2021453953670756, -0.14029878869351667, 4.7142442681391825e-11, 0.2021453953850361, 0.9793555223332472, 5.83811471388529e-11, 0.0, 0.0, 0.0, 1.0]}, {"left_foot_pose": [0.9999999999801354, -6.1717049331036325e-06, 1.2805881001721795e-06, 1.058697040363003e-05, 6.303161686656563e-06, 0.97916520383883, -0.2030652691908038, -0.000128414047760015, -6.483848151856734e-10, 0.20306526919484152, 0.9791652038582805, 0.01980377341886, 0.0, 0.0, 0.0, 1.0], "right_foot_pose": [0.9999999999111471, -1.3048042417895262e-05, 2.7303460833905935e-06, -8.214657517712947e-05, 1.3330648921737677e-05, 0.9788002437802487, -0.20481719312113394, -0.1402987886148882, 1.161483851536655e-14, 0.20481719313933244, 0.978800243867218, -6.855384315773705e-12, 0.0, 0.0, 0.0, 1.0]}, {"left_foot_pose": [0.9999999999722214, -7.302529037059782e-06, 1.4936162442970278e-06, -8.57099845241596e-06, 7.453711787330934e-06, 0.9797345226794131, -0.20030043688066634, -0.00016291726024650344, -6.476418260526674e-10, 0.20030043688623508, 0.9797345227066281, 0.020000000092361934, 0.0, 0.0, 0.0, 1.0], "right_foot_pose": [0.9999999999111467, -1.3055084520676263e-05, 2.6964920596395925e-06, -8.214657036345306e-05, 1.3330652694795922e-05, 0.979327570775151, -0.20228076760269523, -0.14029878860505052, 4.3499358212953296e-11, 0.2022807676206678, 0.9793275708621675, 7.181413103074519e-11, 0.0, 0.0, 0.0, 1.0]}, {"left_foot_pose": [0.9999999999624383, -8.50668618860245e-06, 1.6614895808621444e-06, -2.8158206775293218e-05, 8.667425069149067e-06, 0.9814651043027425, -0.1916409375913288, -0.0001981939344254044, -4.647278953124464e-10, 0.19164093759853104, 0.9814651043396079, 0.020000000375519147, 0.0, 0.0, 0.0, 1.0], "right_foot_pose": [0.9999999999111464, -1.3075636984115186e-05, 2.5950552537402354e-06, -8.214654798579805e-05, 1.3330663684950567e-05, 0.9808665868933458, -0.1946811201387848, -0.14029878857884726, 1.766648157595664e-10, 0.19468112015608038, 0.9808665869804996, 3.0194899358626515e-10, 0.0, 0.0, 0.0, 1.0]}, {"left_foot_pose": [0.9999999999512554, -9.720488543164582e-06, 1.7325556886939749e-06, -4.6770463784487276e-05, 9.873684555294901e-06, 0.9844807780163455, -0.1754924431958322, -0.00023171883898283688, 2.0451105190665162e-10, 0.17549244320438437, 0.984480778064334, 0.0187850020895712, 0.0, 0.0, 0.0, 1.0], "right_foot_pose": [0.9999999999111464, -1.3108885654426928e-05, 2.4216144046685648e-06, -8.214651518372044e-05, 1.333068262498417e-05, 0.9833561374935954, -0.18168848801167947, -0.14029878870203077, 4.2422643364942704e-10, 0.1816884880278174, 0.9833561375809712, 7.141187988168873e-10, 0.0, 0.0, 0.0, 1.0]}, {"left_foot_pose": [0.9999999999394806, -1.0879503482560655e-05, 1.6359417466251634e-06, -6.300371484080975e-05, 1.1001813506075866e-05, 0.9888691406456291, -0.14878784411952395, -0.00026096273116607907, 1.0055588462904966e-09, 0.1487878441285174, 0.9888691407054774, 0.0133575853073514, 0.0, 0.0, 0.0, 1.0], "right_foot_pose": [0.9999999999111459, -1.3152992253363046e-05, 2.169450870059902e-06, -8.21464549257594e-05, 1.333070597102044e-05, 0.9866592980051402, -0.16279873919136, -0.14029878891509076, 7.816826964984275e-10, 0.1627987392058149, 0.9866592980928103, 1.3375252294611784e-09, 0.0, 0.0, 0.0, 1.0]}, {"left_foot_pose": [0.9999999999282264, -1.1899567922377785e-05, 1.3957588397286494e-06, -7.545658414315007e-05, 1.1981145911163295e-05, 0.993176890934148, -0.11661759374482195, -0.00028339093978407143, 1.4635525564336495e-09, 0.11661759375317449, 0.9931768910054345, 0.006406374168188025, 0.0, 0.0, 0.0, 1.0], "right_foot_pose": [0.999999999911146, -1.320333604156417e-05, 1.8385326381321343e-06, -8.214638357182004e-05, 1.3330727038859786e-05, 0.9904311024738474, -0.13800808336735626, -0.14029878900166037, 1.2271931303560955e-09, 0.13800808337960252, 0.9904311025618535, 2.1372069738956334e-09, 0.0, 0.0, 0.0, 1.0]}, {"left_foot_pose": [0.9999999999188328, -1.2698025297669227e-05, 1.0463763620019097e-06, -8.272498136228407e-05, 1.274106537750328e-05, 0.9966107456259623, -0.08226190819893357, -0.0002964745418909051, 1.7338647077615723e-09, 0.08226190820558833, 0.9966107457068564, 0.0010904446992940076, 0.0, 0.0, 0.0, 1.0], "right_foot_pose": [0.9999999999111455, -1.325375092053919e-05, 1.4306093519823315e-06, -8.214630797780219e-05, 1.3330737173336306e-05, 0.9942109494955276, -0.1074457431706482, -0.14029878884314925, 1.731635254273287e-09, 0.10744574318017212, 0.9942109495838699, 3.0625777677761867e-09, 0.0, 0.0, 0.0, 1.0]}, {"left_foot_pose": [0.9999999999127358, -1.3196987980231025e-05, 6.071943243759789e-07, -8.401255111611038e-05, 1.3210948949805342e-05, 0.9989357780269699, -0.046122783991471475, -0.00029878809863725757, 2.1336907408742793e-09, 0.04612278399546801, 0.9989357781141431, 4.074410510368498e-09, 0.0, 0.0, 0.0, 1.0], "right_foot_pose": [0.9999999999111457, -1.3296651652228553e-05, 9.52533043163756e-07, -8.214622774816109e-05, 1.3330726140617355e-05, 0.9974319909120187, -0.07161999251311395, -0.14029878864656448, 2.219161966948858e-09, 0.07161999251944803, 0.9974319910006467, 3.9778281016311645e-09, 0.0, 0.0, 0.0, 1.0]}, {"left_foot_pose": [0.9999999999111475, -1.333036474422144e-05, 8.836130266390821e-08, -8.401251230536768e-05, 1.3330657375931772e-05, 0.9999768106258557, -0.0068101419101267175, -0.0002987882087467312, 2.4224218867399976e-09, 0.006810141910699354, 0.9999768107147076, 4.449663165706497e-09, 0.0, 0.0, 0.0, 1.0], "right_foot_pose": [0.9999999999111464, -1.3323868021122076e-05, 4.2636181868402357e-07, -8.214619694674968e-05, 1.333068781050217e-05, 0.9994825307241499, -0.0321662960183714, -0.14029878882810803, 2.4382932258388245e-09, 0.032166296021196854, 0.9994825308129587, 4.438795969674558e-09, 0.0, 0.0, 0.0, 1.0]}, {"left_foot_pose": [0.9999999999111479, -1.332324630738677e-05, -4.430910715555688e-07, -8.401252362753777e-05, 1.3330612010922285e-05, 0.9994531633079389, 0.033066208976083866, -0.00029878839928106603, 2.299526349785052e-09, -0.03306620897905271, 0.9994531633967422, 4.160263793184793e-09, 0.0, 0.0, 0.0, 1.0], "right_foot_pose": [0.9999999999111467, -1.333022694039878e-05, -1.0504223418852974e-07, -8.214622060171202e-05, 1.333064060523824e-05, 0.9999702885794259, 0.007708552436976269, -0.14029878897978693, 2.28235966775925e-09, -0.007708552437691774, 0.9999702886682761, 4.243898135691815e-09, 0.0, 0.0, 0.0, 1.0]}, {"left_foot_pose": [0.9999999999111482, -1.3297539788667084e-05, -9.380699318437228e-07, -8.401258313952081e-05, 1.333058649169358e-05, 0.9975307357007641, 0.0702312690657695, -0.00029878857027365764, 1.850494388742717e-09, -0.07023126907203452, 0.9975307357893951, 3.3174351807274682e-09, 0.0, 0.0, 0.0, 1.0], "right_foot_pose": [0.9999999999111473, -1.3317178942255714e-05, -5.982466434461278e-07, -8.214628975443985e-05, 1.3330609541261406e-05, 0.9989985836718496, 0.04474181091477529, -0.1402987890193305, 1.812847197634614e-09, -0.04474181091877501, 0.9989985837606121, 3.458162950442656e-09, 0.0, 0.0, 0.0, 1.0]}, {"left_foot_pose": [0.9999999999111486, -1.3260780488073422e-05, -1.362407792581979e-06, -8.401309494291031e-05, 1.3330583350765851e-05, 0.9947736411536493, 0.10210486123690256, -0.00029878838147526926, 1.29720870829103e-09, -0.10210486124599212, 0.9947736412420357, 2.271039245549389e-09, 0.0, 0.0, 0.0, 1.0], "right_foot_pose": [0.9999971877283167, -0.0023643016642790663, -0.00018604595684760996, -8.214332603461023e-05, 0.0023716099997872085, 0.996955403097308, 0.07793779379154082, -0.1404166968209406, 1.2110663319858215e-06, -0.07793801583774211, 0.996958206589328, 0.0018002396859142372, 0.0, 0.0, 0.0, 1.0]}, {"left_foot_pose": [0.999999999911148, -1.3221269275390879e-05, -1.7037575557596585e-06, -8.401341809152417e-05, 1.3330594532128267e-05, 0.9918056295131638, 0.12775599042038235, -0.0002987883614393883, 6.999842374578584e-10, -0.12775599043174318, 0.991805629601287, 1.360943864547881e-09, 0.0, 0.0, 0.0, 1.0], "right_foot_pose": [0.9999474507365032, -0.010189736370455527, -0.001124739200376357, -8.213538806828475e-05, 0.010251622044893176, 0.9939465142140875, 0.10938569891495563, -0.14081069912302877, 3.3191729725311897e-06, -0.10939148117822207, 0.9939987443828174, 0.006968082996976231, 0.0, 0.0, 0.0, 1.0]}, {"left_foot_pose": [0.9999999999111477, -1.3186135366656177e-05, -1.9572979306767537e-06, -8.401349525665922e-05, 1.3330610679189411e-05, 0.9891638689213731, 0.14681566756581652, -0.00029878850076574086, 1.5712700991320696e-10, -0.14681566757886363, 0.9891638690092627, 6.837149804650444e-10, 0.0, 0.0, 0.0, 1.0], "right_foot_pose": [0.9997447140699859, -0.022376840458207627, -0.003127890699838113, -8.212578191795877e-05, 0.022594394341058997, 0.990153894642088, 0.13814759595977624, -0.141427918400889, 5.786443982460172e-06, -0.13818300161819042, 0.9904067134416569, 0.013246765865242233, 0.0, 0.0, 0.0, 1.0]}, {"left_foot_pose": [0.9999999999111477, -1.3160774921909078e-05, -2.121188838577231e-06, -8.401335922931955e-05, 1.333062033718459e-05, 0.9872558704425017, 0.15914096298286534, -0.00029878870092379765, -2.622615261279238e-10, -0.15914096299700212, 0.9872558705302227, 2.574747776096231e-10, 0.0, 0.0, 0.0, 1.0], "right_foot_pose": [0.9992669381955296, -0.03777934599639602, -0.0061892847257331175, -8.211713879762082e-05, 0.038282974855836795, 0.9861552946076703, 0.16134481322139335, -0.14221271434023364, 8.094378701061633e-06, -0.1614634817330024, 0.986878687580767, 0.01833332169373187, 0.0, 0.0, 0.0, 1.0]}, {"left_foot_pose": [0.999999999911148, -1.3148841459291672e-05, -2.193906826930298e-06, -8.401305506205727e-05, 1.3330613588268759e-05, 0.9863580754859291, 0.16461393241761, -0.00029878882746435607, -5.047840828946626e-10, -0.16461393243222988, 0.9863580755735711, 9.093839570262219e-11, 0.0, 0.0, 0.0, 1.0], "right_foot_pose": [0.9984196794886353, -0.055330334673880335, -0.00983349758157571, -8.210864015560713e-05, 0.056197362189349384, 0.9830457623685719, 0.1745362013226823, -0.14310944350500918, 9.631694937681414e-06, -0.1748129948089365, 0.984601653844417, 0.020000000854597, 0.0, 0.0, 0.0, 1.0]}, {"left_foot_pose": [0.9999999999111483, -1.3151550194874503e-05, -2.1774458922038945e-06, -8.401273137247995e-05, 1.3330586740969676e-05, 0.9865628784674358, 0.16338202671145735, -0.0002987888460528436, -5.396383567093828e-10, -0.16338202672596724, 0.9865628785550957, 1.331074417354472e-10, 0.0, 0.0, 0.0, 1.0], "right_foot_pose": [0.9971672389610556, -0.07399943484466914, -0.013475206323274041, -8.209607002856892e-05, 0.07521633758344169, 0.9810585594297124, 0.1785121999478776, -0.14406246408167028, 1.0164594507665937e-05, -0.179020073210707, 0.9838454214378975, 0.020000000649424338, 0.0, 0.0, 0.0, 1.0]}, {"left_foot_pose": [0.9999999999111489, -1.3168399588046921e-05, -2.072815136366674e-06, -8.401238038908801e-05, 1.3330540505762272e-05, 0.9878326506232202, 0.15552059087143577, -0.00029878885836371726, -3.6281466684919613e-10, -0.1555205908852494, 0.9878326507109917, 4.218991961346674e-10, 0.0, 0.0, 0.0, 1.0], "right_foot_pose": [0.9955513120495283, -0.09275179570191622, -0.016573758491447325, -8.208351433740247e-05, 0.09422093707027844, 0.9800462593615366, 0.17501926902218076, -0.14501613925774084, 9.698528860400837e-06, -0.1758022579648222, 0.9844255004825955, 0.020000000634255867, 0.0, 0.0, 0.0, 1.0]}, {"left_foot_pose": [0.9999999999111495, -1.3197718568341754e-05, -1.876674845524312e-06, -8.401199100985799e-05, 1.3330479507160453e-05, 0.9900412147924108, 0.14077781371603584, -0.0002987886714833042, 3.947751348007561e-11, -0.14077781372854473, 0.9900412148803767, 1.0014290438564721e-09, 0.0, 0.0, 0.0, 1.0], "right_foot_pose": [0.9936971031842264, -0.11060129100540456, -0.018259834369841486, -8.207265122057528e-05, 0.11209847035674374, 0.9804372389064437, 0.1617923159769555, -0.14591482655907087, 8.182570650624452e-06, -0.1628194552055947, 0.9866558796964618, 0.0184199454595963, 0.0, 0.0, 0.0, 1.0]}, {"left_foot_pose": [0.9999999999111502, -1.3235796571162208e-05, -1.5855228125414007e-06, -8.401171955417288e-05, 1.3330423589165569e-05, 0.9929070909778603, 0.1188928446466985, -0.00029878838252794023, 6.353377046290889e-10, -0.1188928446572707, 0.9929070910660792, 1.8606994278691502e-09, 0.0, 0.0, 0.0, 1.0], "right_foot_pose": [0.9918069570619203, -0.12651447008199382, -0.017693184660945955, -8.206048561815637e-05, 0.12774568442671458, 0.9822542233385464, 0.13732327131240119, -0.1467028872700688, 5.824457508506537e-06, -0.1384584038383421, 0.990368249881131, 0.013389171040125915, 0.0, 0.0, 0.0, 1.0]}, {"left_foot_pose": [0.9999999999111506, -1.3276138375967124e-05, -1.2015583557009863e-06, -8.401167246011332e-05, 1.3330401000027366e-05, 0.9959385859837848, 0.09003517518681493, -0.00029878815347563273, 1.3588851040895726e-09, -0.09003517519483273, 0.9959385860722721, 2.9304752791059485e-09, 0.0, 0.0, 0.0, 1.0], "right_foot_pose": [0.990141680063196, -0.13926838904698394, -0.01495891753734468, -8.205120752243812e-05, 0.14006945916558958, 0.9844814611266729, 0.10572038264663156, -0.14732468628434878, 3.2696134112140004e-06, -0.10677344477981843, 0.9942833758437083, 0.007112082306754926, 0.0, 0.0, 0.0, 1.0]}, {"left_foot_pose": [0.9999999999111502, -1.33102870453813e-05, -7.328218584732015e-07, -8.40119334378883e-05, 1.3330445033238566e-05, 0.998496381587718, 0.054817659367526195, -0.0002987881078685157, 2.081192447979181e-09, -0.05481765937242464, 0.9984963816764335, 4.02867306875665e-09, 0.0, 0.0, 0.0, 1.0], "right_foot_pose": [0.9889897723971279, -0.147614386967969, -0.010450973827718917, -8.204668510579231e-05, 0.14798388457061748, 0.9865209234239206, 0.06983722183910922, -0.14772458534643357, 1.1256618742762681e-06, -0.07061487383608028, 0.9975036539240582, 0.0018916458838080519, 0.0, 0.0, 0.0, 1.0]}, {"left_foot_pose": [0.9999999999111463, -1.33291743451044e-05, -2.0249514709444168e-07, -8.401340465274203e-05, 1.3330712164826935e-05, 0.9998874417040815, 0.015003457760135286, -0.0002987883489411411, 2.4886501914443755e-09, -0.015003457761501748, 0.9998874417929249, 4.665876650322698e-09, 0.0, 0.0, 0.0, 1.0], "right_foot_pose": [0.9886191400740865, -0.1503656898348958, -0.004728128556802856, -8.20467679115216e-05, 0.15044000757502554, 0.9881307602602979, 0.03107096310434757, -0.14784878902407048, 2.464422015291288e-09, -0.03142864852139504, 0.9995059980070751, 5.006485614966749e-09, 0.0, 0.0, 0.0, 1.0]}, {"left_foot_pose": [0.9999999999111372, -1.332685278455723e-05, 3.479167684508381e-07, -8.401853786970289e-05, 1.3331393440184254e-05, 0.9996602104341933, -0.02606652061436125, -0.00029878923626903454, -4.13867068839518e-10, 0.026066520616682937, 0.9996602105230259, 4.889168757349349e-09, 0.0, 0.0, 0.0, 1.0], "right_foot_pose": [0.9886191400928034, -0.15043292450222745, 0.0014598177533254925, -8.205201179836783e-05, 0.1504400074520266, 0.9885725943914074, -0.009593215106299229, -0.14784878766264506, -4.199243305319328e-10, 0.009703651062803593, 0.9999529184696905, 5.7744477047205756e-09, 0.0, 0.0, 0.0, 1.0]}, {"left_foot_pose": [0.9999999999111444, -1.3302374633009233e-05, 8.711921508089178e-07, -8.401458365980683e-05, 1.3330871814069234e-05, 0.9978533569609099, -0.06548799755781233, -0.00029878820221419106, 1.8238649916923793e-09, 0.06548799756360686, 0.997853357049577, 4.151279472952574e-09, 0.0, 0.0, 0.0, 1.0], "right_foot_pose": [0.9886191400766778, -0.15025900304233009, 0.0073775252473147574, -8.204771395941982e-05, 0.15044000755799547, 0.9874296651609913, -0.04848154789198855, -0.14784878844588975, 1.7675262321998893e-09, 0.049039661140529184, 0.9987968320110061, 4.316862006747968e-09, 0.0, 0.0, 0.0, 1.0]}, {"left_foot_pose": [0.9999936416011022, -0.0035476664696073926, 0.0003616904584583091, -0.0003451146030404853, 0.0035660552333019067, 0.9949140615891917, -0.10066426030211785, -0.000318546696281289, -2.7277021012395333e-06, 0.10066491004674807, 0.9949203867032986, 0.0013721641786512417, 0.0, 0.0, 0.0, 1.0], "right_foot_pose": [0.9886191400487498, -0.1499152358191683, 0.012554600692712468, -8.204515563691199e-05, 0.15044000774152566, 0.9851705914137124, -0.08250278713041137, -0.1478487888911549, 1.3989915437988201e-09, 0.08345254868989563, 0.9965117521219511, 2.794635134417689e-09, 0.0, 0.0, 0.0, 1.0]}, {"left_foot_pose": [0.9998356601530759, -0.017968159925168894, 0.002407886037008262, -0.001415455628895351, 0.01812877900683173, 0.9910328362621298, -0.13238302316370226, -0.0003995289653730173, -7.6147970695754155e-06, 0.13240491939177854, 0.991195710877964, 0.006257913790191541, 0.0, 0.0, 0.0, 1.0], "right_foot_pose": [0.9886191400468836, -0.14949948170964886, 0.016795859653689522, -8.204483676206142e-05, 0.15044000775378896, 0.9824384562948464, -0.11037428894465871, -0.1478487888844552, 5.609816670564724e-10, 0.11164490387628728, 0.9937481649987862, 1.6749438710994546e-09, 0.0, 0.0, 0.0, 1.0]}, {"left_foot_pose": [0.9991229946139897, -0.041329502479604846, 0.006716685072456812, -0.003161241796942895, 0.04187172630551301, 0.9862345314894909, -0.15996314398605038, -0.0005316099523454722, -1.3029599580115588e-05, 0.16010409464624545, 0.9871001361096737, 0.012525440819012863, 0.0, 0.0, 0.0, 1.0], "right_foot_pose": [0.9886191400499249, -0.14910256835840244, 0.020015494894568785, -8.204492131404359e-05, 0.1504400077338026, 0.9798301340150702, -0.1315321730568723, -0.14784878869844878, -2.2038197951788926e-10, 0.13304635502311768, 0.9911098160219494, 8.529577114058107e-10, 0.0, 0.0, 0.0, 1.0]}, {"left_foot_pose": [0.9973655608244714, -0.07133364313413579, 0.013170020444185335, -0.005418903282239933, 0.07253921533259225, 0.9808344803151933, -0.18083634718650332, -0.0007024151213498066, -1.7894702230423403e-05, 0.18131528777805078, 0.9834250180353067, 0.017871777830935867, 0.0, 0.0, 0.0, 1.0], "right_foot_pose": [0.9886191400534927, -0.14879578244375655, 0.022181322026487267, -8.204530354939503e-05, 0.15044000771035768, 0.9778140857829312, -0.1457649399704831, -0.14784878848148128, -8.230113916617839e-10, 0.14744296786025848, 0.9890705592770209, 3.289800584727054e-10, 0.0, 0.0, 0.0, 1.0]}, {"left_foot_pose": [0.9941670821644168, -0.1058397892450012, 0.02073045472883376, -0.008024869919324025, 0.1078508799189972, 0.9756662978535391, -0.19090171013762147, -0.0008995726632719143, -2.1009250625671812e-05, 0.1920239939313418, 0.9813902309037257, 0.020000000219045834, 0.0, 0.0, 0.0, 1.0], "right_foot_pose": [0.9886191400541777, -0.14862821570064996, 0.023277659164509638, -8.204586080721218e-05, 0.15044000770585608, 0.9767129184216613, -0.15296953641069722, -0.14784878837293605, -1.1633156029108896e-09, 0.15473050276491265, 0.9879567154051424, 9.552112573141258e-11, 0.0, 0.0, 0.0, 1.0]}, {"left_foot_pose": [0.989356181945457, -0.1427756772832837, 0.028097174637468445, -0.010815574730755027, 0.14551407068180036, 0.9707667795197487, -0.19088613101655516, -0.0011107096679269894, -2.190709654521896e-05, 0.19294290802503444, 0.9812099845409871, 0.020000000162799292, 0.0, 0.0, 0.0, 1.0], "right_foot_pose": [0.9886191400505535, -0.14862040220844258, 0.023327493931084905, -8.20463860088075e-05, 0.15044000772967295, 0.9766615718057241, -0.15329702616903057, -0.14784878836770837, -1.2024225394785348e-09, 0.15506176255084034, 0.9879047776960221, 1.1510705583139824e-10, 0.0, 0.0, 0.0, 1.0]}, {"left_foot_pose": [0.9830662600925603, -0.18001127253989951, 0.03430262418814653, -0.01362744732307825, 0.18325045112023552, 0.9657105624506316, -0.18390862333103347, -0.0013234479597091578, -2.0781181387670468e-05, 0.187080333893896, 0.9823446178598891, 0.020000000338384782, 0.0, 0.0, 0.0, 1.0], "right_foot_pose": [0.9886191400432125, -0.1487695336441256, 0.022356694736207706, -8.204685288338513e-05, 0.15044000777791317, 0.9776415910150017, -0.14691740392968364, -0.1478487883863281, -9.449184754331345e-10, 0.14860869886034853, 0.9888960787782678, 3.8254364953527187e-10, 0.0, 0.0, 0.0, 1.0]}, {"left_foot_pose": [0.9757634026467531, -0.21573283168443158, 0.036675978359793346, -0.016296917067806352, 0.2188282014806576, 0.9619741104745829, -0.16346262267985573, -0.0015254147776662397, -1.7087193158507334e-05, 0.16752658329367517, 0.9858675588525957, 0.018822988652500684, 0.0, 0.0, 0.0, 1.0], "right_foot_pose": [0.9886191400436204, -0.1491610929705322, 0.01957458258172521, -8.204675114101626e-05, 0.15044000777523425, 0.9802147289206378, -0.1286347125298154, -0.14784878871227816, 1.5581689627596307e-10, 0.13011553923677593, 0.9914988383498609, 9.148377749790271e-10, 0.0, 0.0, 0.0, 1.0]}, {"left_foot_pose": [0.968222963060595, -0.24756791467977365, 0.03541781223157633, -0.018660416980686025, 0.2500885716154552, 0.9584711105242818, -0.13707237736937597, -0.0017042344795458915, -1.2227196404230683e-05, 0.1415742134410763, 0.9899276447998799, 0.014090245702758665, 0.0, 0.0, 0.0, 1.0], "right_foot_pose": [0.9886191400390966, -0.14954650659538318, 0.016371875685889357, -8.204678483100542e-05, 0.15044000780496258, 0.9827474806910826, -0.10758807204784836, -0.14784878897840156, 7.415926092416116e-10, 0.10882661237237508, 0.9940607468558212, 1.715624711740027e-09, 0.0, 0.0, 0.0, 1.0]}, {"left_foot_pose": [0.9614575171200688, -0.2733140145872999, 0.02998153103974014, -0.02055437738460425, 0.27495352829941866, 0.9557272413414271, -0.10481410894344143, -0.0018475273832555504, -7.001051080889154e-06, 0.10901784068710837, 0.9940397931485976, 0.007840251270766596, 0.0, 0.0, 0.0, 1.0], "right_foot_pose": [0.9886191400411372, -0.14994882638802584, 0.012146827123818172, -8.204658792818975e-05, 0.1504400077915521, 0.9853913321039657, -0.07982309609411176, -0.1478487891606772, 1.417594690995326e-09, 0.08074200938313153, 0.9967350339587621, 2.7268438063110523e-09, 0.0, 0.0, 0.0, 1.0]}, {"left_foot_pose": [0.9565993238309971, -0.29063549722605325, 0.021183517135845535, -0.02181522875210557, 0.29140647494417854, 0.9540690822126019, -0.06953022886926498, -0.00194291707741924, -2.5861121711277303e-06, 0.07268558397762942, 0.9973549046729273, 0.002375971445668798, 0.0, 0.0, 0.0, 1.0], "right_foot_pose": [0.9886191400532726, -0.15027795578212416, 0.006980825615506463, -8.204614442447336e-05, 0.15044000771180585, 0.9875542123276235, -0.04587463126433733, -0.14784878915515065, 2.066545070797022e-09, 0.04640273397024156, 0.9989228129740992, 3.799749362376481e-09, 0.0, 0.0, 0.0, 1.0]}, {"left_foot_pose": [0.9547398425993838, -0.2972709989561947, 0.010088911382840548, -0.02227940206915138, 0.2974421505995824, 0.9541904761854596, -0.03238367186812251, -0.0019780288875106255, -1.6670479490977063e-08, 0.03391884928108186, 0.999424590283553, 3.78906661317735e-07, 0.0, 0.0, 0.0, 1.0], "right_foot_pose": [0.988619140075804, -0.1504359396383585, 0.0011063186258587023, -8.204550376482997e-05, 0.15044000756373885, 0.9885924075143577, -0.007270208331831569, -0.14784878886598998, 2.4279498599597563e-09, 0.007353901691629211, 0.9999729596993661, 4.488791942314219e-09, 0.0, 0.0, 0.0, 1.0]}, {"left_foot_pose": [0.9547395733674788, -0.2974377828565816, -0.00176419257634615, -0.022279463637380422, 0.2974430147878508, 0.9547227797628224, 0.005662751616025327, -0.001978034004377443, -1.4450120582107914e-09, -0.005931199820544951, 0.9999824102796455, 5.046520507034913e-09, 0.0, 0.0, 0.0, 1.0], "right_foot_pose": [0.9886191401830053, -0.15036076046116714, -0.0048823536695032825, -8.20409340693514e-05, 0.15044000685926132, 0.9880983707811345, 0.03208448216588537, -0.14784878756395753, -1.4310518829747324e-09, -0.03245383449158415, 0.9994732355730156, 4.586527324601519e-09, 0.0, 0.0, 0.0, 1.0]}, {"left_foot_pose": [0.9547395733646121, -0.2971516182354962, -0.013162934003662205, -0.022279466203808444, 0.29744301479705154, 0.9538042419619946, 0.04225069187299187, -0.0019780340027472434, 8.277296089846147e-10, -0.044253630306803966, 0.9990203282239407, 4.095229384770693e-09, 0.0, 0.0, 0.0, 1.0], "right_foot_pose": [0.9886191401195444, -0.15006572895659334, -0.010605318572218126, -8.204298665192861e-05, 0.15044000727629597, 0.9861595640010676, 0.06969303078451952, -0.1478487885207425, 8.713975188575893e-10, -0.07049532836968872, 0.9975121095395534, 4.052509550156458e-09, 0.0, 0.0, 0.0, 1.0]}, {"left_foot_pose": [0.954739573435497, -0.2965132311224351, -0.023500014585944883, -0.022279469353171547, 0.2974430145695247, 0.9517551331095753, 0.07543089342815172, -0.001978034216737137, 1.5734893265440336e-09, -0.07900677419632327, 0.9968740791248875, 2.8530693640949067e-09, 0.0, 0.0, 0.0, 1.0], "right_foot_pose": [0.9882327825841738, -0.15210438742229584, -0.016131421289790872, 0.00010087095477949708, 0.1529574039397781, 0.982723263092404, 0.10420662530290885, -0.14780662878284773, 2.4380611777118004e-06, -0.10544782360914544, 0.9944248370239707, 0.0009950886686392255, 0.0, 0.0, 0.0, 1.0]}, {"left_foot_pose": [0.9547395734489349, -0.29570370706881566, -0.03211953480837686, -0.022279469942163045, 0.2974430145263907, 0.9491567038356408, 0.10309803428444227, -0.001978034316677206, 8.580353407011237e-10, -0.10798550453474111, 0.9941524685934139, 1.8012411215351243e-09, 0.0, 0.0, 0.0, 1.0], "right_foot_pose": [0.9861050965631573, -0.16455655968284963, -0.02275691537775229, 0.0010586880601025149, 0.16612266093725278, 0.976814840091085, 0.13504084456546597, -0.1475858785499134, 7.435857325824701e-06, -0.1369449044074755, 0.9905786657815397, 0.005566869576107282, 0.0, 0.0, 0.0, 1.0]}, {"left_foot_pose": [0.9547395734494247, -0.29489911179664763, -0.0388183043313321, -0.022279470118964907, 0.29744301452481914, 0.9465740947733893, 0.12459990455184078, -0.001978034550087696, 1.0078329886171897e-10, -0.13050669318271685, 0.9914474282757072, 9.814309295808066e-10, 0.0, 0.0, 0.0, 1.0], "right_foot_pose": [0.9820636978477916, -0.1859817573436865, -0.03101095459470988, 0.0026953821450564413, 0.18854944497692885, 0.9687011590861214, 0.1614533096102299, -0.14720867199197896, 1.2977409997563868e-05, -0.16440453254262422, 0.9863929995245445, 0.01179136579122756, 0.0, 0.0, 0.0, 1.0]}, {"left_foot_pose": [0.9547395734435189, -0.29424036997939335, -0.043531041513821554, -0.02227946995218444, 0.29744301454377536, 0.9444596494285936, 0.13972696125061182, -0.0019780348025306817, -5.670710758273994e-10, -0.14635086359706964, 0.9892327454772173, 4.30847822696645e-10, 0.0, 0.0, 0.0, 1.0], "right_foot_pose": [0.9759628643430948, -0.21414998104618235, -0.04045087194538204, 0.004851105214586387, 0.21793688788097046, 0.9590196976198563, 0.18106554746244968, -0.14671184853738695, 1.7999424319636802e-05, -0.18552898747915134, 0.9826387914594975, 0.017365609271778416, 0.0, 0.0, 0.0, 1.0]}, {"left_foot_pose": [0.9547395734383399, -0.29383131848428723, -0.046211504937220683, -0.02227946952057209, 0.2974430145603988, 0.943146666009216, 0.14833077726798222, -0.001978034942087829, -1.0436426148429892e-09, -0.15536255235251045, 0.9878575187376541, 1.6352078024972627e-10, 0.0, 0.0, 0.0, 1.0], "right_foot_pose": [0.9677348664484645, -0.24705853983738105, -0.049510667066742724, 0.007366011481174276, 0.25197068838614506, 0.9488855647231978, 0.19007092690401184, -0.1461322445500065, 2.131161300568195e-05, -0.19641349992645432, 0.9805211556067803, 0.019986635169462322, 0.0, 0.0, 0.0, 1.0]}, {"left_foot_pose": [0.9547395734244941, -0.29380384647435737, -0.04638584626896424, -0.022279468995470293, 0.2974430146048415, 0.9430584858064964, 0.14889038051916936, -0.0019780346384531897, -5.543006093435377e-10, -0.15594868433311987, 0.9877651582510744, 4.853853430297761e-11, 0.0, 0.0, 0.0, 1.0], "right_foot_pose": [0.957523870388584, -0.282751121839296, -0.056567134757607856, 0.010080257642576375, 0.2883540135693823, 0.9389337291060152, 0.18776425433372726, -0.14550669611446862, 2.2237228622893953e-05, -0.19610011587373352, 0.9805838791555844, 0.02000000011333381, 0.0, 0.0, 0.0, 1.0]}, {"left_foot_pose": [0.9547395734365266, -0.29405387164101787, -0.044773513232349176, -0.02227946864646092, 0.2974430145662185, 0.94386102265744, 0.1437150757360296, -0.0019780345534591987, -4.459104804869771e-10, -0.15052803885316554, 0.9886057401811001, 2.581026642411999e-10, 0.0, 0.0, 0.0, 1.0], "right_foot_pose": [0.9457671080239568, -0.31901671816618743, -0.061261006443547844, 0.012833995520589376, 0.3248454662397494, 0.9288092968838777, 0.17829389525599765, -0.14487204630400585, 2.1058987595892897e-05, -0.18852486189506187, 0.9820684171705996, 0.02000000035825574, 0.0, 0.0, 0.0, 1.0]}, {"left_foot_pose": [0.9547395734536125, -0.29458988545786574, -0.04109922465857911, -0.022279468314875144, 0.29744301451137656, 0.9455815327600218, 0.13192125689817372, -0.001978034329490736, -1.1118333318027182e-10, -0.1381751218169549, 0.9904078128280646, 7.54542470171593e-10, 0.0, 0.0, 0.0, 1.0], "right_foot_pose": [0.9332236668670214, -0.35387541607253503, -0.06217537694908325, 0.015467378103806446, 0.35929596056620045, 0.9191531350108147, 0.1614432628529358, -0.14426513240911037, 1.789082903860725e-05, -0.1730020355350797, 0.9849214666056565, 0.01917315709798656, 0.0, 0.0, 0.0, 1.0]}, {"left_foot_pose": [0.9547395734711552, -0.29534387979034044, -0.035275196930790814, -0.02227946810386687, 0.2974430144550673, 0.9480017218976478, 0.11322715412381745, -0.001978033971763545, 4.341209976463349e-10, -0.11859480574411682, 0.9929427335201743, 1.5496198629838531e-09, 0.0, 0.0, 0.0, 1.0], "right_foot_pose": [0.9209530995919953, -0.3854548343894424, -0.057183555308354374, 0.017820560611465707, 0.3896734378721191, 0.9109877561215269, 0.13511447003777527, -0.14372279306977778, 1.2993065380788364e-05, -0.14671700256777598, 0.9891785081514396, 0.01477032017233082, 0.0, 0.0, 0.0, 1.0]}, {"left_foot_pose": [0.9547395734811074, -0.2961845316144872, -0.027332582414053296, -0.022279468078154004, 0.2