{
    "LoopMode": "Wrap",
    "FrameDuration": 0.01670,
    "EnableCycleOffsetPosition": true,
    "EnableCycleOffsetRotation": false,
    "Joints": [
        "left_hip_yaw",
        "left_hip_roll",
        "left_hip_pitch",
        "left_knee",
        "left_ankle",
        "neck_pitch",
        "head_pitch",
        "head_yaw",
        "head_roll",
        "left_antenna",
        "right_antenna",
        "right_hip_yaw",
        "right_hip_roll",
        "right_hip_pitch",
        "right_knee",
        "right_ankle"
    ],
    "Vel_x": 0.21890,
    "Vel_y": -0.00710,
    "Yaw": 0.00070,
    "Frame_offset": [
        {
            "root_pos": 0,
            "root_quat": 3,
            "joints_pos": 7,
            "left_tos_pos": 23,
            "right_tos_pos": 26,
            "world_linear_vel": 29,
            "world_angular_vel": 32,
            "joints_vel": 35,
            "left_toe_vel": 51,
            "right_toe_vel": 54
        }
    ],
    "Frame_size": [
        {
            "root_pos": 3,
            "root_quat": 4,
            "joints_pos": 16,
            "left_tos_pos": 3,
            "right_tos_pos": 3,
            "world_linear_vel": 3,
            "world_angular_vel": 3,
            "joints_vel": 16,
            "left_toe_vel": 3,
            "right_toe_vel": 3
        }
    ],
    "Debug_info": [
        {
            "left_foot_pose": [
                1.00000,
                -0.00000,
                0.00000,
                -0.00000,
                0.00000,
                0.99765,
                -0.06845,
                -0.00000,
                -0.00000,
                0.06845,
                0.99765,
                0.00000,
                0.00000,
                0.00000,
                0.00000,
                1.00000
            ],
            "right_foot_pose": [
                1.00000,
                0.00000,
                0.00000,
                0.00000,
                -0.00000,
                0.99908,
                0.04297,
                -0.24000,
                -0.00000,
                -0.04297,
                0.99908,
                0.00000,
                0.00000,
                0.00000,
                0.00000,
                1.00000
            ]
        },
        {
            "left_foot_pose": [
                1.00000,
                -0.00000,
                0.00000,
                -0.00000,
                0.00000,
                0.99762,
                -0.06895,
                -0.00000,
                -0.00000,
                0.06895,
                0.99762,
                0.00000,
                0.00000,
                0.00000,
                0.00000,
                1.00000
            ],
            "right_foot_pose": [
                1.00000,
                0.00000,
                0.00000,
                0.00000,
                -0.00000,
                0.99910,
                0.04246,
                -0.24000,
                -0.00000,
                -0.04246,
                0.99910,
                0.00000,
                0.00000,
                0.00000,
                0.00000,
                1.00000
            ]
        },
        {
            "left_foot_pose": [
                1.00000,
                -0.00000,
                0.00000,
                -0.00000,
                0.00000,
                0.99757,
                -0.06966,
                -0.00000,
                -0.00000,
                0.06966,
                0.99757,
                0.00000,
                0.00000,
                0.00000,
                0.00000,
                1.00000
            ],
            "right_foot_pose": [
                1.00000,
                0.00000,
                0.00000,
                0.00000,
                -0.00000,
                0.99913,
                0.04174,
                -0.24000,
                -0.00000,
                -0.04174,
                0.99913,
                0.00000,
                0.00000,
                0.00000,
                0.00000,
                1.00000
            ]
        },
        {
            "left_foot_pose": [
                1.00000,
                -0.00000,
                0.00000,
                -0.00000,
                0.00000,
                0.99750,
                -0.07061,
                -0.00000,
                -0.00000,
                0.07061,
                0.99750,
                0.00000,
                0.00000,
                0.00000,
                0.00000,
                1.00000
            ],
            "right_foot_pose": [
                1.00000,
                0.00000,
                0.00000,
                0.00000,
                -0.00000,
                0.99917,
                0.04079,
                -0.24000,
                -0.00000,
                -0.04079,
                0.99917,
                0.00000,
                0.00000,
                0.00000,
                0.00000,
                1.00000
            ]
        },
        {
            "left_foot_pose": [
                1.00000,
                -0.00000,
                0.00000,
                -0.00000,
                0.00000,
                0.99742,
                -0.07177,
                0.00000,
                -0.00000,
                0.07177,
                0.99742,
                0.00000,
                0.00000,
                0.00000,
                0.00000,
                1.00000
            ],
            "right_foot_pose": [
                1.00000,
                0.00000,
                0.00000,
                0.00000,
                -0.00000,
                0.99922,
                0.03960,
                -0.24000,
                -0.00000,
                -0.03960,
                0.99922,
                0.00000,
                0.00000,
                0.00000,
                0.00000,
                1.00000
            ]
        },
        {
            "left_foot_pose": [
                1.00000,
                -0.00000,
                0.00000,
                -0.00000,
                0.00000,
                0.99732,
                -0.07317,
                0.00000,
                -0.00000,
                0.07317,
                0.99732,
                0.00000,
                0.00000,
                0.00000,
                0.00000,
                1.00000
            ],
            "right_foot_pose": [
                1.00000,
                0.00000,
                0.00000,
                0.00000,
                -0.00000,
                0.99927,
                0.03819,
                -0.24000,
                -0.00000,
                -0.03819,
                0.99927,
                0.00000,
                0.00000,
                0.00000,
                0.00000,
                1.00000
            ]
        },
        {
            "left_foot_pose": [
                1.00000,
                -0.00000,
                0.00000,
                -0.00000,
                0.00000,
                0.99720,
                -0.07481,
                0.00000,
                -0.00000,
                0.07481,
                0.99720,
                0.00000,
                0.00000,
                0.00000,
                0.00000,
                1.00000
            ],
            "right_foot_pose": [
                1.00000,
                0.00000,
                0.00000,
                0.00000,
                -0.00000,
                0.99933,
                0.03653,
                -0.24000,
                -0.00000,
                -0.03653,
                0.99933,
                0.00000,
                0.00000,
                0.00000,
                0.00000,
                1.00000
            ]
        },
        {
            "left_foot_pose": [
                1.00000,
                -0.00000,
                0.00000,
                -0.00000,
                0.00000,
                0.99705,
                -0.07671,
                0.00000,
                -0.00000,
                0.07671,
                0.99705,
                0.00000,
                0.00000,
                0.00000,
                0.00000,
                1.00000
            ],
            "right_foot_pose": [
                1.00000,
                0.00000,
                0.00000,
                0.00000,
                -0.00000,
                0.99940,
                0.03461,
                -0.24000,
                -0.00000,
                -0.03461,
                0.99940,
                0.00000,
                0.00000,
                0.00000,
                0.00000,
                1.00000
            ]
        },
        {
            "left_foot_pose": [
                1.00000,
                -0.00000,
                0.00000,
                -0.00000,
                0.00000,
                0.99689,
                -0.07886,
                0.00000,
                -0.00000,
                0.07886,
                0.99689,
                0.00000,
                0.00000,
                0.00000,
                0.00000,
                1.00000
            ],
            "right_foot_pose": [
                1.00000,
                0.00000,
                0.00000,
                0.00000,
                -0.00000,
                0.99947,
                0.03242,
                -0.24000,
                -0.00000,
                -0.03242,
                0.99947,
                0.00000,
                0.00000,
                0.00000,
                0.00000,
                1.00000
            ]
        },
        {
            "left_foot_pose": [
                1.00000,
                -0.00000,
                0.00000,
                -0.00000,
                0.00000,
                0.99669,
                -0.08131,
                0.00000,
                -0.00000,
                0.08131,
                0.99669,
                0.00000,
                0.00000,
                0.00000,
                0.00000,
                1.00000
            ],
            "right_foot_pose": [
                1.00000,
                0.00000,
                0.00000,
                0.00000,
                -0.00000,
                0.99955,
                0.02993,
                -0.24000,
                -0.00000,
                -0.02993,
                0.99955,
                0.00000,
                0.00000,
                0.00000,
                0.00000,
                1.00000
            ]
        },
        {
            "left_foot_pose": [
                1.00000,
                -0.00000,
                0.00000,
                -0.00000,
                0.00000,
                0.99646,
                -0.08405,
                0.00000,
                -0.00000,
                0.08405,
                0.99646,
                0.00000,
                0.00000,
                0.00000,
                0.00000,
                1.00000
            ],
            "right_foot_pose": [
                1.00000,
                0.00000,
                -0.00000,
                0.00000,
                -0.00000,
                0.99963,
                0.02713,
                -0.24000,
                0.00000,
                -0.02713,
                0.99963,
                0.00000,
                0.00000,
                0.00000,
                0.00000,
                1.00000
            ]
        },
        {
            "left_foot_pose": [
                1.00000,
                -0.00000,
                0.00000,
                -0.00000,
                0.00000,
                0.99620,
                -0.08713,
                0.00000,
                -0.00000,
                0.08713,
                0.99620,
                0.00000,
                0.00000,
                0.00000,
                0.00000,
                1.00000
            ],
            "right_foot_pose": [
                1.00000,
                0.00000,
                -0.00000,
                0.00000,
                -0.00000,
                0.99971,
                0.02399,
                -0.24000,
                0.00000,
                -0.02399,
                0.99971,
                0.00000,
                0.00000,
                0.00000,
                0.00000,
                1.00000
            ]
        },
        {
            "left_foot_pose": [
                1.00000,
                -0.00000,
                0.00000,
                -0.00000,
                0.00000,
                0.99589,
                -0.09056,
                0.00000,
                -0.00000,
                0.09056,
                0.99589,
                0.00000,
                0.00000,
                0.00000,
                0.00000,
                1.00000
            ],
            "right_foot_pose": [
                1.00000,
                0.00000,
                -0.00000,
                0.00000,
                -0.00000,
                0.99979,
                0.02047,
                -0.24000,
                0.00000,
                -0.02047,
                0.99979,
                0.00000,
                0.00000,
                0.00000,
                0.00000,
                1.00000
            ]
        },
        {
            "left_foot_pose": [
                1.00000,
                -0.00000,
                0.00000,
                -0.00000,
                0.00000,
                0.99554,
                -0.09438,
                0.00000,
                -0.00000,
                0.09438,
                0.99554,
                0.00000,
                0.00000,
                0.00000,
                0.00000,
                1.00000
            ],
            "right_foot_pose": [
                1.00000,
                0.00000,
                -0.00000,
                0.00000,
                -0.00000,
                0.99986,
                0.01655,
                -0.24000,
                0.00000,
                -0.01655,
                0.99986,
                0.00000,
                0.00000,
                0.00000,
                0.00000,
                1.00000
            ]
        },
        {
            "left_foot_pose": [
                1.00000,
                -0.00000,
                0.00000,
                0.00000,
                0.00000,
                0.99512,
                -0.09863,
                0.00000,
                -0.00000,
                0.09863,
                0.99512,
                0.00000,
                0.00000,
                0.00000,
                0.00000,
                1.00000
            ],
            "right_foot_pose": [
                1.00000,
                0.00000,
                -0.00000,
                0.00000,
                -0.00000,
                0.99993,
                0.01218,
                -0.24000,
                0.00000,
                -0.01218,
                0.99993,
                0.00000,
                0.00000,
                0.00000,
                0.00000,
                1.00000
            ]
        },
        {
            "left_foot_pose": [
                1.00000,
                -0.00000,
                0.00000,
                0.00000,
                0.00000,
                0.99465,
                -0.10334,
                0.00000,
                -0.00000,
                0.10334,
                0.99465,
                0.00000,
                0.00000,
                0.00000,
                0.00000,
                1.00000
            ],
            "right_foot_pose": [
                1.00000,
                0.00000,
                -0.00000,
                0.00000,
                -0.00000,
                0.99997,
                0.00732,
                -0.24000,
                0.00000,
                -0.00732,
                0.99997,
                0.00000,
                0.00000,
                0.00000,
                0.00000,
                1.00000
            ]
        },
        {
            "left_foot_pose": [
                1.00000,
                -0.00000,
                0.00000,
                0.00000,
                0.00000,
                0.99409,
                -0.10856,
                0.00000,
                -0.00000,
                0.10856,
                0.99409,
                0.00000,
                0.00000,
                0.00000,
                0.00000,
                1.00000
            ],
            "right_foot_pose": [
                1.00000,
                -0.00000,
                -0.00000,
                0.00000,
                0.00000,
                1.00000,
                0.00191,
                -0.24000,
                0.00000,
                -0.00191,
                1.00000,
                0.00000,
                0.00000,
                0.00000,
                0.00000,
                1.00000
            ]
        },
        {
            "left_foot_pose": [
                1.00000,
                -0.00000,
                0.00000,
                0.00000,
                0.00000,
                0.99344,
                -0.11433,
                0.00000,
                -0.00000,
                0.11433,
                0.99344,
                0.00000,
                0.00000,
                0.00000,
                0.00000,
                1.00000
            ],
            "right_foot_pose": [
                1.00000,
                -0.00000,
                -0.00000,
                0.00000,
                0.00000,
                0.99999,
                -0.00410,
                -0.24000,
                0.00000,
                0.00410,
                0.99999,
                0.00000,
                0.00000,
                0.00000,
                0.00000,
                1.00000
            ]
        },
        {
            "left_foot_pose": [
                1.00000,
                -0.00000,
                0.00000,
                0.00000,
                0.00000,
                0.99269,
                -0.12072,
                0.00000,
                -0.00000,
                0.12072,
                0.99269,
                0.00000,
                0.00000,
                0.00000,
                0.00000,
                1.00000
            ],
            "right_foot_pose": [
                1.00000,
                -0.00000,
                -0.00000,
                0.00000,
                0.00000,
                0.99994,
                -0.01078,
                -0.24000,
                0.00000,
                0.01078,
                0.99994,
                0.00000,
                0.00000,
                0.00000,
                0.00000,
                1.00000
            ]
        },
        {
            "left_foot_pose": [
                1.00000,
                -0.00000,
                0.00000,
                0.00000,
                0.00000,
                0.99180,
                -0.12778,
                0.00000,
                -0.00000,
                0.12778,
                0.99180,
                0.00000,
                0.00000,
                0.00000,
                0.00000,
                1.00000
            ],
            "right_foot_pose": [
                1.00000,
                -0.00000,
                -0.00000,
                0.00000,
                0.00000,
                0.99983,
                -0.01819,
                -0.24000,
                0.00000,
                0.01819,
                0.99983,
                0.00000,
                0.00000,
                0.00000,
                0.00000,
                1.00000
            ]
        },
        {
            "left_foot_pose": [
                1.00000,
                -0.00000,
                0.00000,
                0.00000,
                0.00000,
                0.99077,
                -0.13557,
                0.00000,
                -0.00000,
                0.13557,
                0.99077,
                0.00000,
                0.00000,
                0.00000,
                0.00000,
                1.00000
            ],
            "right_foot_pose": [
                1.00000,
                -0.00000,
                -0.00000,
                0.00000,
                0.00000,
                0.99965,
                -0.02641,
                -0.24000,
                0.00000,
                0.02641,
                0.99965,
                0.00000,
                0.00000,
                0.00000,
                0.00000,
                1.00000
            ]
        },
        {
            "left_foot_pose": [
                1.00000,
                -0.00000,
                0.00000,
                0.00000,
                0.00000,
                0.98955,
                -0.14416,
                0.00000,
                -0.00000,
                0.14416,
                0.98955,
                0.00000,
                0.00000,
                0.00000,
                0.00000,
                1.00000
            ],
            "right_foot_pose": [
                1.00000,
                -0.00000,
                -0.00000,
                0.00000,
                0.00000,
                0.99937,
                -0.03554,
                -0.24000,
                0.00000,
                0.03554,
                0.99937,
                0.00000,
                0.00000,
                0.00000,
                0.00000,
                1.00000
            ]
        },
        {
            "left_foot_pose": [
                1.00000,
                -0.00000,
                0.00000,
                0.00000,
                0.00000,
                0.98813,
                -0.15363,
                0.00000,
                -0.00000,
                0.15363,
                0.98813,
                0.00000,
                0.00000,
                0.00000,
                0.00000,
                1.00000
            ],
            "right_foot_pose": [
                1.00000,
                -0.00000,
                -0.00000,
                0.00000,
                0.00000,
                0.99896,
                -0.04566,
                -0.24000,
                0.00000,
                0.04566,
                0.99896,
                0.00000,
                0.00000,
                0.00000,
                0.00000,
                1.00000
            ]
        },
        {
            "left_foot_pose": [
                1.00000,
                -0.00000,
                0.00000,
                0.00000,
                0.00000,
                0.98645,
                -0.16406,
                0.00000,
                -0.00000,
                0.16406,
                0.98645,
                0.00000,
                0.00000,
                0.00000,
                0.00000,
                1.00000
            ],
            "right_foot_pose": [
                1.00000,
                -0.00000,
                -0.00000,
                0.00000,
                0.00000,
                0.99838,
                -0.05688,
                -0.24000,
                0.00000,
                0.05688,
                0.99838,
                0.00000,
                0.00000,
                0.00000,
                0.00000,
                1.00000
            ]
        },
        {
            "left_foot_pose": [
                1.00000,
                -0.00000,
                0.00000,
                0.00000,
                0.00000,
                0.98448,
                -0.17551,
                0.00000,
                -0.00000,
                0.17551,
                0.98448,
                0.00000,
                0.00000,
                0.00000,
                0.00000,
                1.00000
            ],
            "right_foot_pose": [
                1.00000,
                -0.00000,
                -0.00000,
                0.00000,
                0.00000,
                0.99760,
                -0.06930,
                -0.24000,
                0.00000,
                0.06930,
                0.99760,
                0.00000,
                0.00000,
                0.00000,
                0.00000,
                1.00000
            ]
        },
        {
            "left_foot_pose": [
                1.00000,
                -0.00000,
                0.00000,
                0.00000,
                0.00000,
                0.98216,
                -0.18803,
                0.00000,
                -0.00000,
                0.18803,
                0.98216,
                0.00000,
                0.00000,
                0.00000,
                0.00000,
                1.00000
            ],
            "right_foot_pose": [
                1.00000,
                -0.00000,
                -0.00000,
                0.00000,
                0.00000,
                0.99655,
                -0.08300,
                -0.24000,
                0.00000,
                0.08300,
                0.99655,
                0.00000,
                0.00000,
                0.00000,
                0.00000,
                1.00000
            ]
        },
        {
            "left_foot_pose": [
                1.00000,
                -0.00000,
                0.00000,
                0.00000,
                0.00000,
                0.97947,
                -0.20158,
                0.00000,
                -0.00000,
                0.20158,
                0.97947,
                0.00000,
                0.00000,
                0.00000,
                0.00000,
                1.00000
            ],
            "right_foot_pose": [
                1.00000,
                -0.00000,
                -0.00000,
                0.00000,
                -0.00000,
                0.99519,
                -0.09796,
                -0.24000,
                0.00000,
                0.09796,
                0.99519,
                0.00000,
                0.00000,
                0.00000,
                0.00000,
                1.00000
            ]
        },
        {
            "left_foot_pose": [
                1.00000,
                -0.00000,
                0.00000,
                0.00000,
                0.00000,
                0.97643,
                -0.21584,
                0.00000,
                -0.00000,
                0.21584,
                0.97643,
                0.00000,
                0.00000,
                0.00000,
                0.00000,
                1.00000
            ],
            "right_foot_pose": [
                1.00000,
                -0.00000,
                -0.00000,
                0.00000,
                -0.00000,
                0.99350,
                -0.11386,
                -0.24000,
                0.00000,
                0.11386,
                0.99350,
                0.00000,
                0.00000,
                0.00000,
                0.00000,
                1.00000
            ]
        },
        {
            "left_foot_pose": [
                1.00000,
                -0.00000,
                0.00000,
                0.00000,
                0.00000,
                0.97330,
                -0.22954,
                -0.00000,
                -0.00000,
                0.22954,
                0.97330,
                0.00000,
                0.00000,
                0.00000,
                0.00000,
                1.00000
            ],
            "right_foot_pose": [
                1.00000,
                -0.00000,
                -0.00000,
                0.00000,
                -0.00000,
                0.99161,
                -0.12928,
                -0.24000,
                0.00000,
                0.12928,
                0.99161,
                0.00000,
                0.00000,
                0.00000,
                0.00000,
                1.00000
            ]
        },
        {
            "left_foot_pose": [
                1.00000,
                0.00000,
                -0.00000,
                0.00000,
                -0.00000,
                0.97022,
                -0.24222,
                -0.00000,
                0.00000,
                0.24222,
                0.97022,
                0.00095,
                0.00000,
                0.00000,
                0.00000,
                1.00000
            ],
            "right_foot_pose": [
                1.00000,
                -0.00000,
                -0.00000,
                0.00000,
                -0.00000,
                0.98974,
                -0.14287,
                -0.24000,
                0.00000,
                0.14287,
                0.98974,
                0.00000,
                0.00000,
                0.00000,
                0.00000,
                1.00000
            ]
        },
        {
            "left_foot_pose": [
                1.00000,
                0.00000,
                -0.00000,
                0.00000,
                -0.00000,
                0.96712,
                -0.25431,
                -0.00000,
                0.00000,
                0.25431,
                0.96712,
                0.00355,
                0.00000,
                0.00000,
                0.00000,
                1.00000
            ],
            "right_foot_pose": [
                1.00000,
                0.00000,
                -0.00000,
                0.00000,
                -0.00000,
                0.98802,
                -0.15432,
                -0.24000,
                0.00000,
                0.15432,
                0.98802,
                0.00000,
                0.00000,
                0.00000,
                0.00000,
                1.00000
            ]
        },
        {
            "left_foot_pose": [
                1.00000,
                0.00000,
                -0.00000,
                0.00000,
                -0.00000,
                0.96408,
                -0.26561,
                -0.00000,
                0.00000,
                0.26561,
                0.96408,
                0.00735,
                0.00000,
                0.00000,
                0.00000,
                1.00000
            ],
            "right_foot_pose": [
                1.00000,
                0.00000,
                0.00000,
                0.00000,
                -0.00000,
                0.98652,
                -0.16363,
                -0.24000,
                -0.00000,
                0.16363,
                0.98652,
                0.00000,
                0.00000,
                0.00000,
                0.00000,
                1.00000
            ]
        },
        {
            "left_foot_pose": [
                1.00000,
                0.00000,
                -0.00000,
                0.00000,
                -0.00000,
                0.96119,
                -0.27590,
                -0.00000,
                0.00000,
                0.27590,
                0.96119,
                0.01189,
                0.00000,
                0.00000,
                0.00000,
                1.00000
            ],
            "right_foot_pose": [
                1.00000,
                0.00000,
                0.00000,
                0.00000,
                0.00000,
                0.98530,
                -0.17086,
                -0.24000,
                -0.00000,
                0.17086,
                0.98530,
                0.00000,
                0.00000,
                0.00000,
                0.00000,
                1.00000
            ]
        },
        {
            "left_foot_pose": [
                1.00000,
                0.00000,
                -0.00000,
                0.00000,
                -0.00000,
                0.95856,
                -0.28489,
                -0.00000,
                0.00000,
                0.28489,
                0.95856,
                0.01673,
                0.00000,
                0.00000,
                0.00000,
                1.00000
            ],
            "right_foot_pose": [
                1.00000,
                0.00000,
                0.00000,
                0.00000,
                0.00000,
                0.98437,
                -0.17610,
                -0.24000,
                -0.00000,
                0.17610,
                0.98437,
                0.00000,
                0.00000,
                0.00000,
                0.00000,
                1.00000
            ]
        },
        {
            "left_foot_pose": [
                1.00000,
                0.00000,
                -0.00000,
                0.00000,
                -0.00000,
                0.95636,
                -0.29220,
                -0.00000,
                0.00000,
                0.29220,
                0.95636,
                0.02140,
                0.00000,
                0.00000,
                0.00000,
                1.00000
            ],
            "right_foot_pose": [
                1.00000,
                0.00000,
                0.00000,
                0.00000,
                0.00000,
                0.98378,
                -0.17940,
                -0.24000,
                -0.00000,
                0.17940,
                0.98378,
                0.00000,
                0.00000,
                0.00000,
                0.00000,
                1.00000
            ]
        },
        {
            "left_foot_pose": [
                1.00000,
                0.00000,
                -0.00000,
                0.00000,
                -0.00000,
                0.95477,
                -0.29736,
                -0.00000,
                0.00000,
                0.29736,
                0.95477,
                0.02546,
                0.00000,
                0.00000,
                0.00000,
                1.00000
            ],
            "right_foot_pose": [
                1.00000,
                0.00000,
                0.00000,
                0.00000,
                0.00000,
                0.98352,
                -0.18080,
                -0.24000,
                -0.00000,
                0.18080,
                0.98352,
                0.00000,
                0.00000,
                0.00000,
                0.00000,
                1.00000
            ]
        },
        {
            "left_foot_pose": [
                1.00000,
                0.00000,
                -0.00000,
                0.00000,
                -0.00000,
                0.95398,
                -0.29986,
                -0.00000,
                0.00000,
                0.29986,
                0.95398,
                0.02845,
                0.00000,
                0.00000,
                0.00000,
                1.00000
            ],
            "right_foot_pose": [
                1.00000,
                0.00000,
                0.00000,
                0.00000,
                0.00000,
                0.98361,
                -0.18033,
                -0.24000,
                -0.00000,
                0.18033,
                0.98361,
                0.00000,
                0.00000,
                0.00000,
                0.00000,
                1.00000
            ]
        },
        {
            "left_foot_pose": [
                1.00000,
                0.00000,
                -0.00000,
                0.00000,
                -0.00000,
                0.95421,
                -0.29914,
                0.00000,
                0.00000,
                0.29914,
                0.95421,
                0.02992,
                0.00000,
                0.00000,
                0.00000,
                1.00000
            ],
            "right_foot_pose": [
                1.00000,
                0.00000,
                0.00000,
                -0.00000,
                0.00000,
                0.98404,
                -0.17797,
                -0.24000,
                -0.00000,
                0.17797,
                0.98404,
                0.00000,
                0.00000,
                0.00000,
                0.00000,
                1.00000
            ]
        },
        {
            "left_foot_pose": [
                1.00000,
                0.00000,
                -0.00000,
                0.00000,
                -0.00000,
                0.95542,
                -0.29526,
                0.00000,
                0.00000,
                0.29526,
                0.95542,
                0.03000,
                0.00000,
                0.00000,
                0.00000,
                1.00000
            ],
            "right_foot_pose": [
                1.00000,
                0.00000,
                0.00000,
                -0.00000,
                0.00000,
                0.98480,
                -0.17370,
                -0.24000,
                -0.00000,
                0.17370,
                0.98480,
                0.00000,
                0.00000,
                0.00000,
                0.00000,
                1.00000
            ]
        },
        {
            "left_foot_pose": [
                1.00000,
                0.00000,
                -0.00000,
                0.00000,
                -0.00000,
                0.95719,
                -0.28946,
                0.00000,
                0.00000,
                0.28946,
                0.95719,
                0.03000,
                0.00000,
                0.00000,
                0.00000,
                1.00000
            ],
            "right_foot_pose": [
                1.00000,
                0.00000,
                0.00000,
                -0.00000,
                0.00000,
                0.98588,
                -0.16747,
                -0.24000,
                -0.00000,
                0.16747,
                0.98588,
                0.00000,
                0.00000,
                0.00000,
                0.00000,
                1.00000
            ]
        },
        {
            "left_foot_pose": [
                1.00000,
                -0.00000,
                0.00000,
                0.00000,
                0.00000,
                0.95962,
                -0.28130,
                -0.00000,
                -0.00000,
                0.28130,
                0.95962,
                0.02956,
                0.00000,
                0.00000,
                0.00000,
                1.00000
            ],
            "right_foot_pose": [
                1.00000,
                0.00000,
                0.00000,
                -0.00000,
                0.00000,
                0.98725,
                -0.15919,
                -0.24000,
                -0.00000,
                0.15919,
                0.98725,
                0.00000,
                0.00000,
                0.00000,
                0.00000,
                1.00000
            ]
        },
        {
            "left_foot_pose": [
                1.00000,
                -0.00000,
                0.00000,
                0.00000,
                0.00000,
                0.96298,
                -0.26957,
                -0.00000,
                -0.00000,
                0.26957,
                0.96298,
                0.02744,
                0.00000,
                0.00000,
                0.00000,
                1.00000
            ],
            "right_foot_pose": [
                1.00000,
                0.00000,
                0.00000,
                -0.00000,
                0.00000,
                0.98887,
                -0.14877,
                -0.24000,
                -0.00000,
                0.14877,
                0.98887,
                0.00000,
                0.00000,
                0.00000,
                0.00000,
                1.00000
            ]
