{"LoopMode": "Wrap", "FrameDuration": 0.01, "EnableCycleOffsetPosition": true, "EnableCycleOffsetRotation": false, "Debug_info": [{"left_foot_pose": [1.0000000000000007, -5.657356465983958e-14, 4.574174372606878e-12, -8.927018517733202e-13, 1.316296498129938e-14, 0.999954283973848, 0.00956190160740721, -1.907952962287851e-13, -4.574658493255409e-12, -0.00956190160740748, 0.9999542839738484, 1.1185039006100794e-11, 0.0, 0.0, 0.0, 1.0], "right_foot_pose": [1.0, 9.828269378250299e-14, 4.552358490172991e-12, -6.814485046917345e-13, -3.7959846879917977e-14, 0.9999123531138202, -0.013239565339651926, -0.14000000000136828, -4.5533349632088635e-12, 0.013239565339651739, 0.9999123531138204, 7.731509876762743e-12, 0.0, 0.0, 0.0, 1.0]}, {"left_foot_pose": [1.0000000000000004, -9.893612359920533e-14, 1.0184852961003802e-11, -1.9138232927435386e-12, 2.403049963753761e-14, 0.9999727178721903, 0.007386711806051787, 1.989779868649677e-13, -1.0185537391745054e-11, -0.0073867118060520565, 0.9999727178721906, 2.3757454337136608e-11, 0.0, 0.0, 0.0, 1.0], "right_foot_pose": [0.9999999999999998, 2.4567422930632884e-13, 1.0160094987554656e-11, -1.6032925250676416e-12, -8.89798801107756e-14, 0.9998811775537972, -0.015415277280410528, -0.14000000000241378, -1.0162770328457907e-11, 0.015415277280410346, 0.999881177553797, 1.8525563028060077e-11, 0.0, 0.0, 0.0, 1.0]}, {"left_foot_pose": [1.0000000000000007, -9.770031947132162e-14, 1.7846391031639548e-11, -3.2909810685559956e-12, 2.0226823359805934e-14, 0.9999904969551515, 0.004359587066459218, 9.53568821127071e-13, -1.7846878681874847e-11, -0.00435958706645949, 0.9999904969551519, 4.074762749439742e-11, 0.0, 0.0, 0.0, 1.0], "right_foot_pose": [1.0, 5.057410931767386e-13, 1.7833012844192805e-11, -2.8919761624560643e-12, -1.7670182127540824e-13, 0.9998298990121071, -0.018443780562558774, -0.14000000000360552, -1.783937684086354e-11, 0.01844378056255859, 0.9998298990121071, 3.362726763711521e-11, 0.0, 0.0, 0.0, 1.0]}, {"left_foot_pose": [1.0000000000000004, 3.6199474277386226e-15, 2.740335736106659e-11, -4.997754537104984e-12, -1.6990988808195896e-14, 0.9999998749957851, 0.0005000084147121078, 2.1181025683381094e-12, -2.7403528890607973e-11, -0.0005000084147123783, 0.9999998749957852, 6.193732332571145e-11, 0.0, 0.0, 0.0, 1.0], "right_foot_pose": [0.9999999999999998, 9.29956569906773e-13, 2.7425894888466467e-11, -4.527445264463424e-12, -3.17911007840094e-13, 0.9997511853809613, -0.022306217280453, -0.1400000000048486, -2.743982489928266e-11, 0.022306217280452817, 0.9997511853809612, 5.2725879218229466e-11, 0.0, 0.0, 0.0, 1.0]}, {"left_foot_pose": [1.0000000000000004, 2.734658317426182e-13, 3.893507738439439e-11, -7.048835215743536e-12, -1.1036390245819967e-13, 0.9999912617268123, -0.004180486816021582, 3.778366508555564e-12, -3.893631236941826e-11, 0.00418048681602131, 0.9999912617268124, 8.764538400596322e-11, 0.0, 0.0, 0.0, 1.0], "right_foot_pose": [1.0, 1.590230310873669e-12, 3.902944634148752e-11, -6.530273806677314e-12, -5.361278700115445e-13, 0.9996356540934428, -0.026991833305185974, -0.1400000000060653, -3.90583725481969e-11, 0.026991833305185797, 0.9996356540934427, 7.598237317107959e-11, 0.0, 0.0, 0.0, 1.0]}, {"left_foot_pose": [1.0000000000000002, 8.008865427276562e-13, 5.2760074087387914e-11, -9.500301972058042e-12, -2.894438218300521e-13, 0.9999530823881881, -0.009686744673120837, 6.075487335444052e-12, -5.276552841248833e-11, 0.009686744673120569, 0.9999530823881881, 1.187486498022139e-10, 0.0, 0.0, 0.0, 1.0], "right_foot_pose": [1.0, 2.588003485694234e-12, 5.2980231313171076e-11, -8.964547880030092e-12, -8.643921594029005e-13, 0.9994715261394482, -0.03250643684691269, -0.14000000000717783, -5.303641331030571e-11, 0.03250643684691251, 0.9994715261394483, 1.040556529829928e-10, 0.0, 0.0, 0.0, 1.0]}, {"left_foot_pose": [1.0000000000000004, 1.7092468664150568e-12, 6.941680563699035e-11, -1.2446222230020796e-11, -5.950282408287101e-13, 0.9998713003864417, -0.01604315005001367, 9.218880867023493e-12, -6.943546361398663e-11, 0.0160431500500134, 0.9998713003864415, 1.566743262904069e-10, 0.0, 0.0, 0.0, 1.0], "right_foot_pose": [1.0, 4.067806518892146e-12, 6.984041123203608e-11, -1.1935943828328668e-11, -1.3495971625073348e-12, 0.9992440583381198, -0.0388755948631545, -0.14000000000808574, -6.994582280892659e-11, 0.03887559486315433, 0.9992440583381201, 1.3807602283755216e-10, 0.0, 0.0, 0.0, 1.0]}, {"left_foot_pose": [1.0000000000000004, 3.1746420089219703e-12, 8.96493435043055e-11, -1.601630024441201e-11, -1.085084493792321e-12, 0.9997286399962192, -0.02329477132986974, 1.350211609185692e-11, -8.969923731234404e-11, 0.023294771329869467, 0.9997286399962193, 2.034243329340768e-10, 0.0, 0.0, 0.0, 1.0], "right_foot_pose": [0.9999999999999996, 6.235983273030422e-12, 9.0388307949496e-11, -1.5591381081164303e-11, -2.0582437920860433e-12, 0.9989347133014771, -0.04614584012991381, -0.14000000000863852, -9.057979941593907e-11, 0.046145840129913636, 0.998934713301477, 1.7963122656006192e-10, 0.0, 0.0, 0.0, 1.0]}, {"left_foot_pose": [1.0000000000000002, 5.453781034286574e-12, 1.144860872770436e-10, -2.0390241916342912e-11, -1.843610476614392e-12, 0.9995035274495626, -0.031507120082326846, 1.9337718926148995e-11, -1.146011801410821e-10, 0.031507120082326576, 0.9995035274495626, 2.6183451934391755e-10, 0.0, 0.0, 0.0, 1.0], "right_foot_pose": [0.9999999999999998, 9.392748322102718e-12, 1.1570183700015942e-10, -2.0135493496883995e-11, -3.0864170015725988e-12, 0.9985200672805568, -0.05438451285092745, -0.14000000000860827, -1.1604140453971992e-10, 0.05438451285092727, 0.9985200672805565, 2.3095331203037972e-10, 0.0, 0.0, 0.0, 1.0]}, {"left_foot_pose": [1.0000000000000004, 8.920993338061519e-12, 1.4524886848832337e-10, -2.580030045317909e-11, -2.9921396506699545e-12, 0.9991687535269508, -0.04076520545024049, 2.7285526268960858e-11, -1.4549204409369906e-10, 0.0407652054502402, 0.999168753526951, 3.357331565534416e-10, 0.0, 0.0, 0.0, 1.0], "right_foot_pose": [0.9999999999999999, 1.39719919388903e-11, 1.4717599361446782e-10, -2.5836093951182875e-11, -4.571580195354469e-12, 0.997970438332524, -0.0636789149906782, -0.14000000000764193, -1.4776698833965901e-10, 0.06367891499067801, 0.9979704383325241, 2.9498277431816433e-10, 0.0, 0.0, 0.0, 1.0]}, {"left_foot_pose": [1.0000000000000007, 1.4114890203716116e-11, 1.8354456843283605e-10, -3.253268056926679e-11, -4.703748194173274e-12, 0.998689863220691, -0.051171838937433184, 3.807317655590836e-11, -1.8402639351650053e-10, 0.0511718389374329, 0.9986898632206911, 4.3013964612370614e-10, 0.0, 0.0, 0.0, 1.0], "right_foot_pose": [0.9999999999999998, 2.0591325594127376e-11, 1.865219090291247e-10, -3.302737981715203e-11, -6.706846829885582e-12, 0.9972482348356116, -0.07413472949473027, -0.14000000000520227, -1.875352935711151e-10, 0.07413472949473009, 0.9972482348356119, 3.7542768199783083e-10, 0.0, 0.0, 0.0, 1.0]}, {"left_foot_pose": [1.0000000000000007, 2.1781132055921302e-11, 2.3110158231531805e-10, -4.090489910095762e-11, -7.214412384299362e-12, 0.9980233676950199, -0.06284391406247894, 5.2560539254287164e-11, -2.3201366872701964e-10, 0.06284391406247865, 0.9980233676950202, 5.512307971189401e-10, 0.0, 0.0, 0.0, 1.0], "right_foot_pose": [0.9999999999999998, 3.0094927057492436e-11, 2.3561114170789195e-10, -4.208620536037988e-11, -9.751208379284467e-12, 0.9963061418803467, -0.08587241496253831, -0.14000000000050333, -2.373252915637388e-10, 0.08587241496253814, 0.9963061418803466, 4.765575989384985e-10, 0.0, 0.0, 0.0, 1.0]}, {"left_foot_pose": [1.0000000000000007, 3.2891818571207056e-11, 2.894764428162938e-10, -5.1226832584011375e-11, -1.0824587326648368e-11, 0.9971152413088911, -0.07590253980936851, 7.160689229068762e-11, -2.9113813235464223e-10, 0.0759025398093682, 0.9971152413088913, 7.061446011258354e-10, 0.0, 0.0, 0.0, 1.0], "right_foot_pose": [0.9999999999999998, 4.3569738412883347e-11, 2.9618674179943107e-10, -5.338361116854615e-11, -1.4027928016562599e-11, 0.995085701513227, -0.09901740576246752, -0.13999999999248017, -2.990455099472349e-10, 0.09901740576246733, 0.995085701513227, 6.027911295114485e-10, 0.0, 0.0, 0.0, 1.0]}, {"left_foot_pose": [1.0000000000000004, 4.849739406691458e-11, 3.5882757876137734e-10, -6.360983134132012e-11, -1.5843308944083128e-11, 0.9959012498314329, -0.09044722540902539, 9.55450839973393e-11, -3.617435084534952e-10, 0.09044722540902508, 0.995901249831433, 9.006373494213626e-10, 0.0, 0.0, 0.0, 1.0], "right_foot_pose": [1.0, 6.215879768911891e-11, 3.686051464057979e-10, -6.705852718478564e-11, -1.9854953928360545e-11, 0.9935180837090184, -0.11367417183846101, -0.1399999999799057, -3.732819233861794e-10, 0.11367417183846085, 0.9935180837090184, 7.563916576414087e-10, 0.0, 0.0, 0.0, 1.0]}, {"left_foot_pose": [1.0000000000000007, 6.892490571148316e-11, 4.339391623808796e-10, -7.730702042670175e-11, -2.232053602503888e-11, 0.994313307871838, -0.10649434627699479, 1.2253599870892806e-10, -4.388117553221034e-10, 0.10649434627699447, 0.9943133078718384, 1.1293190688155264e-09, 0.0, 0.0, 0.0, 1.0], "right_foot_pose": [0.9999999999999997, 8.609830942343327e-11, 4.477026527283097e-10, -8.225255139570386e-11, -2.7228706905191362e-11, 0.9915318143522364, -0.12986401013122284, -0.1399999999621066, -4.5509276245728354e-10, 0.12986401013122267, 0.9915318143522363, 9.291775682207515e-10, 0.0, 0.0, 0.0, 1.0]}, {"left_foot_pose": [1.0000000000000004, 9.099523776334874e-11, 4.936763220442214e-10, -8.886731477607829e-11, -2.9158026130993786e-11, 0.992302316186934, -0.1238390620525165, 1.4442621057431104e-10, -5.011451092423088e-10, 0.12383906205251624, 0.9923023161869341, 1.3450831629069349e-09, 0.0, 0.0, 0.0, 1.0], "right_foot_pose": [1.0, 1.1143498900848927e-10, 5.117047341407493e-10, -9.501538798916719e-11, -3.4800433563834064e-11, 0.9890792128357118, -0.14738490674519197, -0.13999999994150072, -5.225402442848053e-10, 0.14738490674519178, 0.9890792128357117, 1.0788122964400237e-09, 0.0, 0.0, 0.0, 1.0]}, {"left_foot_pose": [1.0000000000000007, 1.0236014275330254e-10, 4.863974778501738e-10, -8.928572981944768e-11, -3.2394451077428294e-11, 0.989906802449757, -0.14171987321366988, 1.417615642929082e-10, -4.95994772499332e-10, 0.14171987321366955, 0.9899068024497574, 1.4035043197080377e-09, 0.0, 0.0, 0.0, 1.0], "right_foot_pose": [0.9999999999999999, 1.234872159750408e-10, 5.065405317417054e-10, -9.521413558397812e-11, -3.7967405778222856e-11, 0.9862147536696121, -0.16547041924279585, -0.13999999992883977, -5.199912118644229e-10, 0.16547041924279568, 0.9862147536696121, 1.0912231604431888e-09, 0.0, 0.0, 0.0, 1.0]}, {"left_foot_pose": [1.0000000000000004, 1.1441177312155555e-10, 4.928638053236491e-10, -2.6650458146692137e-10, -3.4723291643529e-11, 0.9873203398787389, -0.15874050038264437, -2.0920924020950693e-09, -5.047763000204338e-10, 0.15874050038264412, 0.9873203398787391, 0.0006652983872883489, 0.0, 0.0, 0.0, 1.0], "right_foot_pose": [0.9999999999999999, 1.0252345173211295e-10, 3.833613981818468e-10, -6.662994753625299e-11, -3.0988632121990134e-11, 0.9832751987204935, -0.18212601017200697, -0.14000000003392787, -3.956220843435027e-10, 0.18212601017200686, 0.9832751987204933, 7.452735165114355e-10, 0.0, 0.0, 0.0, 1.0]}, {"left_foot_pose": [1.0000000000000007, 1.5312070000639695e-10, 5.959137072686331e-10, -1.3225535265697297e-09, -4.501161952381947e-11, 0.9841489637879034, -0.177343782172359, -8.38474956132984e-09, -6.136231566266754e-10, 0.17734378217235877, 0.9841489637879034, 0.005805008995744099, 0.0, 0.0, 0.0, 1.0], "right_foot_pose": [1.0, 6.931198535863071e-11, 2.416927213921834e-10, -1.1385495345006953e-11, -2.0616796850309288e-11, 0.9806203227679101, -0.19591779545146037, -0.14000000016286132, -2.5058851558904427e-10, 0.1959177954514602, 0.9806203227679101, 4.187552804513217e-10, 0.0, 0.0, 0.0, 1.0]}, {"left_foot_pose": [1.0000000000000004, 1.6519748252271245e-10, 5.797369251325759e-10, -1.8356388671069604e-09, -4.797892166914877e-11, 0.9804779281516165, -0.19662917486353518, -1.0128355987237825e-08, -6.00902195044191e-10, 0.19662917486353493, 0.9804779281516167, 0.013875958622017306, 0.0, 0.0, 0.0, 1.0], "right_foot_pose": [0.9999999999999998, 3.515757674119358e-11, 1.1670819866083075e-10, 1.9640820589847568e-11, -1.0339722020102923e-11, 0.9785148902514761, -0.20617616146427323, -0.1400000001685728, -1.2144954591502184e-10, 0.20617616146427306, 0.978514890251476, 2.2320387205176928e-10, 0.0, 0.0, 0.0, 1.0]}, {"left_foot_pose": [1.0000000000000004, 1.1492324387932934e-10, 3.718167995714318e-10, -1.5208821320950127e-09, -3.272828502253236e-11, 0.9768538403516699, -0.2139078647226308, -6.870167046368891e-09, -3.877937691290274e-10, 0.21390786472263054, 0.9768538403516698, 0.022282771185947008, 0.0, 0.0, 0.0, 1.0], "right_foot_pose": [0.9999999999999997, 9.776713737930259e-12, 3.146133353837395e-11, 2.023085534548302e-11, -2.8665150852241404e-12, 0.9771524914700644, -0.21253942790420302, -0.1400000000891279, -3.282065527793968e-11, 0.2125394279042028, 0.9771524914700643, 8.40043729022355e-11, 0.0, 0.0, 0.0, 1.0]}, {"left_foot_pose": [1.0000000000000004, 1.898189228351872e-11, 5.990347107243075e-11, -5.273321583306632e-10, -5.023824689284971e-12, 0.9743848877896799, -0.22488683920384017, -1.601383792931843e-09, -6.263786824605952e-11, 0.22488683920383995, 0.9743848877896799, 0.028430074918891587, 0.0, 0.0, 0.0, 1.0], "right_foot_pose": [0.9999999999999998, 2.855530821959149e-14, -7.488454301096696e-14, 5.013007090455325e-12, -4.393493197446396e-14, 0.9766726116493692, -0.21473381115697762, -0.14000000000115592, 6.705940796291437e-14, 0.21473381115697748, 0.9766726116493691, 4.566853839538254e-12, 0.0, 0.0, 0.0, 1.0]}, {"left_foot_pose": [1.0000000000000004, 1.4272009179042593e-11, 4.3207770694664046e-11, -1.2499869762169951e-11, -4.201928402592784e-12, 0.9744479000726762, -0.224613646165928, 2.427687911810139e-11, -4.530951000745689e-11, 0.2246136461659277, 0.9744479000726763, 0.030000000077032747, 0.0, 0.0, 0.0, 1.0], "right_foot_pose": [0.9999999999999998, 1.0032871664713425e-11, 3.1929958677068226e-11, -8.711993210873629e-12, -3.0182727428066865e-12, 0.9771591703210305, -0.21250871948585032, -0.13999999999000057, -3.3332856979857045e-11, 0.21250871948585012, 0.9771591703210303, 6.009374942106405e-11, 0.0, 0.0, 0.0, 1.0]}, {"left_foot_pose": [1.0000000000000004, 5.2317913817491456e-11, 1.6431922489346014e-10, -3.605421284871998e-11, -1.5390132220867757e-11, 0.9761419139589207, -0.2171335160969306, 8.171625529018733e-11, -1.7175921329477001e-10, 0.2171335160969303, 0.9761419139589209, 0.03000000030709532, 0.0, 0.0, 0.0, 1.0], "right_foot_pose": [0.9999999999999998, 3.675774912883931e-11, 1.2109974134588676e-10, -2.8093234277542246e-11, -1.1017115932439767e-11, 0.9785427180953947, -0.20604404592823616, -0.13999999996867596, -1.2607512494534649e-10, 0.20604404592823602, 0.9785427180953945, 2.421029557386767e-10, 0.0, 0.0, 0.0, 1.0]}, {"left_foot_pose": [1.0000000000000007, 1.1202525495506931e-10, 3.7270764252639114e-10, -7.311858630092394e-11, -3.336128187739233e-11, 0.9788257049951312, -0.20469547928761328, 1.73220167376531e-10, -3.8774700976761e-10, 0.20469547928761303, 0.9788257049951312, 0.030000000700625813, 0.0, 0.0, 0.0, 1.0], "right_foot_pose": [0.9999999999999998, 7.869308933362095e-11, 2.7341751085430096e-10, -5.945336700729868e-11, -2.377214344258991e-11, 0.9807386421533456, -0.19532464203784533, -0.1399999999377939, -2.8352189981527915e-10, 0.19532464203784514, 0.9807386421533453, 5.538774369706623e-10, 0.0, 0.0, 0.0, 1.0]}, {"left_foot_pose": [1.0000000000000002, 2.8997021776177394e-10, 1.06087932882914e-09, -3.807878938632048e-10, -8.864907212508062e-11, 0.9827296162012101, -0.18504729514646595, -3.7743156204583794e-09, -1.0962161007536595e-09, 0.18504729514646565, 0.9827296162012104, 0.028526429848813747, 0.0, 0.0, 0.0, 1.0], "right_foot_pose": [0.9999999999999996, 1.3642354242729498e-10, 5.136464586996673e-10, -9.54521535721006e-11, -4.1731229789378206e-11, 0.9836640133838152, -0.18001419047854503, -0.14000000008515345, -5.298138189329841e-10, 0.18001419047854486, 0.9836640133838149, 1.0026980912236638e-09, 0.0, 0.0, 0.0, 1.0]}, {"left_foot_pose": [1.0000000000000004, 4.040630971945337e-10, 1.7542167718431686e-09, -1.3414577511178436e-09, -1.2691347868690601e-10, 0.9878831723490946, -0.1551993485472483, -1.0405581628986083e-08, -1.7956716149634826e-09, 0.15519934854724798, 0.9878831723490946, 0.022463542794152212, 0.0, 0.0, 0.0, 1.0], "right_foot_pose": [0.9999999999999998, 1.9668658476468015e-10, 8.330363066022518e-10, -1.3041303063817705e-10, -6.115789899494597e-11, 0.9871715034379825, -0.15966346733048709, -0.140000000330205, -8.537534549827274e-10, 0.15966346733048686, 0.9871715034379822, 1.6719466019998741e-09, 0.0, 0.0, 0.0, 1.0]}, {"left_foot_pose": [1.0000000000000004, 3.6570153965733715e-10, 2.036757429380025e-09, -1.755917610296415e-09, -1.1816302871483002e-10, 0.992745713453726, -0.12023289241822804, -1.3185302259743903e-08, -2.065951818401822e-09, 0.1202328924182278, 0.9927457134537263, 0.014080079188275633, 0.0, 0.0, 0.0, 1.0], "right_foot_pose": [1.0, 2.4202146069350016e-10, 1.2152248096697337e-09, -1.7991369248569821e-10, -7.664139398397388e-11, 0.9909425880637287, -0.13428621359454396, -0.1400000005017542, -1.2367183709351943e-09, 0.1342862135945437, 0.9909425880637288, 2.495553604042744e-09, 0.0, 0.0, 0.0, 1.0]}, {"left_foot_pose": [1.0000000000000004, 2.604450606054215e-10, 2.070744187232516e-09, -1.3450085844540431e-09, -8.63002234961352e-11, 0.9964946379995246, -0.08365665806256545, -1.0548124984577356e-08, -2.0852736727251273e-09, 0.08365665806256517, 0.9964946379995246, 0.005971411864588258, 0.0, 0.0, 0.0, 1.0], "right_foot_pose": [0.9999999999999997, 2.519596764801225e-10, 1.6279689818432516e-09, -2.4988621019537915e-10, -8.120745841355959e-11, 0.9945724243171685, -0.10404658950619132, -0.14000000051313408, -1.6453486947551812e-09, 0.10404658950619115, 0.9945724243171684, 3.36427662117611e-09, 0.0, 0.0, 0.0, 1.0]}, {"left_foot_pose": [1.0000000000000004, 1.4428637387614127e-10, 2.0457945892893267e-09, -4.633734727071849e-10, -4.834627970133933e-11, 0.9989034013556155, -0.046818743684376773, -3.685691654653489e-09, -2.050306511937391e-09, 0.04681874368437649, 0.9989034013556155, 0.0007329185435154331, 0.0, 0.0, 0.0, 1.0], "right_foot_pose": [0.9999999999999998, 2.048921199901315e-10, 1.974796492998364e-09, -3.2636354106761653e-10, -6.701196533905686e-11, 0.9975771749791391, -0.06956852708402086, -0.14000000029358517, -1.984266159347976e-09, 0.06956852708402068, 0.9975771749791391, 4.0424396954841235e-09, 0.0, 0.0, 0.0, 1.0]}, {"left_foot_pose": [1.0000000000000002, 3.093616651137919e-11, 2.0847752968400353e-09, -3.9840171066872306e-10, -1.0356723532541034e-11, 0.9999512862385325, -0.009870417919491458, 3.7138712938311613e-10, -2.0849791461843727e-09, 0.00987041791949119, 0.9999512862385327, 4.318471212572117e-09, 0.0, 0.0, 0.0, 1.0], "right_foot_pose": [0.9999999999999998, 1.0246716757952624e-10, 2.0974807446449964e-09, -3.457638231409535e-10, -3.385272603513861e-11, 0.9994656483441395, -0.03268666058239132, -0.1400000001741515, -2.099709353725414e-09, 0.03268666058239115, 0.9994656483441395, 4.304831616175342e-09, 0.0, 0.0, 0.0, 1.0]}, {"left_foot_pose": [1.0000000000000007, -7.867074752931716e-11, 1.9596877454119997e-09, -3.6711267778923536e-10, 2.569147173664503e-11, 0.9996348915744093, 0.027020058234945788, 2.0307691292464902e-10, -1.9610981651713428e-09, -0.027020058234946052, 0.9996348915744098, 3.967367934176735e-09, 0.0, 0.0, 0.0, 1.0], "right_foot_pose": [1.0, -1.2263077235283508e-11, 1.9520136063100324e-09, -2.972503199561887e-10, 4.0389481560337284e-12, 0.9999911247758909, 0.004213118731857643, -0.1400000003028244, -1.952048065790044e-09, -0.004213118731857823, 0.999991124775891, 4.155354282886492e-09, 0.0, 0.0, 0.0, 1.0]}, {"left_foot_pose": [1.0000000000000007, -1.4494566929276784e-10, 1.5872823055929106e-09, -2.8875933357621674e-10, 4.7137167115800346e-11, 0.9981103020744202, 0.06144774115384919, 5.364191729695378e-11, -1.593189528114792e-09, -0.06144774115384947, 0.9981103020744204, 3.1957350793421213e-09, 0.0, 0.0, 0.0, 1.0], "right_foot_pose": [1.0, -9.023410288266839e-11, 1.5664685659722017e-09, -2.1320804476011443e-10, 2.978205485970269e-11, 0.9992567299818552, 0.03854850951683911, -0.14000000033716634, -1.5687827158059204e-09, -0.03854850951683928, 0.9992567299818553, 3.5148500707182784e-09, 0.0, 0.0, 0.0, 1.0]}, {"left_foot_pose": [1.0000000000000002, -1.5403288171960457e-10, 1.1369881147693692e-09, -2.067655520983861e-10, 4.962032334041787e-11, 0.9958264158884339, 0.0912674608981563, 3.257289889202486e-10, -1.1463011333558407e-09, -0.09126746089815657, 0.9958264158884339, 2.2277845401763585e-09, 0.0, 0.0, 0.0, 1.0], "right_foot_pose": [0.999999999891471, -1.4697235466185778e-05, -1.0243014137988658e-06, -0.00029465464286002133, 1.4732884953134146e-05, 0.9976036144725694, 0.06918835287970879, -0.14000073076323516, 4.96927878862058e-09, -0.06918835288729094, 0.9976036145808331, 0.002554027509770476, 0.0, 0.0, 0.0, 1.0]}, {"left_foot_pose": [1.0000000000000007, -1.2666647715965854e-10, 7.383262334848011e-10, -1.3733321570963262e-10, 4.031636494919841e-11, 0.9932725399442479, 0.1158000923691474, 4.1029241549389583e-10, -7.480274091263078e-10, -0.11580009236914768, 0.9932725399442484, 1.4343124465909796e-09, 0.0, 0.0, 0.0, 1.0], "right_foot_pose": [0.999999998196585, -5.97683173823182e-05, -5.8802918992958125e-06, -0.0012011255127969888, 6.005688426451001e-05, 0.9952207104161932, 0.09765108269680367, -0.14000299296245963, 1.5747378080296603e-08, -0.0976510828738505, 0.9952207122108964, 0.00939644488080648, 0.0, 0.0, 0.0, 1.0]}, {"left_foot_pose": [1.0000000000000004, -8.384379482676942e-11, 4.204301906618486e-10, -9.380931672780518e-11, 2.636423963977601e-11, 0.9908600297380279, 0.13489403792441998, 3.329635265419961e-10, -4.278977883646522e-10, -0.13489403792442017, 0.9908600297380282, 8.154872402355018e-10, 0.0, 0.0, 0.0, 1.0], "right_foot_pose": [0.9999999914816387, -0.0001295168539520769, -1.6189729957870835e-05, -0.0026104682548884163, 0.00013052479454745365, 0.9923049750914165, 0.12381768602304424, -0.14000651669115038, 2.8672425292352638e-08, -0.1238176870814818, 0.9923049835437648, 0.017948747242841116, 0.0, 0.0, 0.0, 1.0]}, {"left_foot_pose": [1.0000000000000004, -4.1285569910066496e-11, 1.8857276851136447e-10, -6.170647970186097e-11, 1.2817399103158198e-11, 0.9889065038954868, 0.14853930979106628, 1.7113434627735735e-10, -1.9261352163656227e-10, -0.14853930979106653, 0.9889065038954871, 3.5757041078054996e-10, 0.0, 0.0, 0.0, 1.0], "right_foot_pose": [0.9999999756678905, -0.00021823942223965007, -3.218342692545681e-05, -0.0044119486006816595, 0.00022059967511819904, 0.989328157416848, 0.14570431797983077, -0.14001102459300457, 4.154428587035796e-08, -0.14570432153419102, 0.9893281814879528, 0.025615561534236733, 0.0, 0.0, 0.0, 1.0]}, {"left_foot_pose": [1.0000000000000002, -1.0554606871563019e-11, 4.6331050107540015e-11, -1.88612878425029e-11, 3.164022176439085e-12, 0.9876448572613509, 0.15670876148195034, 2.5671294950901924e-11, -4.7412862945576504e-11, -0.15670876148195054, 0.9876448572613509, 1.0353545798480468e-10, 0.0, 0.0, 0.0, 1.0], "right_foot_pose": [0.9999999472705252, -0.0003205823698467567, -5.182557605970291e-05, -0.0064948326292427454, 0.0003247444280684561, 0.987208709304603, 0.15943292888922284, -0.14001623649206651, 5.127387586498905e-08, -0.1594329373124756, 0.987208761356945, 0.02980151373018628, 0.0, 0.0, 0.0, 1.0]}, {"left_foot_pose": [1.0000000000000007, 2.166149596152293e-13, -3.8063996399273936e-13, -5.274327732792423e-12, -1.5286377716898886e-13, 0.9872043745764325, 0.1594600978839394, 5.411514118758287e-12, 4.100773710813906e-13, -0.15946009788393956, 0.9872043745764328, 3.858829228375882e-11, 0.0, 0.0, 0.0, 1.0], "right_foot_pose": [0.999999904330996, -0.0004315694841322526, -7.131464719611589e-05, -0.008748379697751293, 0.00043742198788418663, 0.9866409513546601, 0.16290930535723003, -0.1400218708501061, 5.526648163133228e-08, -0.16290932096645402, 0.9866410457416849, 0.030000000653912146, 0.0, 0.0, 0.0, 1.0]}, {"left_foot_pose": [1.0000000000000007, -8.816515374342702e-12, 3.8213154862632056e-11, -2.395204009346735e-11, 2.7047682426998623e-12, 0.9875856342007427, 0.1570815556337459, -6.268652263941021e-12, -3.912394156868694e-11, -0.15708155563374612, 0.9875856342007429, 1.2844571239956082e-10, 0.0, 0.0, 0.0, 1.0], "right_foot_pose": [0.9999998470426277, -0.0005459486061138194, -8.86275368198147e-05, -0.011061853490326762, 0.0005530955774945369, 0.9870938263880181, 0.16014203692954262, -0.14002765457493987, 5.437260069009646e-08, -0.16014206145413631, 0.9870939773665001, 0.030000000704459323, 0.0, 0.0, 0.0, 1.0]}, {"left_foot_pose": [1.0000000000000004, -3.62892796935436e-11, 1.6419976489601213e-10, -4.213342836244227e-11, 1.1326928809872177e-11, 0.9887555202636644, 0.14954103499752613, 4.610418817552198e-12, -1.6778028507559716e-10, -0.14954103499752638, 0.9887555202636643, 4.0706397280709794e-10, 0.0, 0.0, 0.0, 1.0], "right_foot_pose": [0.999999778069828, -0.0006585613813281969, -0.00010078294354159505, -0.01332451962026962, 0.0006662284085143083, 0.988502733297316, 0.15120152910418283, -0.14003331082033504, 4.8727294835644395e-08, -0.1512015626924617, 0.9885029526710355, 0.029910818026023696, 0.0, 0.0, 0.0, 1.0]}, {"left_foot_pose": [1.0000000000000007, -7.906258803359146e-11, 3.919683466691043e-10, 1.6948939393922674e-11, 2.4813395798340865e-11, 0.9906380870555763, 0.13651439658464265, 2.354349085478824e-10, -3.99092124491817e-10, -0.13651439658464284, 0.9906380870555767, 9.994199287599592e-10, 0.0, 0.0, 0.0, 1.0], "right_foot_pose": [0.9999997025606897, -0.0007644811290526243, -0.00010221122698544403, -0.015425641566018717, 0.0007712836898129897, 0.9911864047783794, 0.13247232202984924, -0.14003855826207184, 3.77882900455486e-08, -0.13247236146122568, 0.9911866995924051, 0.026127194419541484, 0.0, 0.0, 0.0, 1.0]}, {"left_foot_pose": [1.0000000000000007, -1.232514793272949e-10, 7.064988039040569e-10, 4.928050432364716e-11, 3.9089769124028624e-11, 0.9930244551917824, 0.11790857216956153, 4.802439678569526e-10, -7.161034112103667e-10, -0.1179085721695618, 0.9930244551917824, 1.8236642473912212e-09, 0.0, 0.0, 0.0, 1.0], "right_foot_pose": [0.999999627852838, -0.0008578817219047905, -9.128601540713853e-05, -0.01725447928707462, 0.0008627248604223263, 0.9943888554105408, 0.10578307965421524, -0.14004312578009884, 2.4425853436330126e-08, -0.10578311904205741, 0.994389225467439, 0.01864897210223051, 0.0, 0.0, 0.0, 1.0]}, {"left_foot_pose": [1.0000000000000004, -1.51747980754097e-10, 1.0913311920823818e-09, 3.580914033667936e-11, 4.866497711772634e-11, 0.9955870213699802, 0.09384286269957681, 6.196057035501301e-10, -1.1007559248385639e-09, -0.09384286269957709, 0.9955870213699801, 2.7718242076590904e-09, 0.0, 0.0, 0.0, 1.0], "right_foot_pose": [0.9999995628730284, -0.000932370467751402, -7.027847060003317e-05, -0.018700299974465477, 0.0009350153755010809, 0.9971717883562848, 0.07515018464765057, -0.14004673986213437, 1.1895399571859858e-08, -0.07515021750892867, 0.9971722242463238, 0.010071525377409227, 0.0, 0.0, 0.0, 1.0]}, {"left_foot_pose": [1.0000000000000004, -1.436708451964611e-10, 1.4975168882713805e-09, -3.921355510846698e-11, 4.648924960963527e-11, 0.9979051236625949, 0.06469439054463692, 5.510082719956122e-10, -1.5036747760816153e-09, -0.0646943905446372, 0.9979051236625948, 3.6649338217009664e-09, 0.0, 0.0, 0.0, 1.0], "right_foot_pose": [0.9999995172303213, -0.0009817225826009963, -4.1951099964461166e-05, -0.019652369384445992, 0.0009826185037799242, 0.99908785834737, 0.04269058167490135, -0.14004912400358785, 2.5265242247489194e-09, -0.04269060228711023, 0.9990883406768212, 0.0029902270181051682, 0.0, 0.0, 0.0, 1.0]}, {"left_foot_pose": [1.0000000000000004, -8.275868620536184e-11, 1.7652064254747322e-09, -1.6826385039619194e-10, 2.685370113183463e-11, 0.9994991015665602, 0.031647211056269296, 1.9888018662483908e-10, -1.7669414096587177e-09, -0.031647211056269574, 0.9994991015665603, 4.075640172573891e-09, 0.0, 0.0, 0.0, 1.0], "right_foot_pose": [0.9999995000025109, -0.0009999563039372304, -9.061911092507316e-06, -0.019999950927498986, 0.0009999973640032833, 0.9999584240738547, 0.009063670835001083, -0.1400500000325765, -1.7404531510262814e-09, -0.009063675365075812, 0.9999589240508214, 4.680737768977816e-07, 0.0, 0.0, 0.0, 1.0]}, {"left_foot_pose": [1.0000000000000007, 9.083189106805792e-12, 1.802976656861688e-09, -1.3177610420339297e-10, -3.609782964537756e-12, 0.9999953926956999, -0.0030355538825172623, 3.0690505865849094e-10, -1.8029961664556454e-09, 0.003035553882516991, 0.9999953926957003, 4.374813941665501e-09, 0.0, 0.0, 0.0, 1.0], "right_foot_pose": [0.9999995000000635, -0.0009996720863381025, 2.559965077370446e-05, -0.02000000049182237, 0.000999999811160042, 0.9996718215924588, -0.025597834173870113, -0.14005000016866506, -1.8092268428886009e-09, 0.02559784697460042, 0.9996723214285093, 4.001369867390192e-09, 0.0, 0.0, 0.0, 1.0]}, {"left_foot_pose": [1.0000000000000007, 8.86443237078377e-11, 1.5917082096805742e-09, -5.606773525037564e-11, -2.993619748095042e-11, 0.9993209667909839, -0.03684569624711066, 3.4181282457246276e-10, -1.593893593097844e-09, 0.03684569624711038, 0.9993209667909838, 4.168599451737087e-09, 0.0, 0.0, 0.0, 1.0], "right_foot_pose": [0.9999995000000877, -0.000998228952780845, 5.9485563027821445e-05, -0.020000000356404448, 0.0009999997871880531, 0.9982287622625221, -0.05948393221920272, -0.14005000005137314, -1.6165873738238855e-09, 0.05948396196279202, 0.9982292613769691, 3.5711139809158077e-09, 0.0, 0.0, 0.0, 1.0]}, {"left_foot_pose": [0.9999999999842408, -5.600940897111962e-06, 3.8558163817381196e-07, -0.00011267646351593516, 5.614193276402191e-06, 0.9977209930381014, -0.06747458795388839, -5.870911940972223e-08, -6.781715902991159e-09, 0.06747458795498947, 0.9977209930538226, 0.0005097166141135104, 0.0, 0.0, 0.0, 1.0], "right_foot_pose": [0.9999995000000943, -0.0009959348504949219, 9.007405370365291e-05, -0.020000000252303297, 0.0009999997807897262, 0.995934682185883, -0.09007279733494865, -0.1400500001394514, -1.2361011444901498e-09, 0.09007284237259225, 0.9959351801532679, 2.6702581465420927e-09, 0.0, 0.0, 0.0, 1.0]}, {"left_foot_pose": [0.9999999978773317, -6.485410479596195e-05, 6.267605256350524e-06, -0.0013076764319914578, 6.515625133426996e-05, 0.9954015404445087, -0.09579023455114337, -6.620969426104212e-07, -2.6394017180617504e-08, 0.09579023475618578, 0.9954015425572514, 0.0053961739274869455, 0.0, 0.0, 0.0, 1.0], "right_foot_pose": [0.9999995000000872, -0.000993258710061674, 0.00011591682479478653, -0.020000000223845304, 0.0009999997876915896, 0.9932585233518728, -0.11591594277441605, -0.14005000032656995, -8.544315764230552e-10, 0.11591600073325482, 0.993259019981197, 1.7527202189615565e-09, 0.0, 0.0, 0.0, 1.0]}, {"left_foot_pose": [0.999999983646872, -0.0001794801029778971, 2.2206958271767693e-05, -0.0036295997223996187, 0.00018084870389153043, 0.9924672748695227, -0.12250990003591569, -1.8252720388016452e-06, -5.158988497223726e-08, 0.12250990204859494, 0.9924672910983222, 0.013366543298356702, 0.0, 0.0, 0.0, 1.0], "right_foot_pose": [0.9999995000000741, -0.0009906196238545816, 0.0001366468536590553, -0.020000000180229887, 0.0009999998008902475, 0.990619397759096, -0.13664629077953214, -0.1400500003426729, -5.267044105929295e-10, 0.13664635910322315, 0.990619893068897, 1.0752338394648397e-09, 0.0, 0.0, 0.0, 1.0]}, {"left_foot_pose": [0.9999999416486293, -0.00033792175561350593, 5.011612733735799e-05, -0.006856199610110493, 0.0003416178171656128, 0.9892142285179357, -0.14647557269023836, -3.43626186461235e-06, -7.830356255813495e-08, 0.1464755812637496, 0.9892142862360217, 0.021825444678899436, 0.0, 0.0, 0.0, 1.0], "right_foot_pose": [0.9999995000000599, -0.000988351832388271, 0.00015218503752251702, -0.020000000132200456, 0.0009999998151155034, 0.9883515622649729, -0.15218472120668808, -0.140050000242797, -2.7152271129608933e-10, 0.15218479729934584, 0.9883520564409005, 5.796827115545078e-10, 0.0, 0.0, 0.0, 1.0]}, {"left_foot_pose": [0.9999998561431236, -0.0005290582113164452, 8.838066639372646e-05, -0.010765233478302423, 0.0005363895253413123, 0.9863630432009414, -0.16458328983726164, -5.385764243567848e-06, -1.0128213059207325e-07, 0.16458331356728703, 0.9863631850871174, 0.028177505769030484, 0.0, 0.0, 0.0, 1.0], "right_foot_pose": [0.999999500000048, -0.0009867106321442896, 0.00016248625111848168, -0.02000000007193164, 0.0009999998266946137, 0.9867103254114437, -0.1624861031805168, -0.14005000010098637, -9.613212748575946e-11, 0.16248618442369592, 0.9867108187667896, 2.5016412552592016e-10, 0.0, 0.0, 0.0, 1.0]}, {"left_foot_pose": [0.9999997156745293, -0.0007427734617917944, 0.00013014778515969776, -0.015134457743520822, 0.0007540894167005228, 0.9850198193612884, -0.172439516395192, -7.567725563706329e-06, -1.1465128585191212e-07, 0.1724395655093124, 0.9850200994126707, 0.03000000267697009, 0.0, 0.0, 0.0, 1.0], "right_foot_pose": [0.9999995000000419, -0.0009858758138609224, 0.00016747700004482964, -0.02000000000803324, 0.000999999832950008, 0.9858754870987217, -0.16747693554096463, -0.14005000002502319, -8.867825775389974e-12, 0.16747701927947575, 0.9858759800366685, 1.222452764015891e-10, 0.0, 0.0, 0.0, 1.0]}, {"left_foot_pose": [0.9999995162224473, -0.0009689016592215179, 0.0001696597991012915, -0.019741613957022276, 0.0009836436645430605, 0.9850330265046663, -0.1723628995468564, -9.871327246602918e-06, -1.1780602587744624e-07, 0.17236298304634082, 0.9850335030217776, 0.030000002906420305, 0.0, 0.0, 0.0, 1.0], "right_foot_pose": [0.9999995000000421, -0.0009858883560052171, 0.00016740315162772602, -0.020000000032057333, 0.00099999983284084, 0.9858880294559186, -0.16740308651832053, -0.14005000001131948, -9.525300595279739e-12, 0.1674031702199078, 0.9858885224001368, 1.252522252581656e-10, 0.0, 0.0, 0.0, 1.0]}, {"left_foot_pose": [0.9999992631275192, -0.0011970141348272162, 0.00020224139165283533, -0.02436445833927235, 0.0012139787506503493, 0.9860401807727195, -0.1665031175602918, -1.218264248556769e-05, -1.1155317281183004e-07, 0.16650324038547817, 0.9860409073365689, 0.03000000294745908, 0.0, 0.0, 0.0, 1.0], "right_foot_pose": [0.9999995000000479, -0.0009867265849408632, 0.00016238934812890491, -0.020000000069912007, 0.0009999998269074127, 0.9867262771144987, -0.16238920546670627, -0.1400499999867461, -9.078096450655862e-11, 0.16238928666143118, 0.9867267704778213, 2.991614109215668e-10, 0.0, 0.0, 0.0, 1.0]}, {"left_foot_pose": [0.999998971791559, -0.0014177697515740239, 0.00021527832461923238, -0.028780748025078393, 0.0014340208564385803, 0.9886762716816557, -0.15005723374048063, -1.439345687450147e-05, -9.396435629525471e-08, 0.1500573881639734, 0.9886772882277609, 0.028755337027489808, 0.0, 0.0, 0.0, 1.0], "right_foot_pose": [0.999999500000061, -0.0009887693527105964, 0.00014944830117286632, -0.02000000003509149, 0.0009999998137915763, 0.9887690859287266, -0.14944796657045253, -0.14005000009481522, -2.909746234468116e-10, 0.14944804129475156, 0.9887695803134127, 7.552041561553757e-10, 0.0, 0.0, 0.0, 1.0]}, {"left_foot_pose": [0.999998667149263, -0.0016196414113407698, 0.00020606163530232125, -0.032768226333460757, 0.0016326970613147445, 0.9920076886089346, -0.12616687378652944, -1.6392878551485524e-05, -6.963302336348746e-08, 0.12616704206114476, 0.9920090107945277, 0.022909778859921993, 0.0, 0.0, 0.0, 1.0], "right_foot_pose": [0.9999995000000764, -0.000991083548954379, 0.00013324036992396472, -0.019999999965871797, 0.0009999997985926077, 0.9910833288567733, -0.1332397660707195, -0.1400500003478738, -5.691432196743175e-10, 0.13323983269118952, 0.9910838243985339, 1.4691760932827869e-09, 0.0, 0.0, 0.0, 1.0]}, {"left_foot_pose": [0.9999983819163455, -0.0017905348469901086, 0.00017363655445177373, -0.036104643890965016, 0.0017989343205008505, 0.9953315601306414, -0.0964979235176341, -1.8063885076127426e-05, -4.304791776545668e-08, 0.09649807973667816, 0.9953331706555012, 0.014590974925738215, 0.0, 0.0, 0.0, 1.0], "right_foot_pose": [0.9999995000000897, -0.000993753998634192, 0.00011159104053388155, -0.019999999938954103, 0.0009999997850640265, 0.9937538185372871, -0.11159008980635778, -0.14005000056252653, -9.246921396968627e-10, 0.11159014560233926, 0.993754315414252, 2.37807426528569e-09, 0.0, 0.0, 0.0, 1.0]}, {"left_foot_pose": [0.9999981536108951, -0.0019176880892956807, 0.00012347952793388198, -0.03856775810395427, 0.0019216593874164163, 0.9979322285583256, -0.06424620167615659, -1.929359307861235e-05, -2.0024755877682398e-08, 0.06424632033826347, 0.9979340711304502, 0.006394298329055456, 0.0, 0.0, 0.0, 1.0], "right_foot_pose": [0.9999995000000952, -0.0009964085649477367, 8.467308378768414e-05, -0.019999999972017665, 0.000999999779708781, 0.9964083985768686, -0.0846717381770382, -0.14005000062104392, -1.3266909014108072e-09, 0.08467178051424214, 0.9964088967811099, 3.3470740554153444e-09, 0.0, 0.0, 0.0, 1.0]}, {"left_foot_pose": [0.9999980203487024, -0.001988859513839775, 6.112700919600931e-05, -0.03993532407008016, 0.001989798652381589, 0.9995261232754898, -0.030717577886197098, -1.9971598007364685e-05, -5.095508208198543e-09, 0.03071763870654441, 0.999528101992283, 0.0009151259450296684, 0.0, 0.0, 0.0, 1.0], "right_foot_pose": [0.9999995000000852, -0.0009985890540992251, 5.309878118054396e-05, -0.020000000075261738, 0.0009999997897634175, 0.9985888544091599, -0.053097079488631106, -0.14005000042423218, -1.688687764020313e-09, 0.05309710603886573, 0.9985893537036619, 4.097277898906793e-09, 0.0, 0.0, 0.0, 1.0]}, {"left_foot_pose": [0.9999980000006616, -0.001999984172108786, -7.615069103867564e-06, -0.04014004051052006, 0.0019999986694898136, 0.999990747798787, 0.00380845403617595, -2.0069768914495606e-05, -1.8491448197945406e-09, -0.003808461649398741, 0.9999927477836358, 4.208423422247254e-09, 0.0, 0.0, 0.0, 1.0], "right_foot_pose": [0.9999995000000585, -0.0009998257650044307, 1.8656703015102037e-05, -0.020000000099043392, 0.0009999998164653531, 0.9998254831725985, -0.018654843849442573, -0.14005000024113068, -1.8535836535196612e-09, 0.018654853178721145, 0.999825983085497, 4.441652330655632e-09, 0.0, 0.0, 0.0, 1.0]}, {"left_foot_pose": [0.9999980000006004, -0.0019984952628610336, -7.753376536724993e-05, -0.04014004038512484, 0.001999998700111614, 0.9992462477514263, 0.03876772317141436, -2.0069887682121548e-05, -1.7869927192550947e-09, -0.03876780070342147, 0.9992482462474582, 4.0008024046467305e-09, 0.0, 0.0, 0.0, 1.0], "right_foot_pose": [0.9999995000000268, -0.0009998675269245266, -1.6267293195920537e-05, -0.020000000000669413, 0.0009999998481115087, 0.9998671500376652, 0.016269058849882168, -0.14005000031964537, -1.7715510703528109e-09, -0.016269066982644083, 0.999867649971492, 4.499805209001728e-09, 0.0, 0.0, 0.0, 1.0]}, {"left_foot_pose": [0.9999980000005657, -0.001994846777432419, -0.00014346150995127665, -0.04014004025402533, 0.001999998717566858, 0.9974219803930808, 0.07173139503645001, -2.006999919927817e-05, -1.4788635822425253e-09, -0.07173153849653666, 0.9974239752406804, 3.342299527420156e-09, 0.0, 0.0, 0.0, 1.0], "right_foot_pose": [0.9999995000000057, -0.0009987934791887182, -4.9105235909280146e-05, -0.019999999960436683, 0.0009999998691307928, 0.9987930392536811, 0.04910666694712756, -0.14005000031821205, -1.4509144963165564e-09, -0.04910669149902403, 0.9987935386505158, 4.0153521480013055e-09, 0.0, 0.0, 0.0, 1.0]}, {"left_foot_pose": [0.999998000000566, -0.0019898804477561467, -0.00020092454506866555, -0.04014004024642029, 0.0019999987172929262, 0.9949388181600973, 0.10046267029758037, -2.0069760001743993e-05, -1.0739446600525518e-09, -0.10046287122112926, 0.9949408080413668, 2.3001852714199522e-09, 0.0, 0.0, 0.0, 1.0], "right_foot_pose": [0.9999994737273898, -0.0010227578830204562, -8.069235511770023e-05, -0.020516904448819345, 0.0010259361302274856, 0.9969025109233672, 0.07864051