{"LoopMode": "Wrap", "FrameDuration": 0.0167, "EnableCycleOffsetPosition": true, "EnableCycleOffsetRotation": false, "Debug_info": [{"left_foot_pose": [1.0000000000000007, -1.0658006258607588e-13, 9.142298029729549e-12, -1.722971572819902e-12, 2.7245352964101267e-14, 0.9999620375649145, 0.008713405133775453, 1.0063824773531849e-13, -9.143051227951343e-12, -0.00871340513377572, 0.9999620375649145, 2.138260402073655e-11, 0.0, 0.0, 0.0, 1.0], "right_foot_pose": [0.9999999999999998, 2.0330993004855253e-13, 9.115097565626227e-12, -1.4263834224087668e-12, -7.482640223092434e-14, 0.9999007561195519, -0.014088218891978622, -0.14000000000225418, -9.11728671130482e-12, 0.014088218891978437, 0.9999007561195519, 1.646403846589095e-11, 0.0, 0.0, 0.0, 1.0]}, {"left_foot_pose": [1.0000000000000007, -1.499402566464662e-13, 2.0025481273222574e-11, -3.673529773327129e-12, 3.7084552872631565e-14, 0.9999840273199926, 0.005652000078677357, 1.1308575603719007e-12, -2.0026203881862947e-11, -0.005652000078677626, 0.9999840273199928, 4.535542080796873e-11, 0.0, 0.0, 0.0, 1.0], "right_foot_pose": [1.0, 5.283245331858379e-13, 2.0006163392594086e-11, -3.247816324708134e-12, -1.8508230377158995e-13, 0.9998529161651509, -0.017150686168299432, -0.1400000000040077, -2.0012318406275323e-11, 0.017150686168299248, 0.999852916165151, 3.7861956625473425e-11, 0.0, 0.0, 0.0, 1.0]}, {"left_foot_pose": [1.0000000000000007, -4.706668135872106e-14, 3.472994114517292e-11, -6.285663234849384e-12, -1.8863759756780958e-15, 0.9999989931392242, 0.0014190562140248466, 2.9221538383472634e-12, -3.473023288014902e-11, -0.0014190562140251166, 0.9999989931392244, 7.765300902295991e-11, 0.0, 0.0, 0.0, 1.0], "right_foot_pose": [0.9999999999999998, 1.1288810181796999e-12, 3.475775223193977e-11, -5.758099853849767e-12, -3.852344639053992e-13, 0.9997712852838804, -0.021386377014773306, -0.14000000000594884, -3.477391197974704e-11, 0.021386377014773125, 0.9997712852838803, 6.725757450976033e-11, 0.0, 0.0, 0.0, 1.0]}, {"left_foot_pose": [1.0000000000000007, 3.4820169940840056e-13, 5.300815342224042e-11, -9.516705140848949e-12, -1.3810599902016576e-13, 0.999992170461619, -0.003957147389334504, 5.611146963735436e-12, -5.3009446150024684e-11, 0.003957147389334231, 0.9999921704616193, 1.1803875932248076e-10, 0.0, 0.0, 0.0, 1.0], "right_foot_pose": [0.9999999999999998, 2.144215699482129e-12, 5.314687578916731e-11, -8.930020640928755e-12, -7.20754608237804e-13, 0.9996416673109121, -0.026768208305002084, -0.1400000000078534, -5.3185352172510854e-11, 0.026768208305001904, 0.9996416673109119, 1.0414911294498452e-10, 0.0, 0.0, 0.0, 1.0]}, {"left_foot_pose": [1.0000000000000004, 1.2165690375628237e-12, 7.502354293364987e-11, -1.3395220936837315e-11, -4.3140834726104225e-13, 0.9999452905958043, -0.010460201492967952, 9.423288538368269e-12, -7.50324312217405e-11, 0.010460201492967681, 0.9999452905958042, 1.6724661933142926e-10, 0.0, 0.0, 0.0, 1.0], "right_foot_pose": [1.0, 3.763911817550391e-12, 7.537120927381122e-11, -1.2809910367630228e-11, -1.253332448969464e-12, 0.9994460251932097, -0.03328126688534944, -0.1400000000095028, -7.545486146550575e-11, 0.03328126688534925, 0.9994460251932096, 1.488851611441966e-10, 0.0, 0.0, 0.0, 1.0]}, {"left_foot_pose": [1.0000000000000004, 2.7947918865072237e-12, 1.0135214889572805e-10, -1.802133690178346e-11, -9.598974805892509e-13, 0.9998362474692034, -0.018096360040147717, 1.469768577677666e-11, -1.0138621845707758e-10, 0.018096360040147447, 0.9998362474692035, 2.2704524371697232e-10, 0.0, 0.0, 0.0, 1.0], "right_foot_pose": [0.9999999999999998, 6.250488888810864e-12, 1.0205103428972958e-10, -1.752096298851223e-11, -2.0678831000654814e-12, 0.999161867426511, -0.0409336375218121, -0.14000000001064833, -1.0222137313021996e-10, 0.040933637521811915, 0.999161867426511, 2.0270304185165955e-10, 0.0, 0.0, 0.0, 1.0]}, {"left_foot_pose": [1.0000000000000004, 5.4082014944944365e-12, 1.329401033700605e-10, -2.355992129708229e-11, -1.830207698985773e-12, 0.9996382078885345, -0.026897087749413517, 2.1910187206208853e-11, -1.3303770077378626e-10, 0.02689708774941325, 0.9996382078885347, 3.002550499897616e-10, 0.0, 0.0, 0.0, 1.0], "right_foot_pose": [0.9999999999999998, 9.972302399534746e-12, 1.3419504396594556e-10, -2.325968669779085e-11, -3.2824965987160524e-12, 0.9987612527114377, -0.04975902010972026, -0.1400000000109611, -1.345249992699046e-10, 0.049759020109720074, 0.9987612527114378, 2.6768009336874954e-10, 0.0, 0.0, 0.0, 1.0]}, {"left_foot_pose": [1.0000000000000007, 9.51022470406776e-12, 1.7102480542874317e-10, -3.022870845684527e-11, -3.1896238286676163e-12, 0.9993183223462844, -0.036917348537078294, 3.1687050552897666e-11, -1.7125935974234084e-10, 0.03691734853707801, 0.9993183223462849, 3.9074653235271484e-10, 0.0, 0.0, 0.0, 1.0], "right_foot_pose": [1.0, 1.544323820452453e-11, 1.7312701272587098e-10, -3.0286660722404795e-11, -5.0599217997891375e-12, 0.9982094732408767, -0.059815111235972704, -0.14000000000997112, -1.7374102807725716e-10, 0.059815111235972517, 0.9982094732408765, 3.466308559629816e-10, 0.0, 0.0, 0.0, 1.0]}, {"left_foot_pose": [1.0000000000000007, 1.571562646625051e-11, 2.1691837215342934e-10, -3.8264538337641266e-11, -5.235145906506872e-12, 0.9988362843902548, -0.048229420331067384, 4.477155451931836e-11, -2.174242074550937e-10, 0.0482294203310671, 0.9988362843902552, 5.032066152654835e-10, 0.0, 0.0, 0.0, 1.0], "right_foot_pose": [0.9999999999999998, 2.335279092625362e-11, 2.20277629470189e-10, -3.889270231844507e-11, -7.614703059058583e-12, 0.9974636644415897, -0.07117751132735559, -0.14000000000700474, -2.2138119397472396e-10, 0.07117751132735542, 0.9974636644415896, 4.4275836469376273e-10, 0.0, 0.0, 0.0, 1.0]}, {"left_foot_pose": [1.0000000000000007, 2.477619107278054e-11, 2.7135477198569855e-10, -4.7818537615589096e-11, -8.202228277116916e-12, 0.9981433974375189, -0.06090778400079939, 6.182765063811324e-11, -2.7236030301074803e-10, 0.06090778400079911, 0.9981433974375193, 6.419701367721409e-10, 0.0, 0.0, 0.0, 1.0], "right_foot_pose": [0.9999999999999998, 3.4523805685740806e-11, 2.7652286016532897e-10, -4.928394020061434e-11, -1.1194858111337861e-11, 0.9964721042522005, -0.083924641477887, -0.14000000000116047, -2.784448634313731e-10, 0.08392464147788686, 0.9964721042522003, 5.584510909262264e-10, 0.0, 0.0, 0.0, 1.0]}, {"left_foot_pose": [1.0000000000000004, 3.732449741749845e-11, 3.326104391909717e-10, -5.864537414302252e-11, -1.2275675355275763e-11, 0.9971840789425104, -0.07499275100686713, 8.276873630919113e-11, -3.344731436985448e-10, 0.07499275100686682, 0.9971840789425109, 8.068447576725646e-10, 0.0, 0.0, 0.0, 1.0], "right_foot_pose": [1.0, 4.9589906712819045e-11, 3.4025393613745765e-10, -6.123259531591081e-11, -1.597133801760097e-11, 0.9951764478890003, -0.09810115986588526, -0.13999999999147691, -3.4347769935139153e-10, 0.09810115986588508, 0.9951764478890003, 6.91530915863936e-10, 0.0, 0.0, 0.0, 1.0]}, {"left_foot_pose": [1.0000000000000004, 5.286157075845026e-11, 3.9145658936590073e-10, -6.924584898235082e-11, -1.7256164434225082e-11, 0.9959053255143586, -0.09040233742631124, 1.0484770517071862e-10, -3.9463281129466315e-10, 0.0904023374263109, 0.9959053255143585, 9.802439346340286e-10, 0.0, 0.0, 0.0, 1.0], "right_foot_pose": [1.0, 6.777605084689197e-11, 4.0213044005810125e-10, -7.310645870013189e-11, -2.1643370517844172e-11, 0.9935232610539002, -0.11362891245111889, -0.1399999999777764, -4.0722749242113675e-10, 0.11362891245111867, 0.9935232610539001, 8.24582263581064e-10, 0.0, 0.0, 0.0, 1.0]}, {"left_foot_pose": [1.0000000000000002, 6.669926479093678e-11, 4.1916803361630054e-10, -7.475318626580848e-11, -2.1585154594069946e-11, 0.9942893050840792, -0.10671821679272894, 1.1813524984638502e-10, -4.238924650579722e-10, 0.10671821679272865, 0.9942893050840789, 1.0925186935684117e-09, 0.0, 0.0, 0.0, 1.0], "right_foot_pose": [0.9999999999999999, 8.328390989099312e-11, 4.324854363524362e-10, -7.949413063831315e-11, -2.631410548255194e-11, 0.9915021881240561, -0.13009001093554073, -0.1399999999633742, -4.396447839457381e-10, 0.13009001093554054, 0.9915021881240561, 8.980818172465987e-10, 0.0, 0.0, 0.0, 1.0]}, {"left_foot_pose": [1.0000000000000004, 6.352026600611513e-11, 3.4792163594587914e-10, -6.320405193005343e-11, -2.0362401092743033e-11, 0.9924481271661694, -0.12266505160135767, 9.88841057647516e-11, -3.5308600045362366e-10, 0.12266505160135738, 0.9924481271661696, 9.541493983800109e-10, 0.0, 0.0, 0.0, 1.0], "right_foot_pose": [0.9999999999999998, 7.779747459839094e-11, 3.6047553830798015e-10, -6.715262299276137e-11, -2.4260640331232123e-11, 0.9892553092322168, -0.14619826659667015, -0.1399999999608077, -3.679761724997766e-10, 0.14619826659667, 0.9892553092322168, 7.624326031629991e-10, 0.0, 0.0, 0.0, 1.0]}, {"left_foot_pose": [1.0000000000000002, 1.0493267865923074e-10, 5.221962862123045e-10, -1.4837764622397993e-09, -3.110504355531086e-11, 0.9902339104313167, -0.1394159339240105, -8.481124001008533e-09, -5.317260468113924e-10, 0.13941593392401022, 0.9902339104313168, 0.0041378031847705, 0.0, 0.0, 0.0, 1.0], "right_foot_pose": [0.9999999999999998, 5.668723838605549e-11, 2.40562014752754e-10, 2.919467393512407e-12, -1.7480691969214266e-11, 0.987125909510832, -0.15994511174904064, -0.14000000020305262, -2.465320123455818e-10, 0.15994511174904041, 0.9871259095108321, 4.449853194254949e-10, 0.0, 0.0, 0.0, 1.0]}, {"left_foot_pose": [1.0000000000000004, 1.329951315928607e-10, 5.795685042997409e-10, -2.5048413282634875e-09, -3.9474745163519066e-11, 0.9873650564288458, -0.15846212589531736, -1.2401151498059315e-08, -5.933204747963961e-10, 0.1584621258953171, 0.9873650564288455, 0.013626743095420585, 0.0, 0.0, 0.0, 1.0], "right_foot_pose": [1.0, 3.042980132885326e-11, 1.2116180281296336e-10, 4.589827403199848e-11, -9.33242899038841e-12, 0.9853663045854308, -0.17045012698045237, -0.14000000023657533, -1.2457573902137533e-10, 0.17045012698045217, 0.9853663045854306, 3.0849749144135075e-10, 0.0, 0.0, 0.0, 1.0]}, {"left_foot_pose": [1.0000000000000002, 9.125930945169117e-11, 3.5829156308508753e-10, -1.8050253141487572e-09, -2.6736114290400885e-11, 0.9843715496901935, -0.17610409467280405, -7.501713167323842e-09, -3.687632588879586e-10, 0.17610409467280377, 0.9843715496901936, 0.02372889336475765, 0.0, 0.0, 0.0, 1.0], "right_foot_pose": [0.9999999999999999, 8.739568890038817e-12, 3.3326674753197904e-11, 3.34708631457732e-11, -2.6998015631534092e-12, 0.9841959060889501, -0.17708308343190463, -0.14000000011334215, -3.4347791415923105e-11, 0.17708308343190438, 0.9841959060889501, 1.2663966403314575e-10, 0.0, 0.0, 0.0, 1.0]}, {"left_foot_pose": [1.0000000000000004, 2.724078253438627e-12, 1.1458500814853731e-11, -1.4203889836824481e-10, -5.485055246245664e-13, 0.9826062450562253, -0.18570128480036546, -3.9733069265301957e-10, -1.176512075366709e-11, 0.1857012848003652, 0.9826062450562254, 0.029705660542276524, 0.0, 0.0, 0.0, 1.0], "right_foot_pose": [0.9999999999999998, 3.178347143843321e-14, -1.4821477378746007e-14, 3.86715111170476e-12, -3.3931095687081174e-14, 0.9837880582915233, -0.17933503941783047, -0.13999999999791146, 8.91545466844714e-15, 0.17933503941783022, 0.9837880582915232, -7.729671069878208e-12, 0.0, 0.0, 0.0, 1.0]}, {"left_foot_pose": [1.0000000000000002, 1.2263582472525042e-11, 4.543454501515477e-11, -6.0604153418818785e-12, -3.727758133555912e-12, 0.9830587963830194, -0.183290487625436, 2.326602799307409e-11, -4.691269637825555e-11, 0.18329048762543576, 0.9830587963830194, 0.030000000078218278, 0.0, 0.0, 0.0, 1.0], "right_foot_pose": [1.0, 8.687571749112403e-12, 3.307581986078385e-11, -6.203813427070035e-12, -2.697292905389194e-12, 0.9842178075453135, -0.1769613158594176, -0.13999999999146717, -3.409116459157083e-11, 0.17696131585941746, 0.9842178075453134, 6.142211739224024e-11, 0.0, 0.0, 0.0, 1.0]}, {"left_foot_pose": [1.0000000000000002, 4.592193026571743e-11, 1.7764900661631977e-10, -2.3203364833023624e-11, -1.4049624839455774e-11, 0.9844968823979737, -0.17540207680831899, 8.004984869414145e-11, -1.8294967916311219e-10, 0.17540207680831876, 0.9844968823979735, 0.030000000319905552, 0.0, 0.0, 0.0, 1.0], "right_foot_pose": [0.9999999999999998, 3.2492370089035085e-11, 1.2895007284186004e-10, -2.386498331900971e-11, -1.0068270270414388e-11, 0.9854060969856113, -0.1702199283973064, -0.13999999997351015, -1.3259899007471918e-10, 0.17021992839730626, 0.9854060969856111, 2.523240782981162e-10, 0.0, 0.0, 0.0, 1.0]}, {"left_foot_pose": [1.0000000000000002, 1.8326900589606867e-10, 7.704520355034075e-10, -7.486749039545843e-10, -5.757648463091144e-11, 0.9871051017307749, -0.16007347730675942, -4.8414957459774755e-09, -7.898539148717458e-10, 0.16007347730675914, 0.9871051017307753, 0.02817750486283857, 0.0, 0.0, 0.0, 1.0], "right_foot_pose": [0.9999999999999998, 7.289528946918715e-11, 3.102890167028245e-10, -5.045875803789576e-11, -2.268950870707691e-11, 0.9873073506543779, -0.1588212685500076, -0.14000000015119807, -3.179281349249509e-10, 0.15882126855000744, 0.9873073506543776, 6.370051014448208e-10, 0.0, 0.0, 0.0, 1.0]}, {"left_foot_pose": [1.0000000000000007, 2.744111071726291e-10, 1.3756155103905549e-09, -2.3351009760448385e-09, -8.815418395102434e-11, 0.9910339708830243, -0.133610136426192, -1.3448566097556958e-08, -1.399946045209402e-09, 0.1336101364261918, 0.9910339708830246, 0.02003638863440514, 0.0, 0.0, 0.0, 1.0], "right_foot_pose": [1.0, 1.2032020944944682e-10, 5.709351325045014e-10, -6.909463844953072e-11, -3.7856324901074224e-11, 0.9898247228563546, -0.14229201672033795, -0.1400000004495455, -5.822464800966105e-10, 0.14229201672033776, 0.9898247228563544, 1.2824242431874744e-09, 0.0, 0.0, 0.0, 1.0]}, {"left_foot_pose": [1.0000000000000002, 2.3177128044506572e-10, 1.4964602890188377e-09, -2.3582855333497736e-09, -7.64906104896549e-11, 0.9946873339629687, -0.10294225397591869, -1.4324997212739055e-08, -1.512369144940034e-09, 0.10294225397591845, 0.9946873339629688, 0.009609579736681993, 0.0, 0.0, 0.0, 1.0], "right_foot_pose": [1.0, 1.5983605649720117e-10, 8.915310156787362e-10, -1.1562662513079358e-10, -5.100403702635825e-11, 0.9926816018881746, -0.1207610751555634, -0.14000000056406892, -9.043084634519703e-10, 0.12076107515556322, 0.9926816018881747, 1.964682666555362e-09, 0.0, 0.0, 0.0, 1.0]}, {"left_foot_pose": [1.0000000000000007, 1.5675451938593353e-10, 1.44265599466564e-09, -8.789623730486363e-10, -5.2490828351528183e-11, 0.9974053631611993, -0.07198987107418056, -6.354141985145945e-09, -1.4501978530158785e-09, 0.07198987107418027, 0.9974053631611995, 0.001635673452664084, 0.0, 0.0, 0.0, 1.0], "right_foot_pose": [0.9999999999999999, 1.7647452255396454e-10, 1.2554619566174088e-09, -2.0849456596716908e-10, -5.7140200421959275e-11, 0.9955320681816017, -0.0944240500193841, -0.14000000033543786, -1.2665160489121897e-09, 0.09442405001938392, 0.9955320681816017, 2.5904872483217822e-09, 0.0, 0.0, 0.0, 1.0]}, {"left_foot_pose": [1.0000000000000004, 9.699965459044569e-11, 1.5946740039574067e-09, -2.739962618920689e-10, -3.1876147933077234e-11, 0.9991678515663235, -0.04078730680417931, 3.846155945813612e-10, -1.597303381688774e-09, 0.04078730680417904, 0.9991678515663238, 3.410856624919134e-09, 0.0, 0.0, 0.0, 1.0], "right_foot_pose": [0.9999999999999999, 1.5382803963063512e-10, 1.6179385609049737e-09, -2.8299724759309623e-10, -5.045195043582564e-11, 0.9979690555865217, -0.06370058156521151, -0.1400000000262918, -1.6244516515582255e-09, 0.06370058156521134, 0.9979690555865217, 3.253787184132051e-09, 0.0, 0.0, 0.0, 1.0]}, {"left_foot_pose": [1.0000000000000002, 1.887673219106662e-11, 1.7784564376732703e-09, -3.080616516096612e-10, -6.291860809332096e-12, 0.9999749659577217, -0.007075836194707722, 3.1314503767809754e-10, -1.7785456289026442e-09, 0.007075836194707449, 0.999974965957722, 3.6764509284137326e-09, 0.0, 0.0, 0.0, 1.0], "right_foot_pose": [0.9999999999999999, 7.990056549108543e-11, 1.7879328018111092e-09, -3.070090889011329e-10, -2.6422418837008033e-11, 0.9995531759465724, -0.029890608142364234, -0.1400000001519942, -1.7895222282239812e-09, 0.029890608142364057, 0.9995531759465726, 3.6617152712747902e-09, 0.0, 0.0, 0.0, 1.0]}, {"left_foot_pose": [1.0000000000000002, -6.7667706562945e-11, 1.6798513691185254e-09, -2.9350948611469167e-10, 2.216289131305761e-11, 0.9996334315383719, 0.027074019849664045, 1.8019504811894738e-10, -1.6810678334546515e-09, -0.027074019849664305, 0.9996334315383723, 3.398304374013783e-09, 0.0, 0.0, 0.0, 1.0], "right_foot_pose": [0.9999999999999998, -1.0594361434018339e-11, 1.6732348284698162e-09, -2.8222172211879273e-10, 3.460838191225124e-12, 0.9999909121719032, 0.00426328202269944, -0.14000000025351209, -1.6732649585868567e-09, -0.004263282022699622, 0.9999909121719031, 3.5379474142005485e-09, 0.0, 0.0, 0.0, 1.0]}, {"left_foot_pose": [1.0000000000000004, -1.1714624511570846e-10, 1.3386005082161057e-09, -2.359640822714241e-10, 3.817220375070446e-11, 0.9982670697091359, 0.058846049436950154, 5.784930000307664e-11, -1.3431746044450468e-09, -0.058846049436950446, 0.9982670697091363, 2.686566767662324e-09, 0.0, 0.0, 0.0, 1.0], "right_foot_pose": [0.9999999999999998, -7.094843322319112e-11, 1.32195904223309e-09, -2.1979208907010023e-10, 2.337446896417362e-11, 0.9993534888688587, 0.03595280636668182, -0.14000000027394333, -1.3236552712072459e-09, -0.03595280636668201, 0.9993534888688587, 2.9208945748204762e-09, 0.0, 0.0, 0.0, 1.0]}, {"left_foot_pose": [1.0000000000000007, -1.1104253414556354e-10, 8.487483493802041e-10, -5.291990294931604e-10, 3.761681117353021e-11, 0.9962928977437198, 0.08602593739926973, 3.652207841708943e-10, -8.551548627371694e-10, -0.08602593739926995, 0.9962928977437199, 1.8235020715628991e-09, 0.0, 0.0, 0.0, 1.0], "right_foot_pose": [0.999997219277625, -0.002353274878524355, -0.00015340913794941046, 7.564525470859368e-11, 0.0023582697076811113, 0.9979066696276836, 0.06462752723546517, -0.14011790602296892, 1.0016656371144338e-06, -0.06462770930437718, 0.997909444383139, 0.002700367347920486, 0.0, 0.0, 0.0, 1.0]}, {"left_foot_pose": [1.0000000000000002, -6.663827593355915e-11, 3.4974201312820836e-10, -6.556713206588568e-10, 2.852604389462808e-11, 0.9941659071091951, 0.10786171304847757, 4.365570517930739e-10, -3.548896962473264e-10, -0.10786171304847782, 0.9941659071091952, 1.1409497860381812e-09, 0.0, 0.0, 0.0, 1.0], "right_foot_pose": [0.9999475876543423, -0.010193693662324275, -0.0009542294169044775, 1.4869754533318024e-09, 0.010238258461623469, 0.9956206112923562, 0.09292349774684469, -0.14051190624297907, 2.8168053086185183e-06, -0.09292839705576317, 0.9956727941511266, 0.01045213895938081, 0.0, 0.0, 0.0, 1.0]}, {"left_foot_pose": [1.0000000000000004, -1.0585371079151724e-11, -7.556011372145104e-11, -5.930725440684788e-10, 1.9879669430515197e-11, 0.9922717633314013, 0.12408363185848634, 2.6937213223887646e-10, 7.366244641739216e-11, -0.1240836318584866, 0.9922717633314015, 6.006200398145367e-10, 0.0, 0.0, 0.0, 1.0], "right_foot_pose": [0.9997450166494479, -0.0224165090470401, -0.002720626166661147, 3.6078678926788205e-09, 0.022581002175883796, 0.9924890963800037, 0.12023099395553648, -0.14112912571856528, 5.032641998475742e-06, -0.12026177151924687, 0.9927422154243895, 0.019870157591342967, 0.0, 0.0, 0.0, 1.0]}, {"left_foot_pose": [1.0000000000000004, 3.113046722775096e-11, -3.7948127973308555e-10, -3.6306991054860757e-10, 2.0204076960302898e-11, 0.9909096530074739, 0.13452902875070785, -1.1102447086686063e-12, 3.802192330301561e-10, -0.13452902875070805, 0.990909653007474, 2.0586449905879434e-10, 0.0, 0.0, 0.0, 1.0], "right_foot_pose": [0.9992674520014321, -0.03787290228320848, -0.005495693151184203, 3.779892758466524e-09, 0.03826956125861913, 0.9889371063027602, 0.14331378321220822, -0.14191392395568939, 7.185974627004046e-06, -0.14341911675285693, 0.9896620417587979, 0.027499984535869833, 0.0, 0.0, 0.0, 1.0]}, {"left_foot_pose": [1.0000000000000007, 3.8156769457237806e-11, -5.258860569234977e-10, -6.034550494187218e-12, 3.531817247949572e-11, 0.9902907824027258, 0.13901138905930668, -1.8408174984330117e-10, 5.260840084647651e-10, -0.1390113890593069, 0.9902907824027262, 6.459931894964299e-11, 0.0, 0.0, 0.0, 1.0], "right_foot_pose": [0.9984204348326864, -0.055488524504661615, -0.008812431946093475, 5.399416629948972e-10, 0.056183941069011326, 0.9860865558345747, 0.15645021306556184, -0.14281065491173092, 8.6291848020701e-06, -0.15669820691571892, 0.987646531849799, 0.030000000728069867, 0.0, 0.0, 0.0, 1.0]}, {"left_foot_pose": [1.0000000000000007, 5.410357251166564e-12, -5.034503369749645e-10, 3.0676634416032004e-10, 6.395797015354567e-11, 0.9904763579386612, 0.1376829123913572, -2.1601181780794843e-10, 4.994003109424089e-10, -0.13768291239135735, 0.9904763579386612, 1.1870934096824826e-10, 0.0, 0.0, 0.0, 1.0], "right_foot_pose": [0.9971682504270097, -0.0742209208278786, -0.012113432700817741, 4.144528623290303e-10, 0.07520292718304898, 0.9841666910968848, 0.16050060398175975, -0.14376367548039568, 9.134358031663833e-06, -0.1609570720623064, 0.9869614079940984, 0.030000000579065905, 0.0, 0.0, 0.0, 1.0]}, {"left_foot_pose": [1.0000000000000004, -6.069508711878976e-11, -3.1708358161352976e-10, 5.831048609288209e-10, 1.0160546437167283e-10, 0.991427121252688, 0.13066087113060654, -2.3580605090084417e-10, 3.064346266203442e-10, -0.13066087113060673, 0.991427121252688, 3.6989989543601e-10, 0.0, 0.0, 0.0, 1.0], "right_foot_pose": [0.9955525781610503, -0.09301555915356763, -0.014938871183419479, 2.1261373000722172e-10, 0.09420755829825857, 0.9829706484287121, 0.15777718557230522, -0.14471735063374963, 8.738756274558382e-06, -0.15848283844942526, 0.9873617320114486, 0.030000000586480974, 0.0, 0.0, 0.0, 1.0]}, {"left_foot_pose": [1.0000000000000007, -1.465766069966018e-10, 4.143113629951072e-11, 8.573189730335133e-10, 1.4068144026843076e-10, 0.9930487911420006, 0.11770343415301014, -1.8627051290298624e-11, -5.839579856437837e-11, -0.11770343415301038, 0.993048791142001, 9.265544650971513e-10, 0.0, 0.0, 0.0, 1.0], "right_foot_pose": [0.9936986070904653, -0.1108764998240436, -0.016415847624707627, -2.4009492084363024e-09, 0.11208513823166028, 0.982992942039606, 0.14547095135424368, -0.14561603642877563, 7.352440453041992e-06, -0.14639425428304226, 0.9892263250939358, 0.027629920053015615, 0.0, 0.0, 0.0, 1.0]}, {"left_foot_pose": [1.0000000000000002, -2.1550315699831732e-10, 5.310767936528336e-10, 9.599504508550619e-10, 1.6210831533343776e-10, 0.9951305756149897, 0.09856539695136328, 3.2604296085897433e-10, -5.497319678233444e-10, -0.09856539695136357, 0.9951305756149899, 1.7880742858578103e-09, 0.0, 0.0, 0.0, 1.0], "right_foot_pose": [0.9918086672320752, -0.12676317937487722, -0.015705539089978567, -1.3393687937164264e-09, 0.12773240613346828, 0.9842878467508654, 0.12190925790070044, -0.14640409464409398, 5.166126211742727e-06, -0.12291676489933143, 0.9924169833693864, 0.02008376520378348, 0.0, 0.0, 0.0, 1.0]}, {"left_foot_pose": [1.0000000000000004, -2.2593642978507769e-10, 1.088051926334548e-09, 7.98041062734067e-10, 1.4537200527019045e-10, 0.9972964312063035, 0.07348352402526362, 5.774031617417075e-10, -1.101713066722039e-09, -0.07348352402526388, 0.9972964312063036, 2.749641715704687e-09, 0.0, 0.0, 0.0, 1.0], "right_foot_pose": [0.9901435509984381, -0.13944270146473797, -0.013095091615531271, 4.1195135172013286e-10, 0.14005623302099687, 0.985808027435064, 0.09255692646450546, -0.14702589314287182, 2.858569104590043e-06, -0.09347869304180312, 0.9956212803767428, 0.010668137821650311, 0.0, 0.0, 0.0, 1.0]}, {"left_foot_pose": [1.0000000000000004, -1.4241114901252678e-10, 1.5993413815529354e-09, 3.287703842223385e-10, 7.341999108228756e-11, 0.9990727092010958, 0.0430548688255311, 5.739260611897778e-10, -1.6039900380058422e-09, -0.04305486882553136, 0.999072709201096, 3.566865101889416e-09, 0.0, 0.0, 0.0, 1.0], "right_foot_pose": [0.9889917459735377, -0.14769152454322707, -0.009085151309184965, 3.516449323566484e-10, 0.14797069437987656, 0.9871262630177816, 0.06071585019816885, -0.14742579424844732, 9.749810810823444e-07, -0.061391810843521306, 0.9981137437989732, 0.002837476581478225, 0.0, 0.0, 0.0, 1.0]}, {"left_foot_pose": [1.0000000000000004, 1.496585187576829e-10, 1.6422210258326661e-09, -1.1458894130813701e-09, -1.6424614674090393e-10, 0.999960512944618, 0.008886650186531711, 2.6709632075516687e-10, -1.6408264524646077e-09, -0.008886650186531973, 0.999960512944618, 3.810867427178621e-09, 0.0, 0.0, 0.0, 1.0], "right_foot_pose": [0.9886211454392253, -0.1503688935654, -0.004174522529709533, -1.3127040936460749e-09, 0.1504268286923368, 0.9882403893166017, 0.027435417491582282, -0.14755000041615485, -1.6027431077585194e-09, -0.027751194051580542, 0.9996148614485039, 4.004745493557671e-09, 0.0, 0.0, 0.0, 1.0]}, {"left_foot_pose": [1.0000000000000002, 5.691976853418625e-10, -2.1464642285806806e-09, -4.7432326182909415e-09, -6.235846469244837e-10, 0.9996767631527418, -0.025423792251707957, -2.6016054588406945e-10, 2.131299169165913e-09, 0.025423792251707683, 0.9996767631527417, 3.8967064089345804e-09, 0.0, 0.0, 0.0, 1.0], "right_foot_pose": [0.9886211454208218, -0.1504236604800416, 0.0009763168577115047, -5.098253265086242e-09, 0.15042682881328542, 0.988600322703621, -0.0064164728219322275, -0.14754999926245813, 2.1686510465855356e-09, 0.006490324959602544, 0.9999789376191476, 4.323133233341547e-09, 0.0, 0.0, 0.0, 1.0]}, {"left_foot_pose": [1.0000000000000004, 2.5665540884007957e-10, 8.608895263328927e-10, -1.9931086197825355e-09, -2.0613571294814001e-10, 0.9983062383243101, -0.05817778375605993, 3.746005641097616e-10, -8.743632222695767e-10, 0.058177783756059656, 0.9983062383243101, 3.500492812280598e-09, 0.0, 0.0, 0.0, 1.0], "right_foot_pose": [0.9886211454273206, -0.15031149467003918, 0.005889429856213148, -2.0321410407284773e-09, 0.15042682877057692, 0.9878631576447454, -0.03870595502219976, -0.14755000000448784, -8.224678091899765e-10, 0.03915145384544223, 0.9992332879071777, 3.3270597180057315e-09, 0.0, 0.0, 0.0, 1.0]}, {"left_foot_pose": [0.9999936891249355, -0.003538541215801972, 0.0003169169712503709, -0.00026110394029999135, 0.0035527038346056194, 0.99606711902411, -0.08853063139091374, -1.9756788481147675e-05, -2.401286485490783e-06, 0.08853119859729833, 0.996073404357912, 0.0020582518266912125, 0.0, 0.0, 0.0, 1.0], "right_foot_pose": [0.9886211454531381, -0.15007244175165224, 0.010319544060783342, 3.815666311558774e-10, 0.15042682860090328, 0.9862920778233134, -0.06782113579147368, -0.14755000035953836, -1.1033024782222189e-09, 0.06860174523777024, 0.9976441252021345, 2.2595569373895508e-09, 0.0, 0.0, 0.0, 1.0]}, {"left_foot_pose": [0.9998359030664846, -0.01798972254093531, 0.002129981720084562, -0.001331448893697271, 0.018115377273996338, 0.9929443026234591, -0.11718978195147543, -0.00010072744762378016, -6.741551710481985e-06, 0.11720913689006365, 0.9931072541191303, 0.009386885010908369, 0.0, 0.0, 0.0, 1.0], "right_foot_pose": [0.9886211454584717, -0.14977322591563075, 0.014007553362538186, 9.407951830769923e-10, 0.15042682856584766, 0.9843255995120612, -0.09205912987228539, -0.1475500003127725, -5.053194563389141e-10, 0.09311871425254237, 0.9956550130722756, 1.4500285971941196e-09, 0.0, 0.0, 0.0, 1.0]}, {"left_foot_pose": [0.9991235584357805, -0.04142207165525938, 0.006027184949130514, -0.003077237215202706, 0.04185827088980609, 0.988751978620155, -0.14358763850988426, -0.00023278506879736982, -1.169359279663171e-05, 0.14371407987568938, 0.9896192515855502, 0.018788170518873416, 0.0, 0.0, 0.0, 1.0], "right_foot_pose": [0.9886211454586084, -0.14947982820069255, 0.01685264706804681, 1.0938644595150093e-09, 0.15042682856494957, 0.9823973580548443, -0.1107573931381248, -0.1475500000649302, 1.4236341978990044e-10, 0.11203219112359289, 0.993704577906355, 7.993792849880776e-10, 0.0, 0.0, 0.0, 1.0]}, {"left_foot_pose": [0.9973665413861759, -0.07152831633410629, 0.011986746255186833, -0.005334898338977373, 0.0725257323866133, 0.9836872356085515, -0.16461907739564183, -0.000403557582065589, -1.6283845121772287e-05, 0.1650549074193641, 0.9862843795131414, 0.02680766926966549, 0.0, 0.0, 0.0, 1.0], "right_foot_pose": [0.9886211454563034, -0.14924623439844656, 0.018809366670631513, 8.990179208717697e-10, 0.15042682858009845, 0.9808621541104094, -0.12361716659599188, -0.14754999978971972, 7.114489964698791e-10, 0.12503997821405535, 0.9921517040494506, 3.1724986526704413e-10, 0.0, 0.0, 0.0, 1.0]}, {"left_foot_pose": [0.9941685437499762, -0.10615541950688191, 0.018971914172544357, -0.00794086500095044, 0.10783740653721977, 0.9786933876920698, -0.17472935254028513, -0.0006006782151357117, -1.9219233450960213e-05, 0.175756307986765, 0.9844337051490485, 0.030000000196275516, 0.0, 0.0, 0.0, 1.0], "right_foot_pose": [0.9886211454546011, -0.14911156501582024, 0.019848726371359555, 4.6223755031937763e-10, 0.1504268285912865, 0.9799770921262164, -0.1304479518728174, -0.14754999966645643, 1.1050502178478417e-09, 0.13194938456233105, 0.9912564551687025, 1.0444999726244575e-10, 0.0, 0.0, 0.0, 1.0]}, {"left_foot_pose": [0.9893581557820968, -0.14321394246642785, 0.025694479381212724, -0.010731572644955032, 0.14550065012382699, 0.973833556397126, -0.17457882245126566, -0.0008117780191725342, -2.0024801186748618e-05, 0.17645954527355381, 0.9843078931314422, 0.030000000128537797, 0.0, 0.0, 0.0, 1.0], "right_foot_pose": [0.9886211454556583, -0.14909240122857254, 0.019992164811253998, -1.509590195902799e-12, 0.1504268285843386, 0.9798511455806109, -0.13139064558187694, -0.1475499996702582, 1.255830615642445e-09, 0.13290292848640578, 0.9911290590027807, 7.87139242675039e-11, 0.0, 0.0, 0.0, 1.0]}, {"left_foot_pose": [0.9830687423488542, -0.1805320482406894, 0.03136921061590158, -0.013543448139160554, 0.1832371344891347, 0.9685736695575434, -0.16819393325577112, -0.0010244788482153648, -1.8996165045204357e-05, 0.17109420270090167, 0.9852546744072264, 0.030000000257701838, 0.0, 0.0, 0.0, 1.0], "right_foot_pose": [0.9886211454600334, -0.14918746659164386, 0.019269939316406526, -4.98560134148951e-10, 0.15042682855558323, 0.9804759255955577, -0.126644102027072, -0.147549999719762, 1.1527685083190864e-09, 0.1281017530695867, 0.9917610301178902, 2.5008526499670225e-10, 0.0, 0.0, 0.0, 1.0]}, {"left_foot_pose": [0.975766355834484, -0.21625125164970058, 0.03339782899275586, -0.016212921926571807, 0.21881503280069028, 0.9643444785361963, -0.14886137221316245, -0.001226412011122887, -1.5553920872021173e-05, 0.1525618657354797, 0.9882939223132893, 0.028234484191589963, 0.0, 0.0, 0.0, 1.0], "right_foot_pose": [0.9886211454618616, -0.14946970475388535, 0.016942198985447677, -7.471312566016686e-10, 0.15042682854356854, 0.9823308258141075, -0.11134593800268322, -0.14755000017223166, 1.58323603420906e-10, 0.1126275100326729, 0.9936372798883101, 7.403934132454992e-10, 0.0, 0.0, 0.0, 1.0]}, {"left_foot_pose": [0.9682263256338458, -0.24805454113658731, 0.03172896107816692, -0.018576427538958884, 0.2500755530427735, 0.9604070571015542, -0.1228026972011769, -0.0014052038660710316, -1.0951429399007043e-05, 0.1268354417781162, 0.9919237725697562, 0.021135375621345105, 0.0, 0.0, 0.0, 1.0], "right_foot_pose": [0.9886211454678764, -0.14974891889890474, 0.014265062999966915, -9.036401232322133e-10, 0.15042682850403974, 0.984165851481892, -0.09375151221787856, -0.1475500005403093, -2.7404055412951716e-10, 0.09483057558367988, 0.9954934263642669, 1.4942608400625446e-09, 0.0, 0.0, 0.0, 1.0]}, {"left_foot_pose": [0.9614611983050696, -0.27367248826535895, 0.026376757200743308, -0.020470390486871777, 0.27494065562558756, 0.957028595128825, -0.09221661450043028, -0.0015484724273475692, -6.160538141549453e-06, 0.09591473959926938, 0.9953895532351408, 0.011760390143123314, 0.0, 0.0, 0.0, 1.0], "right_foot_pose": [0.9886211454701956, -0.15004377472533453, 0.010728298810678681, -8.842942875349202e-10, 0.1504268284887977, 0.9861036757026955, -0.07050751758809098, -0.14755000077168706, -8.058172476525171e-10, 0.07131904676736885, 0.9974535545919889, 2.377470810499549e-09, 0.0, 0.0, 0.0, 1.0]}, {"left_foot_pose": [0.9566032129096201, -0.29081118068534867, 0.01841603212926528, -0.021731240797237206, 0.291393707972433, 0.9546913487154404, -0.06044944699474952, -0.001643842659693603, -2.2514991557601375e-06, 0.06319245110207296, 0.9980013597779537, 0.003563966110376973, 0.0, 0.0, 0.0, 1.0], "right_foot_pose": [0.9886211454655209, -0.15029074103067772, 0.0063971789791186316, -6.764980893178563e-10, 0.15042682851952008, 0.9877267643722453, -0.04204293286979558, -0.14755000071572183, -1.3580503533907889e-09, 0.04252683979776767, 0.999095324729735, 3.2295914068058984e-09, 0.0, 0.0, 0.0, 1.0]}, {"left_foot_pose": [0.9547438076547531, -0.29729830568943844, 0.008830582035957392, -0.022195412222484688, 0.29742942313245413, 0.9543229245459742, -0.028345968692484423, -0.0016789447776406237, -1.8408596794465255e-08, 0.02968961300200331, 0.9995591662727085, 5.653140327938067e-07, 0.0, 0.0, 0.0, 1.0], "right_foot_pose": [0.9886211454513235, -0.1504199058518324, 0.0014431528121298678, -2.5456445718746723e-10, 0.15042682861282852, 0.988575648439659, -0.009484542455728022, -0.147550000264753, -1.7438107210464105e-09, 0.009593708127395762, 0.999953979323232, 3.6921362495112575e-09, 0.0, 0.0, 0.0, 1.0]}, {"left_foot_pose": [0.9547435384714785, -0.29742660270835575, -0.0014804554456907982, -0.022195472946493884, 0.29743028720518866, 0.9547317113495031, 0.004752220185250684, -0.0016789498837999385, 1.056219562037437e-09, -0.004977483803668367, 0.9999876122507645, 4.465811352660776e-09, 0.0, 0.0, 0.0, 1.0], "right_foot_pose": [0.9886211453454169, -0.15038034661551344, -0.0037392950824805503, 5.083025724937282e-09, 0.15042682930885654, 0.9883156563109535, 0.02457503844825854, -0.14754999831930082, 1.073643367280079e-09, -0.024857892960732944, 0.999690994836681, 3.979015297805866e-09, 0.0, 0.0, 0.0, 1.0]}, {"left_foot_pose": [0.9547435384655878, -0.2972091460733934, -0.011467312175620631, -0.02219547606564867, 0.2974302872240976, 0.9540336809837804, 0.036809778460758356, -0.0016789498343377073, -7.775753896228832e-10, -0.038554624091842314, 0.9992564940800426, 3.4938483425839273e-09, 0.0, 0.0, 0.0, 1.0], "right_foot_pose": [0.9886211454042283, -0.15017110639896764, -0.008767534576008757, 2.4728853593742467e-09, 0.15042682892234205, 0.9869405094212654, 0.05762117669452729, -0.14754999961436974, -8.154129933023576e-10, -0.05828438612701918, 0.9983000202012401, 3.5424399039141186e-09, 0.0, 0.0, 0.0, 1.0]}, {"left_foot_pose": [0.954743538408249, -0.2967389370951236, -0.020267685594408065, -0.022195479232273947, 0.2974302874081551, 0.9525243215288909, 0.06505875058921368, -0.0016789497309077916, -1.0288057775518309e-09, -0.06814264529340876, 0.9976755885018026, 2.33299679575083e-09, 0.0, 0.0, 0.0, 1.0], "right_foot_pose": [0.9882348253473394, -0.15234439658331694, -0.01353199173729921, 0.0001829164475999096, 0.15294420540361317, 0.9843603974052273, 0.0874224116212794, -0.14750784093127473, 2.04221790971969e-06, -0.08846351140378794, 0.9960794180917207, 0.0014926370824811866, 0.0, 0.0, 0.0, 1.0]}, {"left_foot_pose": [0.9547435384024324, -0.2961538115787822, -0.027526274106079517, -0.022195479583585323, 0.29743028742682553, 0.9506460837933358, 0.08835862996669273, -0.0016789496548762946, -3.7014917011780374e-10, -0.09254697864195242, 0.9957083191096915, 1.5297268660119379e-09, 0.0, 0.0, 0.0, 1.0], "right_foot_pose": [0.986107326401601, -0.1649717123502248, -0.019408115346966185, 0.0011407353149377492, 0.16610942410627874, 0.9793577657162801, 0.11517823559291225, -0.14728710080761756, 6.337731728019344e-06, -0.1168019728234533, 0.993155224073449, 0.008350319750843486, 0.0, 0.0, 0.0, 1.0]}, {"left_foot_pose": [0.954743538404838, -0.29557665567060537, -0.03315443404418226, -0.0221954795561851, 0.2974302874191025, 0.9487934284844775, 0.10642487580665658, -0.0016789498329148706, 2.7515089848067157e-10, -0.1114695953489218, 0.9937678447770127, 8.675246770950551e-10, 0.0, 0.0, 0.0, 1.0], "right_foot_pose": [0.9820662439941295, -0.1865935442348547, -0.026995215448995805, 0.002777434245986937, 0.18853618294580743, 0.9719558034220391, 0.14055612371733603, -0.14690991596979433, 1.1291031949297074e-05, -0.14312499936801193, 0.989704619787348, 0.017687060129877273, 0.0, 0.0, 0.0, 1.0]}, {"left_foot_pose": [0.9547435384094735, -0.29510662535848936, -0.03710600402742374, -0.02219547922088956, 0.297430287404224, 0.9472846436128775, 0.11910931160016429, -0.0016789501116780282, 8.05918473292638e-10, -0.12475529505695646, 0.9921875409191818, 3.601365039518356e-10, 0.0, 0.0, 0.0, 1.0], "right_foot_pose": [0.9759658215457039, -0.21494420221510793, -0.03591246453154077, 0.004933165261903939, 0.21792364470043396, 0.962634532436708, 0.16076082246878284, -0.14641312340332066, 1.597176997236677e-05, -0.1647232433339974, 0.9863398262518001, 0.026048417889906396, 0.0, 0.0, 0.0, 1.0]}, {"left_foot_pose": [0.9547435384109418, -0.2948197665441181, -0.039320238013350266, -0.022195478665596135, 0.2974302873995098, 0.94636383441539, 0.12621694437771067, -0.0016789503046172006, 1.1410911773273293e-09, -0.13219984177552063, 0.9912230837881697, 1.1566013424779698e-10, 0.0, 0.0, 0.0, 1.0], "right_foot_pose": [0.9677382945820865, -0.24800536807136855, -0.04445144100183971, 0.007448080364139037, 0.2519575218834664, 0.95257193581612, 0.1706578866090632, -0.14583355511334717, 1.9123222176002517e-05, -0.1763520470630107, 0.9843271585865077, 0.029979952643488877, 0.0, 0.0, 0.0, 1.0]}, {"left_foot_pose": [0.9547435384190277, -0.2948582430841264, -0.039030658878079494, -0.022195478334626158, 0.2974302873735541, 0.9464873429331144, 0.12528740487494805, -0.0016789500749764732, 5.324452200959196e-10, -0.13122624033613176, 0.9913524468357583, 4.8373971495152546e-11, 0.0, 0.0, 0.0, 1.0], "right_foot_pose": [0.9575278018386116, -0.283899086052104, -0.05041644220783547, 0.010162334992110705, 0.28834095843939916, 0.942789159975695, 0.1673561815965335, -0.1452080428425448, 1.980819766257182e-05, -0.1747853219555444, 0.9846065665211317, 0.030000000057304972, 0.0, 0.0, 0.0, 1.0]}, {"left_foot_pose": [0.9547435384084559, -0.2950483248369252, -0.03756676560772842, -0.02219547803808087, 0.2974302874074897, 0.9470975002608846, 0.12058834575647322, -0.001678950014868846, 3.896625947020336e-10, -0.1263044378100342, 0.9919915266722253, 2.3419637062982446e-10, 0.0, 0.0, 0.0, 1.0], "right_foot_pose": [0.9457715255123238, -0.32017648321198117, -0.054801835079672644, 0.012916081329009054, 0.3248326048529604, 0.9322246967355384, 0.15950201760722113, -0.14457342973956722, 1.8829025003346065e-05, -0.16865388935432768, 0.9856753346062415, 0.030000000261769202, 0.0, 0.0, 0.0, 1.0]}, {"left_foot_pose": [0.9547435383966706, -0.2954423029308323, -0.03433105778637706, -0.02219547781324164, 0.29743028744531974, 0.948362159494734, 0.11020180828226167, -0.0016789498059203278, 7.397345088694734e-11, -0.1154255607628223, 0.9933161329217348, 7.006371802176226e-10, 0.0, 0.0, 0.0, 1.0], "right_foot_pose": [0.9332285307227481, -0.3549417771479086, -0.05568522497166259, 0.015549471401793141, 0.3592833271786801, 0.9219583810685391, 0.14459679937293288, -0.14396654998355166, 1.6014924983086277e-05, -0.15494863152852664, 0.9879225280005309, 0.02875973631065923, 0.0, 0.0, 0.0, 1.0]}, {"left_foot_pose": [0.9547435383883932, -0.29599005306624054, -0.02923464368614101, -0.022195477770608343, 0.297430287471891, 0.9501204230280815, 0.0938424522235475, -0.001678949443367211, -3.8736279141714554e-10, -0.0982907433626609, 0.9951577411492195, 1.5149657986435194e-09, 0.0, 0.0, 0.0, 1.0], "right_foot_pose": [0.920958347264944, -0.3863440459320763, -0.050734611222084704, 0.017902659777547632, 0.389661035350331, 0.9131225384808921, 0.11988122141486418, -0.14342423959960987, 1.152087525342855e-05, -0.13017491267923045, 0.9914910448290614, 0.02215548684697992, 0.0, 0.0, 0.0, 1.0]}, {"left_foot_pose": [0.9547435383898991, -0.2965912759688175, -0.022324670701373017, -0.02219547794947182, 0.29743028746705696, 0.9520503329222497, 0.0716616192944179, -0.001678949204855982, -9.309016063846608e-10, -