{"LoopMode": "Wrap", "FrameDuration": 0.0167, "EnableCycleOffsetPosition": true, "EnableCycleOffsetRotation": false, "Debug_info": [{"left_foot_pose": [1.0000000000000007, -1.0658006258607588e-13, 9.142298029729549e-12, -1.722971572819902e-12, 2.7245352964101267e-14, 0.9999620375649145, 0.008713405133775453, 1.0063824773531849e-13, -9.143051227951343e-12, -0.00871340513377572, 0.9999620375649145, 2.138260402073655e-11, 0.0, 0.0, 0.0, 1.0], "right_foot_pose": [0.9999999999999998, 2.0330993004855253e-13, 9.115097565626227e-12, -1.4263834224087668e-12, -7.482640223092434e-14, 0.9999007561195519, -0.014088218891978622, -0.14000000000225418, -9.11728671130482e-12, 0.014088218891978437, 0.9999007561195519, 1.646403846589095e-11, 0.0, 0.0, 0.0, 1.0]}, {"left_foot_pose": [1.0000000000000007, -1.499402566464662e-13, 2.0025481273222574e-11, -3.673529773327129e-12, 3.7084552872631565e-14, 0.9999840273199926, 0.005652000078677357, 1.1308575603719007e-12, -2.0026203881862947e-11, -0.005652000078677626, 0.9999840273199928, 4.535542080796873e-11, 0.0, 0.0, 0.0, 1.0], "right_foot_pose": [1.0, 5.283245331858379e-13, 2.0006163392594086e-11, -3.247816324708134e-12, -1.8508230377158995e-13, 0.9998529161651509, -0.017150686168299432, -0.1400000000040077, -2.0012318406275323e-11, 0.017150686168299248, 0.999852916165151, 3.7861956625473425e-11, 0.0, 0.0, 0.0, 1.0]}, {"left_foot_pose": [1.0000000000000007, -4.706668135872106e-14, 3.472994114517292e-11, -6.285663234849384e-12, -1.8863759756780958e-15, 0.9999989931392242, 0.0014190562140248466, 2.9221538383472634e-12, -3.473023288014902e-11, -0.0014190562140251166, 0.9999989931392244, 7.765300902295991e-11, 0.0, 0.0, 0.0, 1.0], "right_foot_pose": [0.9999999999999998, 1.1288810181796999e-12, 3.475775223193977e-11, -5.758099853849767e-12, -3.852344639053992e-13, 0.9997712852838804, -0.021386377014773306, -0.14000000000594884, -3.477391197974704e-11, 0.021386377014773125, 0.9997712852838803, 6.725757450976033e-11, 0.0, 0.0, 0.0, 1.0]}, {"left_foot_pose": [1.0000000000000007, 3.4820169940840056e-13, 5.300815342224042e-11, -9.516705140848949e-12, -1.3810599902016576e-13, 0.999992170461619, -0.003957147389334504, 5.611146963735436e-12, -5.3009446150024684e-11, 0.003957147389334231, 0.9999921704616193, 1.1803875932248076e-10, 0.0, 0.0, 0.0, 1.0], "right_foot_pose": [0.9999999999999998, 2.144215699482129e-12, 5.314687578916731e-11, -8.930020640928755e-12, -7.20754608237804e-13, 0.9996416673109121, -0.026768208305002084, -0.1400000000078534, -5.3185352172510854e-11, 0.026768208305001904, 0.9996416673109119, 1.0414911294498452e-10, 0.0, 0.0, 0.0, 1.0]}, {"left_foot_pose": [1.0000000000000004, 1.2165690375628237e-12, 7.502354293364987e-11, -1.3395220936837315e-11, -4.3140834726104225e-13, 0.9999452905958043, -0.010460201492967952, 9.423288538368269e-12, -7.50324312217405e-11, 0.010460201492967681, 0.9999452905958042, 1.6724661933142926e-10, 0.0, 0.0, 0.0, 1.0], "right_foot_pose": [1.0, 3.763911817550391e-12, 7.537120927381122e-11, -1.2809910367630228e-11, -1.253332448969464e-12, 0.9994460251932097, -0.03328126688534944, -0.1400000000095028, -7.545486146550575e-11, 0.03328126688534925, 0.9994460251932096, 1.488851611441966e-10, 0.0, 0.0, 0.0, 1.0]}, {"left_foot_pose": [1.0000000000000004, 2.7947918865072237e-12, 1.0135214889572805e-10, -1.802133690178346e-11, -9.598974805892509e-13, 0.9998362474692034, -0.018096360040147717, 1.469768577677666e-11, -1.0138621845707758e-10, 0.018096360040147447, 0.9998362474692035, 2.2704524371697232e-10, 0.0, 0.0, 0.0, 1.0], "right_foot_pose": [0.9999999999999998, 6.250488888810864e-12, 1.0205103428972958e-10, -1.752096298851223e-11, -2.0678831000654814e-12, 0.999161867426511, -0.0409336375218121, -0.14000000001064833, -1.0222137313021996e-10, 0.040933637521811915, 0.999161867426511, 2.0270304185165955e-10, 0.0, 0.0, 0.0, 1.0]}, {"left_foot_pose": [1.0000000000000004, 5.4082014944944365e-12, 1.329401033700605e-10, -2.355992129708229e-11, -1.830207698985773e-12, 0.9996382078885345, -0.026897087749413517, 2.1910187206208853e-11, -1.3303770077378626e-10, 0.02689708774941325, 0.9996382078885347, 3.002550499897616e-10, 0.0, 0.0, 0.0, 1.0], "right_foot_pose": [0.9999999999999998, 9.972302399534746e-12, 1.3419504396594556e-10, -2.325968669779085e-11, -3.2824965987160524e-12, 0.9987612527114377, -0.04975902010972026, -0.1400000000109611, -1.345249992699046e-10, 0.049759020109720074, 0.9987612527114378, 2.6768009336874954e-10, 0.0, 0.0, 0.0, 1.0]}, {"left_foot_pose": [1.0000000000000007, 9.51022470406776e-12, 1.7102480542874317e-10, -3.022870845684527e-11, -3.1896238286676163e-12, 0.9993183223462844, -0.036917348537078294, 3.1687050552897666e-11, -1.7125935974234084e-10, 0.03691734853707801, 0.9993183223462849, 3.9074653235271484e-10, 0.0, 0.0, 0.0, 1.0], "right_foot_pose": [1.0, 1.544323820452453e-11, 1.7312701272587098e-10, -3.0286660722404795e-11, -5.0599217997891375e-12, 0.9982094732408767, -0.059815111235972704, -0.14000000000997112, -1.7374102807725716e-10, 0.059815111235972517, 0.9982094732408765, 3.466308559629816e-10, 0.0, 0.0, 0.0, 1.0]}, {"left_foot_pose": [1.0000000000000007, 1.571562646625051e-11, 2.1691837215342934e-10, -3.8264538337641266e-11, -5.235145906506872e-12, 0.9988362843902548, -0.048229420331067384, 4.477155451931836e-11, -2.174242074550937e-10, 0.0482294203310671, 0.9988362843902552, 5.032066152654835e-10, 0.0, 0.0, 0.0, 1.0], "right_foot_pose": [0.9999999999999998, 2.335279092625362e-11, 2.20277629470189e-10, -3.889270231844507e-11, -7.614703059058583e-12, 0.9974636644415897, -0.07117751132735559, -0.14000000000700474, -2.2138119397472396e-10, 0.07117751132735542, 0.9974636644415896, 4.4275836469376273e-10, 0.0, 0.0, 0.0, 1.0]}, {"left_foot_pose": [1.0000000000000007, 2.477619107278054e-11, 2.7135477198569855e-10, -4.7818537615589096e-11, -8.202228277116916e-12, 0.9981433974375189, -0.06090778400079939, 6.182765063811324e-11, -2.7236030301074803e-10, 0.06090778400079911, 0.9981433974375193, 6.419701367721409e-10, 0.0, 0.0, 0.0, 1.0], "right_foot_pose": [0.9999999999999998, 3.4523805685740806e-11, 2.7652286016532897e-10, -4.928394020061434e-11, -1.1194858111337861e-11, 0.9964721042522005, -0.083924641477887, -0.14000000000116047, -2.784448634313731e-10, 0.08392464147788686, 0.9964721042522003, 5.584510909262264e-10, 0.0, 0.0, 0.0, 1.0]}, {"left_foot_pose": [1.0000000000000004, 3.732449741749845e-11, 3.326104391909717e-10, -5.864537414302252e-11, -1.2275675355275763e-11, 0.9971840789425104, -0.07499275100686713, 8.276873630919113e-11, -3.344731436985448e-10, 0.07499275100686682, 0.9971840789425109, 8.068447576725646e-10, 0.0, 0.0, 0.0, 1.0], "right_foot_pose": [1.0, 4.9589906712819045e-11, 3.4025393613745765e-10, -6.123259531591081e-11, -1.597133801760097e-11, 0.9951764478890003, -0.09810115986588526, -0.13999999999147691, -3.4347769935139153e-10, 0.09810115986588508, 0.9951764478890003, 6.91530915863936e-10, 0.0, 0.0, 0.0, 1.0]}, {"left_foot_pose": [1.0000000000000004, 5.286157075845026e-11, 3.9145658936590073e-10, -6.924584898235082e-11, -1.7256164434225082e-11, 0.9959053255143586, -0.09040233742631124, 1.0484770517071862e-10, -3.9463281129466315e-10, 0.0904023374263109, 0.9959053255143585, 9.802439346340286e-10, 0.0, 0.0, 0.0, 1.0], "right_foot_pose": [1.0, 6.777605084689197e-11, 4.0213044005810125e-10, -7.310645870013189e-11, -2.1643370517844172e-11, 0.9935232610539002, -0.11362891245111889, -0.1399999999777764, -4.0722749242113675e-10, 0.11362891245111867, 0.9935232610539001, 8.24582263581064e-10, 0.0, 0.0, 0.0, 1.0]}, {"left_foot_pose": [1.0000000000000002, 6.669926479093678e-11, 4.1916803361630054e-10, -7.475318626580848e-11, -2.1585154594069946e-11, 0.9942893050840792, -0.10671821679272894, 1.1813524984638502e-10, -4.238924650579722e-10, 0.10671821679272865, 0.9942893050840789, 1.0925186935684117e-09, 0.0, 0.0, 0.0, 1.0], "right_foot_pose": [0.9999999999999999, 8.328390989099312e-11, 4.324854363524362e-10, -7.949413063831315e-11, -2.631410548255194e-11, 0.9915021881240561, -0.13009001093554073, -0.1399999999633742, -4.396447839457381e-10, 0.13009001093554054, 0.9915021881240561, 8.980818172465987e-10, 0.0, 0.0, 0.0, 1.0]}, {"left_foot_pose": [1.0000000000000004, 6.352026600611513e-11, 3.4792163594587914e-10, -6.320405193005343e-11, -2.0362401092743033e-11, 0.9924481271661694, -0.12266505160135767, 9.88841057647516e-11, -3.5308600045362366e-10, 0.12266505160135738, 0.9924481271661696, 9.541493983800109e-10, 0.0, 0.0, 0.0, 1.0], "right_foot_pose": [0.9999999999999998, 7.779747459839094e-11, 3.6047553830798015e-10, -6.715262299276137e-11, -2.4260640331232123e-11, 0.9892553092322168, -0.14619826659667015, -0.1399999999608077, -3.679761724997766e-10, 0.14619826659667, 0.9892553092322168, 7.624326031629991e-10, 0.0, 0.0, 0.0, 1.0]}, {"left_foot_pose": [1.0000000000000004, 1.1630606711049151e-10, 5.182138607118227e-10, -5.371781021462354e-10, -3.564830937356196e-11, 0.9882258033839282, -0.15300248862744367, -3.973291175241034e-09, -5.299075322735574e-10, 0.1530024886274434, 0.9882258033839283, 0.0027585238283139926, 0.0, 0.0, 0.0, 1.0], "right_foot_pose": [1.0000000000000002, 7.514922325609983e-11, 2.8874119761823584e-10, -2.9070652861700757e-11, -2.287560967211602e-11, 0.9842228764595662, -0.1769331214150078, -0.14000000013089803, -2.974820850613152e-10, 0.1769331214150076, 0.9842228764595662, 4.743171133636537e-10, 0.0, 0.0, 0.0, 1.0]}, {"left_foot_pose": [1.0000000000000007, 1.1965614703593625e-10, 4.79172646006274e-10, -9.754025007895976e-10, -3.5962015910429566e-11, 0.9852735096268975, -0.17098570474603098, -5.854599426785567e-09, -4.925757148040526e-10, 0.17098570474603075, 0.9852735096268974, 0.00908448297677613, 0.0, 0.0, 0.0, 1.0], "right_foot_pose": [0.9999999999999998, 3.889198919547484e-11, 1.4067474962686762e-10, 1.1841463831234789e-11, -1.171049512053757e-11, 0.982115875033858, -0.18827747609971776, -0.1400000001482936, -1.4548161393721504e-10, 0.18827747609971757, 0.9821158750338581, 2.1762289886817499e-10, 0.0, 0.0, 0.0, 1.0]}, {"left_foot_pose": [1.0000000000000004, 6.718899378839903e-11, 2.4857943481393244e-10, -6.549956102359982e-10, -1.9708434470016115e-11, 0.9824975751661219, -0.18627537355402607, -3.5740743455081603e-09, -2.567445961628035e-10, 0.18627537355402576, 0.9824975751661218, 0.015819257195568273, 0.0, 0.0, 0.0, 1.0], "right_foot_pose": [0.9999999999999998, 1.0497562098996083e-11, 3.664019088134289e-11, 2.2617005510210855e-11, -3.1399750971837636e-12, 0.9807455991471584, -0.19528970723896702, -0.14000000006716126, -3.798486501905197e-11, 0.19528970723896694, 0.9807455991471583, 5.0759958736268374e-11, 0.0, 0.0, 0.0, 1.0]}, {"left_foot_pose": [1.0000000000000009, 9.712971884128234e-13, 4.55124826714835e-12, -8.517872498632914e-13, -7.016235334101567e-14, 0.9810284897816106, -0.193863617620257, -1.5951345105902348e-10, -4.653339077888473e-12, 0.19386361762025672, 0.981028489781611, 0.019803773432892184, 0.0, 0.0, 0.0, 1.0], "right_foot_pose": [1.0, 7.398907983892385e-14, 2.1926904736346789e-13, 7.523100602041535e-12, -2.9174912581194164e-14, 0.9802970220794992, -0.1975291079868134, -0.13999999999751042, -2.2971009029938653e-13, 0.19752910798681325, 0.980297022079499, -4.468883596508988e-12, 0.0, 0.0, 0.0, 1.0]}, {"left_foot_pose": [1.0000000000000004, 1.4751246901072126e-11, 5.304223726909615e-11, 7.391473341703487e-12, -4.3442340611904696e-12, 0.9815760007677218, -0.1910721191509805, 2.7137118940867566e-11, -5.488363136288716e-11, 0.1910721191509802, 0.981576000767722, 0.02000000009139776, 0.0, 0.0, 0.0, 1.0], "right_foot_pose": [0.9999999999999998, 1.2442852719384157e-11, 4.3278103323274224e-11, -1.9425115617537753e-12, -3.775010114059107e-12, 0.9808478855982202, -0.19477532009343704, -0.1399999999886446, -4.487291589394381e-11, 0.19477532009343687, 0.98084788559822, 7.606005408833383e-11, 0.0, 0.0, 0.0, 1.0]}, {"left_foot_pose": [1.0000000000000007, 5.416684093946767e-11, 2.021153799880428e-10, 5.697040803685004e-12, -1.6337578697422757e-11, 0.9831768265757378, -0.18265631027824553, 9.190901165134768e-11, -2.0860913673504682e-10, 0.18265631027824517, 0.9831768265757379, 0.020000000354772417, 0.0, 0.0, 0.0, 1.0], "right_foot_pose": [1.0, 4.5379956239475724e-11, 1.643510882942675e-10, -1.7358038930341716e-11, -1.3811942996784163e-11, 0.9823226428805608, -0.18719568714089138, -0.139999999964769, -1.6994089278797058e-10, 0.18719568714089121, 0.9823226428805607, 2.943006047195773e-10, 0.0, 0.0, 0.0, 1.0]}, {"left_foot_pose": [1.0000000000000007, 1.7986007992884787e-10, 7.277092262114563e-10, -5.469707567996004e-10, -5.573032098128537e-11, 0.98593987675169, -0.1671004471294544, -2.8180990041537513e-09, -7.475324205152579e-10, 0.16710044712945415, 0.9859398767516899, 0.018785002088680385, 0.0, 0.0, 0.0, 1.0], "right_foot_pose": [1.0, 9.955521289362214e-11, 3.865188724638806e-10, -6.28891644046103e-11, -3.058416665616417e-11, 0.984658926522144, -0.17449010980642868, -0.14000000007829805, -3.979606796035241e-10, 0.1744901098064285, 0.9846589265221439, 6.783067788007635e-10, 0.0, 0.0, 0.0, 1.0]}, {"left_foot_pose": [1.0000000000000002, 2.7773532632707726e-10, 1.3220468608743325e-09, -1.4009271029931871e-09, -8.787989825651202e-11, 0.9899392063008065, -0.14149334906111408, -7.675222093300738e-09, -1.3480440392397803e-09, 0.14149334906111374, 0.9899392063008065, 0.013357585397541505, 0.0, 0.0, 0.0, 1.0], "right_foot_pose": [0.9999999999999998, 1.6334687891922558e-10, 7.070916074880519e-10, -1.1728105816173507e-10, -5.0902528003032824e-11, 0.9877272656712145, -0.15618850357713981, -0.14000000027474352, -7.239265630419777e-10, 0.15618850357713968, 0.9877272656712143, 1.2545625094340096e-09, 0.0, 0.0, 0.0, 1.0]}, {"left_foot_pose": [1.0000000000000007, 2.637367253860029e-10, 1.5983556700405143e-09, -1.3622926623922143e-09, -8.51823710347285e-11, 0.9938542041289359, -0.11069697798603302, -8.288387726151925e-09, -1.617727511646015e-09, 0.11069697798603274, 0.9938542041289359, 0.006406374243032337, 0.0, 0.0, 0.0, 1.0], "right_foot_pose": [0.9999999999999998, 2.178866792563237e-10, 1.1103422625779998e-09, -1.8193176825128509e-10, -6.90718092205832e-11, 0.9912095734442493, -0.13230110170542586, -0.14000000035697216, -1.129408729804179e-09, 0.1323011017054257, 0.9912095734442491, 1.9885601151847787e-09, 0.0, 0.0, 0.0, 1.0]}, {"left_foot_pose": [1.0000000000000004, 2.0007599031537806e-10, 1.7224771053925248e-09, -6.708502133058563e-10, -6.547475131601519e-11, 0.9969696267196351, -0.0777917951876208, -3.9698108723895675e-09, -1.732821774817865e-09, 0.07779179518762053, 0.996969626719635, 0.0010904445651258796, 0.0, 0.0, 0.0, 1.0], "right_foot_pose": [0.9999999999999998, 2.4140912053527106e-10, 1.576167751871081e-09, -2.559809272637294e-10, -7.788994296938199e-11, 0.9946884764705539, -0.10293121381140055, -0.14000000021285264, -1.592644753697477e-09, 0.1029312138114004, 0.9946884764705538, 2.8396751547421495e-09, 0.0, 0.0, 0.0, 1.0]}, {"left_foot_pose": [1.0000000000000007, 1.2884991282199734e-10, 2.00519756354822e-09, -2.177471681864199e-10, -4.235560415863198e-11, 0.9990718308265223, -0.043075246359616556, 4.895394731946334e-10, -2.0088869593623916e-09, 0.043075246359616265, 0.9990718308265224, 3.804349286984365e-09, 0.0, 0.0, 0.0, 1.0], "right_foot_pose": [0.9999999999999997, 2.0856576540073847e-10, 2.039341806536753e-09, -3.249777681604852e-10, -6.836886620145671e-11, 0.9976507137055416, -0.06850586429513528, -0.1400000000282475, -2.048838850611871e-09, 0.0685058642951351, 0.9976507137055418, 3.697612507846948e-09, 0.0, 0.0, 0.0, 1.0]}, {"left_foot_pose": [1.0000000000000004, 1.7688253576190316e-11, 2.245834851422046e-09, -2.694915114371032e-10, -5.914463382416496e-12, 0.999986259343582, -0.005242244178907829, 3.9846329014103787e-10, -2.2458969160197324e-09, 0.005242244178907557, 0.999986259343582, 4.174395100420281e-09, 0.0, 0.0, 0.0, 1.0], "right_foot_pose": [1.0, 1.0335378029660141e-10, 2.258175979541476e-09, -3.7706601311209726e-10, -3.432521594818943e-11, 0.9995333343924004, -0.03054690554556678, -0.14000000018720496, -2.2602792660529074e-09, 0.030546905545566598, 0.9995333343924004, 4.1416050380882474e-09, 0.0, 0.0, 0.0, 1.0]}, {"left_foot_pose": [1.0000000000000007, -1.0553606281951576e-10, 2.1357645096919978e-09, -2.8164797060021426e-10, 3.460497519398763e-11, 0.9994492582534591, 0.03318403496580092, 2.3280077345033678e-10, -2.1380905919702486e-09, -0.03318403496580118, 0.9994492582534594, 3.921688314367788e-09, 0.0, 0.0, 0.0, 1.0], "right_foot_pose": [0.9999999999999998, -2.452541056015306e-11, 2.1227771762610814e-09, -3.793653539470179e-10, 7.812422105499726e-12, 0.99996900875681, 0.007872834681550221, -0.1400000003193728, -2.1229045983849278e-09, -0.007872834681550403, 0.9999690087568099, 3.972076292879656e-09, 0.0, 0.0, 0.0, 1.0]}, {"left_foot_pose": [1.0000000000000004, -1.7658767892188535e-10, 1.7191972845331842e-09, -2.502455912624133e-10, 5.7449009523062364e-11, 0.99761292319102, 0.06905400410018628, 8.044794518047294e-11, -1.7272877811236733e-09, -0.06905400410018656, 0.9976129231910206, 3.150160916842726e-09, 0.0, 0.0, 0.0, 1.0], "right_foot_pose": [1.0, -1.095481162851143e-10, 1.6904309063647822e-09, -3.3443622982520996e-10, 3.5715948251605344e-11, 0.9990484179004745, 0.04361489069754513, -0.14000000035288054, -1.6936003677144468e-09, -0.04361489069754532, 0.9990484179004746, 3.251865068887305e-09, 0.0, 0.0, 0.0, 1.0]}, {"left_foot_pose": [1.0000000000000007, -1.7687846864193523e-10, 1.1928457110954617e-09, -1.373428543318626e-10, 5.691946996012963e-11, 0.9950050106132126, 0.09982499113249016, 2.62293997285723e-10, -1.2045446844687562e-09, -0.09982499113249042, 0.9950050106132129, 2.1673316336068282e-09, 0.0, 0.0, 0.0, 1.0], "right_foot_pose": [0.999999999878042, -1.5573313842699328e-05, -1.1778655527593455e-06, 0.0003123503460478577, 1.5617792125448662e-05, 0.9971826160294839, 0.07501219930570771, -0.14000077683816797, 6.358531331581982e-09, -0.07501219931495526, 0.9971826161510905, 0.0018002394152867099, 0.0, 0.0, 0.0, 1.0]}, {"left_foot_pose": [1.0000000000000002, -1.3460646849532244e-10, 7.288159520335597e-10, -4.2110299653670543e-11, 4.27783965387079e-11, 0.9922122825653337, 0.12455836514056916, 2.987544647434226e-10, -7.399067148142607e-10, -0.12455836514056942, 0.9922122825653338, 1.3171493548624902e-09, 0.0, 0.0, 0.0, 1.0], "right_foot_pose": [0.9999999977012808, -6.744100103092337e-05, -7.0106568360590265e-06, 0.0013560701925998152, 6.780440652501496e-05, 0.9946702252805174, 0.10310741167814777, -0.1400033839110029, 1.9624557102903647e-08, -0.10310741191648638, 0.9946702275668472, 0.0069680828479540685, 0.0, 0.0, 0.0, 1.0]}, {"left_foot_pose": [1.0000000000000002, -7.852217826395612e-11, 3.707238960259945e-10, 8.473513716250054e-12, 2.46934587741865e-11, 0.9897194683498343, 0.14302228486960492, 2.0429403394667256e-10, -3.781433912670317e-10, -0.1430222848696051, 0.9897194683498343, 6.782523986892386e-10, 0.0, 0.0, 0.0, 1.0], "right_foot_pose": [0.9999999888165043, -0.00014833451873873718, -1.907516915405804e-05, 0.002991084425724575, 0.00014955597725974063, 0.9918621669543674, 0.12731621812477992, -0.14000747241464342, 3.454866908182266e-08, -0.12731621955374522, 0.9918621780461948, 0.013246765803000105, 0.0, 0.0, 0.0, 1.0]}, {"left_foot_pose": [1.0000000000000004, -2.985077825761207e-11, 1.2966427931360218e-10, 1.2548452100245422e-11, 9.367750927602808e-12, 0.9878857244918371, 0.15518310264084462, 7.12206769254431e-11, -1.327261596716631e-10, -0.15518310264084484, 0.9878857244918374, 2.6269071640161457e-10, 0.0, 0.0, 0.0, 1.0], "right_foot_pose": [0.9999999678681667, -0.00025080432360919465, -3.688978419885492e-05, 0.005070005299702127, 0.00025350278622388077, 0.9893827332117914, 0.1453332135428883, -0.14001267291229647, 4.791719768349577e-08, -0.14533321822472903, 0.9893827650007052, 0.018333321648369746, 0.0, 0.0, 0.0, 1.0]}, {"left_foot_pose": [1.0000000000000007, -3.0726664624963504e-12, 1.2209788735617683e-11, -1.3072965213197472e-11, 1.06699231735878e-12, 0.9869530562717004, 0.16100827530270082, 6.422638462733055e-12, -1.25454636395769e-11, -0.16100827530270098, 0.9869530562717009, 7.841393506735628e-11, 0.0, 0.0, 0.0, 1.0], "right_foot_pose": [0.9999999307056627, -0.00036784873595990943, -5.723614738145345e-05, 0.007445442394492045, 0.0003722749870452158, 0.9881332972733844, 0.15359833407613288, -0.14001861347092479, 5.598999974883823e-08, -0.1535983447402244, 0.9881333657422261, 0.0200000008737604, 0.0, 0.0, 0.0, 1.0]}, {"left_foot_pose": [1.0000000000000002, -4.477384514813816e-12, 1.7877754832085292e-11, 3.7473814726188126e-12, 1.5463989146570125e-12, 0.9870024214333231, 0.16070538287424452, 1.277240726377249e-11, -1.83653607304611e-11, -0.1607053828742447, 0.9870024214333234, 9.666328848467742e-11, 0.0, 0.0, 0.0, 1.0], "right_foot_pose": [0.9999998757473988, -0.0004926005864768852, -7.648430539030787e-05, 0.00997000000988468, 0.0004985029422712268, 0.9881774232355292, 0.1533138340216113, -0.14002492487006205, 5.7579264360520735e-08, -0.1533138530996201, 0.9881775460147558, 0.020000000833535647, 0.0, 0.0, 0.0, 1.0]}, {"left_foot_pose": [1.0000000000000007, -3.1899832262545996e-11, 1.3856998881678415e-10, 5.94016701625652e-12, 1.0121672114071692e-11, 0.9880076280227239, 0.154405074297807, 4.373190178041941e-12, -1.4183397750241322e-10, -0.1544050742978072, 0.9880076280227245, 3.318717592404319e-10, 0.0, 0.0, 0.0, 1.0], "right_foot_pose": [0.9999998048017247, -0.0006180844448027757, -9.147749188825367e-05, 0.01249629162129931, 0.0006248171809381441, 0.9892367437652271, 0.14632250130537222, -0.140031240684126, 5.3234221772267744e-08, -0.14632252990018113, 0.9892369368577015, 0.020000000907611025, 0.0, 0.0, 0.0, 1.0]}, {"left_foot_pose": [1.0000000000000002, -8.198984678923496e-11, 3.889440436388742e-10, -8.988220258138784e-11, 2.5964404365736185e-11, 0.989879241705439, 0.14191225049538866, 1.2490435769008101e-10, -3.966431929683429e-10, -0.1419122504953889, 0.989879241705439, 8.01309803233341e-10, 0.0, 0.0, 0.0, 1.0], "right_foot_pose": [0.9999997233448419, -0.0007374405685206227, -9.742508613724217e-05, 0.014876928513549754, 0.0007438482625330111, 0.9913930173445434, 0.1309172710158743, -0.14003718946225513, 4.284334338166199e-08, -0.1309173072664172, 0.9913932916144372, 0.018419945865022665, 0.0, 0.0, 0.0, 1.0]}, {"left_foot_pose": [1.0000000000000004, -1.3846815630717518e-10, 7.573034421781728e-10, -2.0187079317175918e-10, 4.4257566362507355e-11, 0.992404887757398, 0.12301438434275458, 2.9083233998167257e-10, -7.685854809585494e-10, -0.1230143843427548, 0.9924048877573982, 1.5078788773159602e-09, 0.0, 0.0, 0.0, 1.0], "right_foot_pose": [0.9999996402555127, -0.0008434257244362044, -9.01215434713707e-05, 0.016964516387509537, 0.0008482268826416671, 0.9943429605954628, 0.10621373369487269, -0.1400424048264418, 2.8327061677312366e-08, -0.1062137719285836, 0.9943433183024374, 0.013389171527256105, 0.0, 0.0, 0.0, 1.0]}, {"left_foot_pose": [1.0000000000000007, -1.7734488415180174e-10, 1.2167516993955054e-09, -3.1284941918201873e-10, 5.740245718694782e-11, 0.9951985821345847, 0.09787636138165787, 3.899968932866149e-10, -1.2282675775213166e-09, -0.09787636138165814, 0.9951985821345849, 2.4120450151099426e-09, 0.0, 0.0, 0.0, 1.0], "right_foot_pose": [0.9999995670067297, -0.0009278975345375758, -7.065775340247379e-05, 0.018611668559122885, 0.0009305838772119818, 0.9971139645152208, 0.07591360735985464, -0.14004652184838517, 1.3783511619733028e-08, -0.07591364024273985, 0.9971143962580699, 0.007112082590584226, 0.0, 0.0, 0.0, 1.0]}, {"left_foot_pose": [1.0000000000000007, -1.6970682519153967e-10, 1.6973195071656768e-09, -4.084954120891183e-10, 5.56239860584436e-11, 0.9977537057471687, 0.06698912350369526, 3.4242037504073064e-10, -1.70487552175981e-09, -0.06698912350369551, 0.9977537057471688, 3.3927176554260363e-09, 0.0, 0.0, 0.0, 1.0], "right_foot_pose": [0.9999995163146844, -0.0009826644180537351, -4.1725752437874903e-05, 0.019670996948055797, 0.0009835498954900478, 0.9990993434452266, 0.04242092121724885, -0.14004917278891688, 2.6420040198698182e-09, -0.04242094173823182, 0.9990998266950312, 0.0018916456498160594, 0.0, 0.0, 0.0, 1.0]}, {"left_foot_pose": [1.0000000000000004, -9.517723272405833e-11, 1.9955474495070316e-09, -4.518528850363892e-10, 3.159257964460621e-11, 0.9994930028550287, 0.031839240629113495, 1.2237092589240106e-10, -1.9975664306594765e-09, -0.03183924062911377, 0.9994930028550288, 4.055670098368491e-09, 0.0, 0.0, 0.0, 1.0], "right_foot_pose": [0.9999995000000352, -0.00099997604357673, -6.898647770196477e-06, 0.02000000006347572, 0.000999999839532274, 0.9999756903530288, 0.006900630645429787, -0.14005000040547355, -1.985264633572904e-09, -0.0069006340937615524, 0.9999761903411022, 4.184007404428591e-09, 0.0, 0.0, 0.0, 1.0]}, {"left_foot_pose": [1.0000000000000002, 1.3771051129774658e-11, 1.9916182592005782e-09, -5.838263499856939e-10, -4.154276139060549e-12, 0.9999883433236645, -0.004828376206691046, 2.3256952960681865e-10, -1.9916618427202766e-09, 0.004828376206690774, 0.9999883433236647, 4.149069185443999e-09, 0.0, 0.0, 0.0, 1.0], "right_foot_pose": [0.9999995000000712, -0.0009995562061416619, 2.9782517813777293e-05, 0.019999999931663813, 0.0009999998037998352, 0.9995559621903445, -0.02978050453110283, -0.1400500003044233, -2.005123821470919e-09, 0.029780519423364477, 0.9995564619684447, 4.158160649136988e-09, 0.0, 0.0, 0.0, 1.0]}, {"left_foot_pose": [1.0000000000000002, 9.908670529320824e-11, 1.676938254924208e-09, -5.688904430454681e-10, -3.200315706829181e-11, 0.9992014322849203, -0.039956197513836174, 2.8231784097998425e-10, -1.679558426108921e-09, 0.039956197513835896, 0.9992014322849204, 3.631289012540062e-09, 0.0, 0.0, 0.0, 1.0], "right_foot_pose": [0.9999995000000954, -0.0009978823442775577, 6.504141667996336e-05, 0.019999999870805085, 0.000999999779450862, 0.9978821767671471, -0.06503969011996741, -0.14005000016632138, -1.712008710741682e-09, 0.06503972264153073, 0.9978826757082783, 3.551693328329719e-09, 0.0, 0.0, 0.0, 1.0]}, {"left_foot_pose": [0.9999999997232243, -2.3466802364856287e-05, 1.6914794784277452e-06, 0.0004689014026880547, 2.3527679777494152e-05, 0.9974554110843832, -0.07129307361120987, 2.308693006977669e-07, -1.4154890213682704e-08, 0.07129307363127396, 0.9974554113604311, 0.0013721639406631264, 0.0, 0.0, 0.0, 1.0], "right_foot_pose": [0.9999995000000983, -0.0009953823524593512, 9.598711284470468e-05, 0.019999999998020587, 0.0009999997767091318, 0.9953821959621936, -0.09598585292598266, -0.14005000031905537, -1.2390792025640887e-09, 0.09598590092015687, 0.9953826936533235, 2.608266241876933e-09, 0.0, 0.0, 0.0, 1.0]}, {"left_foot_pose": [0.9999999928029502, -0.00011937473422005526, 1.199055158191083e-05, 0.002391081463221783, 0.00011997540986792472, 0.9950257557002635, -0.09961792559083595, 1.18929892706926e-06, -3.904425816374365e-08, 0.09961792631245178, 0.9950257628610462, 0.006257914494279565, 0.0, 0.0, 0.0, 1.0], "right_foot_pose": [0.9999995000000863, -0.000992613775107526, 0.00012131558134621109, 0.02000000009818302, 0.0009999997884049968, 0.9926135848589435, -0.12131476065961799, -0.14005000036797352, -7.915446595660102e-10, 0.12131482131780366, 0.9926140811658017, 1.7156762538439452e-09, 0.0, 0.0, 0.0, 1.0]}, {"left_foot_pose": [0.9999999615559236, -0.0002751217737872679, 3.4585568387540364e-05, 0.005526265309291889, 0.00027728712077784614, 0.992221379223333, -0.12448557235278386, 2.757347567342028e-06, -6.784889031677934e-08, 0.1244855771571834, 0.9922214173660227, 0.01252544255868518, 0.0, 0.0, 0.0, 1.0], "right_foot_pose": [0.9999995000000694, -0.0009900592424873878, 0.0001406495907049845, 0.020000000115177545, 0.0009999998055000361, 0.9900590003606694, -0.14064912301618115, -0.14005000026372053, -4.289846490106342e-10, 0.14064919334119255, 0.9900594953902881, 9.993159355570214e-10, 0.0, 0.0, 0.0, 1.0]}, {"left_foot_pose": [0.9999998844524801, -0.0004757162903460951, 6.920288161872181e-05, 0.009580709208438726, 0.0004807234327992696, 0.9896122227454364, -0.14376166908400484, 4.7875045052665766e-06, -9.424958864039918e-08, 0.14376168574014703, 0.9896123370861659, 0.017871780468177667, 0.0, 0.0, 0.0, 1.0], "right_foot_pose": [0.9999995000000539, -0.0009880866137147414, 0.00015389764832508107, 0.020000000060987806, 0.0009999998211811482, 0.9880863226835684, -0.15389742988763885, -0.1400500001074136, -1.7104601149232192e-10, 0.15389750683655282, 0.9880868167268972, 4.974382156186508e-10, 0.0, 0.0, 0.0, 1.0]}, {"left_foot_pose": [0.9999997439979148, -0.0007070053424056564, 0.00011021593271866217, 0.01426066993911885, 0.0007155446132880882, 0.988089757505382, -0.15387696094237932, 7.129855456557838e-06, -1.1140077406669116e-07, 0.153877000413973, 0.9880900104462078, 0.020000003507755257, 0.0, 0.0, 0.0, 1.0], "right_foot_pose": [0.9999995000000438, -0.0009869534276645176, 0.00016100494902366433, 0.019999999961615167, 0.0009999998309944474, 0.9869531055105842, -0.1610048680113481, -0.14005000001336607, -2.808707284486081e-11, 0.1610049485138429, 0.9869535989873354, 2.3185214859111625e-10, 0.0, 0.0, 0.0, 1.0]}, {"left_foot_pose": [0.9999995324445345, -0.0009552873921056522, 0.00015012232289681243, 0.019272387145914338, 0.0009670112200866229, 0.9878944521312315, -0.15512451881516093, 9.635640586005273e-06, -1.1651290049860952e-07, 0.15512459145581464, 0.9878949140094072, 0.02000000375555188, 0.0, 0.0, 0.0, 1.0], "right_foot_pose": [0.9999995000000423, -0.0009867707542839058, 0.00016212076814659638, 0.01999999998519119, 0.0009999998324872919, 0.9867704271869715, -0.16212070820711602, -0.14005000002893223, -6.117468780126432e-12, 0.16212078926750972, 0.9867709205723888, 1.7815018904521196e-10, 0.0, 0.0, 0.0, 1.0]}, {"left_foot_pose": [0.9999992553307824, -0.0012065888748953883, 0.00018297860160251166, 0.02432211874229161, 0.0012203843122218989, 0.9887086230396476, -0.1498458187243655, 1.2160595929629203e-05, -1.1022341389764396e-07, 0.14984593044301148, 0.9887093592809045, 0.020000003638657823, 0.0, 0.0, 0.0, 1.0], "right_foot_pose": [0.9999995000000484, -0.000987532756907405, 0.00015741253537427497, 0.019999999993269412, 0.0009999998261290932, 0.9875324498585554, -0.1574123898449799, -0.14005000003173212, -9.538177891204238e-11, 0.15741246855130053, 0.9875329436249636, 3.354587649329055e-10, 0.0, 0.0, 0.0, 1.0]}, {"left_foot_pose": [0.9999989328490861, -0.0014483098192634106, 0.00019157076305717247, 0.029116121218374046, 0.0014609245982949777, 0.9913721404607978, -0.13106923673194754, 1.4555372556943058e-05, -8.905485962038065e-08, 0.1310693767317315, 0.9913731983885526, 0.01882299162992568, 0.0, 0.0, 0.0, 1.0], "right_foot_pose": [0.9999995000000654, -0.000989916600567192, 0.00014165007111933235, 0.019999999887255714, 0.0009999998093632894, 0.9899163456178249, -0.14164966882782462, -0.14005000014072422, -3.6212167930447803e-10, 0.14164973965304345, 0.9899168405761287, 8.208676030574402e-10, 0.0, 0.0, 0.0, 1.0]}, {"left_foot_pose": [0.9999985990380982, -0.0016642368636355692, 0.00017954805335787668, 0.033360637818906004, 0.0016738942134587867, 0.994233216048905, -0.10722644348860245, 1.667399037282198e-05, -6.2438515341335e-08, 0.1072265938128875, 0.9942346089225033, 0.014090247908737946, 0.0, 0.0, 0.0, 1.0], "right_foot_pose": [0.9999995000000833, -0.0009923454694632085, 0.0001234911031964889, 0.01999999976324873, 0.000999999791666199, 0.9923452682688553, -0.12349035810471377, -0.14005000030763692, -7.145428437855849e-10, 0.12349041985062228, 0.9923457644415664, 1.4875509157796785e-09, 0.0, 0.0, 0.0, 1.0]}, {"left_foot_pose": [0.9999982988077363, -0.0018390003392505547, 0.00014303631399629167, 0.03676192258655798, 0.0018445545895140723, 0.9969885926126155, -0.07752640723446176, 1.837350711405769e-05, -3.44841787372609e-08, 0.07752653918542665, 0.9969902886798501, 0.007840252241444155, 0.0, 0.0, 0.0, 1.0], "right_foot_pose": [0.999999500000097, -0.0009950723618586833, 9.914913234827041e-05, 0.019999999652783547, 0.000999999777889576, 0.9950722004702868, -0.09914794930640579, -0.14005000040869253, -1.1612109032620892e-09, 0.09914799888155093, 0.995072698006424, 2.3704608068109145e-09, 0.0, 0.0, 0.0, 1.0]}, {"left_foot_pose": [0.9999980827889912, -0.001956229146830377, 8.709688774603233e-05, 0.039026232296607545, 0.0019581670875119537, 0.9990086921307387, -0.044472447975001377, 1.9507937369706366e-05, -1.2248956293422712e-08, 0.04447253326219324, 0.999010607443807, 0.0023759711623246027, 0.0, 0.0, 0.0, 1.0], "right_foot_pose": [0.9999995000000972, -0.0009976163114629834, 6.900181353009584e-05, 0.01999999956243671, 0.0009999997775823942, 0.9976161477107567, -0.0690001581678968, -0.14005000036993578, -1.6401171224884404e-09, 0.06900019266962246, 0.9976166465188695, 3.368698792138858e-09, 0.0, 0.0, 0.0, 1.0]}, {"left_foot_pose": [0.9999980000126751, -0.0019999063403670766, 1.8581718416491895e-05, 0.03985982062845838, 0.0019999926626108272, 0.9999548480239243, -0.009289883895972337, 1.9930219466590335e-05, -1.981710591615202e-09, 0.009289902479622513, 0.9999568479249092, 3.786376221587284e-07, 0.0, 0.0, 0.0, 1.0], "right_foot_pose": [0.9999995000000756, -0.0009994099902461949, 3.434049502815727e-05, 0.019999999549737083, 0.000999999799099438, 0.999409758729696, -0.03433852291891279, -0.14005000011432958, -1.9629953080560585e-09, 0.034338540090141895, 0.999410258434682, 4.120146765429489e-09, 0.0, 0.0, 0.0, 1.0]}, {"left_foot_pose": [0.9999980000006123, -0.0019992580538026154, -5.442435401411167e-05, 0.03985994008906641, 0.0019999986940000014, 0.999627653042708, 0.02721314530796631, 1.9930280152723537e-05, -2.0106550812291045e-09, -0.027213199730329568, 0.9996296523015104, 4.338274080251114e-09, 0.0, 0.0, 0.0, 1.0], "right_foot_pose": [0.9999995000000406, -0.0009999974664505473, -2.1761239773428563e-06, 0.019999999453283686, 0.0009999998342095685, 0.9999971278832559, 0.0021781243239242256, -0.14005000022969472, -2.0010784360881867e-09, -0.00217812541098595, 0.9999976278820335, 4.2594279353602715e-09, 0.0, 0.0, 0.0, 1.0]}, {"left_foot_pose": [0.9999980000005602, -0.0019960693166723594, -0.00012530827415692844, 0.039859939964700976, 0.0019999987201323927, 0.9980332461170793, 0.06265492518649532, 1.993015648214455e-05, -1.7500813175258032e-09, -0.06265505049306824, 0.9980352421872248, 3.76218274589224e-09, 0.0, 0.0, 0.0, 1.0], "right_foot_pose": [0.9999995000000113, -0.0009992959430673762, -3.751460391770415e-05, 0.019999999409074907, 0.0009999998636675577, 0.9992955151156054, 0.03751630938817464, -0.14005000027806758, -1.7203242624541477e-09, -0.03751632814461936, 0.9992960147636663, 3.798651358744021e-09, 0.0, 0.0, 0.0, 1.0]}, {"left_foot_pose": [0.999998000000552, -0.001991131748278351, -0.00018812032993577763, 0.03985994003012643, 0.001999998724383776, 0.9955644576807567, 0.09406067514069776, 1.9930285702816908e-05, -1.2822860512826324e-09, -0.0940608632598195, 0.9955664488133473, 2.8066807766791158e-09, 0.0, 0.0, 0.0, 1.0], "right_foot_pose": [0.9999994829913749, -0.001014431385682123, -7.03274225211046e-05, 0.020338504131040904, 0.001016866255970106, 0.9976056263560692, 0.06915186364612268, -0.1400494891685093, 9.211533059081766e-09, -0.06915189940759574, 0.9976061421264014, 0.000995088520581347, 0.0, 0.0, 0.0, 1.0]}, {"left_foot_pose": [0.9999980000005735, -0.001985560690420974, -0.00023988246803881738, 0.039859940133035, 0.00199999871345406, 0.9927789484594327, 0.11994148365319823, 1.9930359558654152e-05, -8.307193038742522e-10, -0.11994172353492738, 0.9927809340209309, 1.883330540131123e-09, 0.0, 0.0, 0.0, 1.0], "right_foot_pose": [0.9999993892834279, -0.0010998931714852978, -0.00010801750808952409, 0.022111032923947085, 0.0011051844957197553, 0.9952146669764756, 0.09770642354591115, -0.14004682737030377, 3.398027249622852e-08, -0.0977064832542545, 0.9952152747672661, 0.005566870344984466, 0.0, 0.0, 0.0, 1.0]}, {"left_foot_pose": [0.999998000000608, -0.00198033976867092, -0.0002797305599112249, 0.039859940152481635, 0.0019999986963817862, 0.9901685172519923, 0.13986531896151605, 1.9930268612129536e-05, -4.5966009752972196e-10, -0.13986559869171836, 0.9901704975925151, 1.1282454345784565e-09, 0.0, 0.0, 0.0, 1.0], "right_foot_pose": [0.9999992111052509, -0.001246563085909425, -0.00015449708290981315, 0.02513988929126317, 0.0012561006614769644, 0.9924124180455323, 0.1229472029781399, -0.14004228416102066, 6.337888311993654e-08, -0.12294730004962522, 0.9924132009453036, 0.01179136758679325, 0.0, 0.0, 0.0, 1.0]}, {"left_foot_pose": [0.9999980000006399, -0.0019762258592701805, -0.00030745092958702375, 0.03985994009903589, 0.001999998680237836, 0.9881115907298836, 0.1537253533758779, 1.9930111818571364e-05, -1.91461550537117e-10, -0.15372566082672312, 0.9881135669564446, 5.867247729329783e-10, 0.0, 0.0, 0.0, 1.0], "right_foot_pose": [0.9999989416682362, -0.00143992339276742, -0.00020804574096304845, 0.02912926530445848, 0.0014548753895208223, 0.9897307573755566, 0.1429367386028108, -0.14003630282245658, 9.131517197752124e-08, -0.14293689000894877, 0.9897318048211654, 0.01736561184185214, 0.0, 0.0, 0.0, 1.0]}, {"left_foot_pose": [0.9999980000006613, -0.001973754983768956, -0.00032293334080881364, 0.03985993999087487, 0.0019999986696395224, 0.9868761716151069, 0.16146647300177253, 1.9930000522059427e-05, -3.673495197050005e-11, -0.16146679593518534, 0.9868781453707577, 2.815822505719545e-10, 0.0, 0.0, 0.0, 1.0], "right_foot_pose": [0.9999985774041714, -0.001666571021490524, -0.0002602511546431082, 0.033783354296461635, 0.001686768988606057, 0.9880343579536428, 0.15422471369242846, -0.14002932436963236, 1.1064384696819106e-07, -0.15422493327657116, 0.9880357635004032, 0.019986638245637685, 0.0, 0.0, 0.0, 1.0]}, {"left_foot_pose": [0.9999980000006654, -0.001973838011603424, -0.00032242545562118525, 0.039859940014223924, 0.0019999986676205975, 0.9869176888384262, 0.16121251645932896, 1.993001162054267e-05, -7.449486489396989e-12, -0.16121283888488508, 0.9869196626770984, 2.1475740630272355e-10, 0.0, 0.0, 0.0, 1.0], "right_foot_pose": [0.9999981239327811, -0.001913928316687368, -0.0002983442918230567, 0.03880633340846543, 0.0019370417921525244, 0.9880749673987418, 0.1539613804467561, -0.14002178988600233, 1.1548070333073534e-07, -0.15396166951021925, 0.9880768210628224, 0.02000000354165142, 0.0, 0.0, 0.0, 1.0]}, {"left_foot_pose": [0.9999980000006516, -0.001975429647245007, -0.00031252584942733237, 0.03985994002752161, 0.0019999986744435564, 0.9877134947025628, 0.15626276711921314, 1.993001270674498e-05, -1.0400547797186558e-10, -0.15626307964506542, 0.9877154701328927, 3.8028005744372706e-10, 0.0, 0.0, 0.0, 1.0], "right_foot_pose": [0.9999975998549093, -0.002166663491299336, -0.0003253517105288142, 0.04390239473783716, 0.002190955136023578, 0.9889178106466114, 0.148447847749654, -0.14001414586974242, 1.0956918500061681e-07, -0.14844820428428243, 0.9889201841628877, 0.020000003526832053, 0.0, 0.0, 0.0, 1.0]}, {"left_foot_pose": [0.9999980000006228, -0.0019788001944629893, -0.0002904213241585365, 0.03985993993769766, 0.001999998688783065, 0.9893987433064817, 0.14521062891124872, 1.993009678650636e-05, -3.2757597401097853e-10, -0.14521091933234903, 0.9894007221074052, 7.7744766874277e-10, 0.0, 0.0, 0.0, 1.0], "right_foot_pose": [0.9999970383773312, -0.0024113738101458016, -0.0003294129845743199, 0.048775731036228565, 0.002433770029849477, 0.9907999080804014, 0.13531304043332176, -0.1400068340983826, 9.203296465779328e-08, -0.13531344140260324, 0.9908028424342433, 0.019173159940732716, 0.0, 0.0, 0.0, 1.0]}, {"left_foot_pose": [0.9999980000005861, -0.0019836071688533736, -0.0002555336140109455, 0.039859939808648825, 0.001999998707053789, 0.9918021988825282, 0.12776696872413712, 1.993026440179433e-05, -6.748395174949389e-10, -0.12776722425717238, 0.9918041824904845, 1.425694326484539e-09, 0.0, 0.0, 0.0, 1.0], "right_foot_pose": [0.9999964867618354, -0.002633944533638729, -0.0002979935898445924, 0.05313052322050145, 0.0026507478155575986, 0.9936601816334377, 0.11239402551836083, -0.1400002981211029, 6.473548278160506e-08, -0.11239442055723842, 0.9936636725912839, 0.014770322484171872, 0.0, 0.0,