{"LoopMode": "Wrap", "FrameDuration": 0.0167, "EnableCycleOffsetPosition": true, "EnableCycleOffsetRotation": false, "Debug_info": [{"left_foot_pose": [1.0000000000000007, -1.0658006258607588e-13, 9.142298029729549e-12, -1.722971572819902e-12, 2.7245352964101267e-14, 0.9999620375649145, 0.008713405133775453, 1.0063824773531849e-13, -9.143051227951343e-12, -0.00871340513377572, 0.9999620375649145, 2.138260402073655e-11, 0.0, 0.0, 0.0, 1.0], "right_foot_pose": [0.9999999999999998, 2.0330993004855253e-13, 9.115097565626227e-12, -1.4263834224087668e-12, -7.482640223092434e-14, 0.9999007561195519, -0.014088218891978622, -0.14000000000225418, -9.11728671130482e-12, 0.014088218891978437, 0.9999007561195519, 1.646403846589095e-11, 0.0, 0.0, 0.0, 1.0]}, {"left_foot_pose": [1.0000000000000007, -1.499402566464662e-13, 2.0025481273222574e-11, -3.673529773327129e-12, 3.7084552872631565e-14, 0.9999840273199926, 0.005652000078677357, 1.1308575603719007e-12, -2.0026203881862947e-11, -0.005652000078677626, 0.9999840273199928, 4.535542080796873e-11, 0.0, 0.0, 0.0, 1.0], "right_foot_pose": [1.0, 5.283245331858379e-13, 2.0006163392594086e-11, -3.247816324708134e-12, -1.8508230377158995e-13, 0.9998529161651509, -0.017150686168299432, -0.1400000000040077, -2.0012318406275323e-11, 0.017150686168299248, 0.999852916165151, 3.7861956625473425e-11, 0.0, 0.0, 0.0, 1.0]}, {"left_foot_pose": [1.0000000000000007, -4.706668135872106e-14, 3.472994114517292e-11, -6.285663234849384e-12, -1.8863759756780958e-15, 0.9999989931392242, 0.0014190562140248466, 2.9221538383472634e-12, -3.473023288014902e-11, -0.0014190562140251166, 0.9999989931392244, 7.765300902295991e-11, 0.0, 0.0, 0.0, 1.0], "right_foot_pose": [0.9999999999999998, 1.1288810181796999e-12, 3.475775223193977e-11, -5.758099853849767e-12, -3.852344639053992e-13, 0.9997712852838804, -0.021386377014773306, -0.14000000000594884, -3.477391197974704e-11, 0.021386377014773125, 0.9997712852838803, 6.725757450976033e-11, 0.0, 0.0, 0.0, 1.0]}, {"left_foot_pose": [1.0000000000000007, 3.4820169940840056e-13, 5.300815342224042e-11, -9.516705140848949e-12, -1.3810599902016576e-13, 0.999992170461619, -0.003957147389334504, 5.611146963735436e-12, -5.3009446150024684e-11, 0.003957147389334231, 0.9999921704616193, 1.1803875932248076e-10, 0.0, 0.0, 0.0, 1.0], "right_foot_pose": [0.9999999999999998, 2.144215699482129e-12, 5.314687578916731e-11, -8.930020640928755e-12, -7.20754608237804e-13, 0.9996416673109121, -0.026768208305002084, -0.1400000000078534, -5.3185352172510854e-11, 0.026768208305001904, 0.9996416673109119, 1.0414911294498452e-10, 0.0, 0.0, 0.0, 1.0]}, {"left_foot_pose": [1.0000000000000004, 1.2165690375628237e-12, 7.502354293364987e-11, -1.3395220936837315e-11, -4.3140834726104225e-13, 0.9999452905958043, -0.010460201492967952, 9.423288538368269e-12, -7.50324312217405e-11, 0.010460201492967681, 0.9999452905958042, 1.6724661933142926e-10, 0.0, 0.0, 0.0, 1.0], "right_foot_pose": [1.0, 3.763911817550391e-12, 7.537120927381122e-11, -1.2809910367630228e-11, -1.253332448969464e-12, 0.9994460251932097, -0.03328126688534944, -0.1400000000095028, -7.545486146550575e-11, 0.03328126688534925, 0.9994460251932096, 1.488851611441966e-10, 0.0, 0.0, 0.0, 1.0]}, {"left_foot_pose": [1.0000000000000004, 2.7947918865072237e-12, 1.0135214889572805e-10, -1.802133690178346e-11, -9.598974805892509e-13, 0.9998362474692034, -0.018096360040147717, 1.469768577677666e-11, -1.0138621845707758e-10, 0.018096360040147447, 0.9998362474692035, 2.2704524371697232e-10, 0.0, 0.0, 0.0, 1.0], "right_foot_pose": [0.9999999999999998, 6.250488888810864e-12, 1.0205103428972958e-10, -1.752096298851223e-11, -2.0678831000654814e-12, 0.999161867426511, -0.0409336375218121, -0.14000000001064833, -1.0222137313021996e-10, 0.040933637521811915, 0.999161867426511, 2.0270304185165955e-10, 0.0, 0.0, 0.0, 1.0]}, {"left_foot_pose": [1.0000000000000004, 5.4082014944944365e-12, 1.329401033700605e-10, -2.355992129708229e-11, -1.830207698985773e-12, 0.9996382078885345, -0.026897087749413517, 2.1910187206208853e-11, -1.3303770077378626e-10, 0.02689708774941325, 0.9996382078885347, 3.002550499897616e-10, 0.0, 0.0, 0.0, 1.0], "right_foot_pose": [0.9999999999999998, 9.972302399534746e-12, 1.3419504396594556e-10, -2.325968669779085e-11, -3.2824965987160524e-12, 0.9987612527114377, -0.04975902010972026, -0.1400000000109611, -1.345249992699046e-10, 0.049759020109720074, 0.9987612527114378, 2.6768009336874954e-10, 0.0, 0.0, 0.0, 1.0]}, {"left_foot_pose": [1.0000000000000007, 9.51022470406776e-12, 1.7102480542874317e-10, -3.022870845684527e-11, -3.1896238286676163e-12, 0.9993183223462844, -0.036917348537078294, 3.1687050552897666e-11, -1.7125935974234084e-10, 0.03691734853707801, 0.9993183223462849, 3.9074653235271484e-10, 0.0, 0.0, 0.0, 1.0], "right_foot_pose": [1.0, 1.544323820452453e-11, 1.7312701272587098e-10, -3.0286660722404795e-11, -5.0599217997891375e-12, 0.9982094732408767, -0.059815111235972704, -0.14000000000997112, -1.7374102807725716e-10, 0.059815111235972517, 0.9982094732408765, 3.466308559629816e-10, 0.0, 0.0, 0.0, 1.0]}, {"left_foot_pose": [1.0000000000000007, 1.571562646625051e-11, 2.1691837215342934e-10, -3.8264538337641266e-11, -5.235145906506872e-12, 0.9988362843902548, -0.048229420331067384, 4.477155451931836e-11, -2.174242074550937e-10, 0.0482294203310671, 0.9988362843902552, 5.032066152654835e-10, 0.0, 0.0, 0.0, 1.0], "right_foot_pose": [0.9999999999999998, 2.335279092625362e-11, 2.20277629470189e-10, -3.889270231844507e-11, -7.614703059058583e-12, 0.9974636644415897, -0.07117751132735559, -0.14000000000700474, -2.2138119397472396e-10, 0.07117751132735542, 0.9974636644415896, 4.4275836469376273e-10, 0.0, 0.0, 0.0, 1.0]}, {"left_foot_pose": [1.0000000000000007, 2.477619107278054e-11, 2.7135477198569855e-10, -4.7818537615589096e-11, -8.202228277116916e-12, 0.9981433974375189, -0.06090778400079939, 6.182765063811324e-11, -2.7236030301074803e-10, 0.06090778400079911, 0.9981433974375193, 6.419701367721409e-10, 0.0, 0.0, 0.0, 1.0], "right_foot_pose": [0.9999999999999998, 3.4523805685740806e-11, 2.7652286016532897e-10, -4.928394020061434e-11, -1.1194858111337861e-11, 0.9964721042522005, -0.083924641477887, -0.14000000000116047, -2.784448634313731e-10, 0.08392464147788686, 0.9964721042522003, 5.584510909262264e-10, 0.0, 0.0, 0.0, 1.0]}, {"left_foot_pose": [1.0000000000000004, 3.732449741749845e-11, 3.326104391909717e-10, -5.864537414302252e-11, -1.2275675355275763e-11, 0.9971840789425104, -0.07499275100686713, 8.276873630919113e-11, -3.344731436985448e-10, 0.07499275100686682, 0.9971840789425109, 8.068447576725646e-10, 0.0, 0.0, 0.0, 1.0], "right_foot_pose": [1.0, 4.9589906712819045e-11, 3.4025393613745765e-10, -6.123259531591081e-11, -1.597133801760097e-11, 0.9951764478890003, -0.09810115986588526, -0.13999999999147691, -3.4347769935139153e-10, 0.09810115986588508, 0.9951764478890003, 6.91530915863936e-10, 0.0, 0.0, 0.0, 1.0]}, {"left_foot_pose": [1.0000000000000004, 5.286157075845026e-11, 3.9145658936590073e-10, -6.924584898235082e-11, -1.7256164434225082e-11, 0.9959053255143586, -0.09040233742631124, 1.0484770517071862e-10, -3.9463281129466315e-10, 0.0904023374263109, 0.9959053255143585, 9.802439346340286e-10, 0.0, 0.0, 0.0, 1.0], "right_foot_pose": [1.0, 6.777605084689197e-11, 4.0213044005810125e-10, -7.310645870013189e-11, -2.1643370517844172e-11, 0.9935232610539002, -0.11362891245111889, -0.1399999999777764, -4.0722749242113675e-10, 0.11362891245111867, 0.9935232610539001, 8.24582263581064e-10, 0.0, 0.0, 0.0, 1.0]}, {"left_foot_pose": [1.0000000000000002, 6.669926479093678e-11, 4.1916803361630054e-10, -7.475318626580848e-11, -2.1585154594069946e-11, 0.9942893050840792, -0.10671821679272894, 1.1813524984638502e-10, -4.238924650579722e-10, 0.10671821679272865, 0.9942893050840789, 1.0925186935684117e-09, 0.0, 0.0, 0.0, 1.0], "right_foot_pose": [0.9999999999999999, 8.328390989099312e-11, 4.324854363524362e-10, -7.949413063831315e-11, -2.631410548255194e-11, 0.9915021881240561, -0.13009001093554073, -0.1399999999633742, -4.396447839457381e-10, 0.13009001093554054, 0.9915021881240561, 8.980818172465987e-10, 0.0, 0.0, 0.0, 1.0]}, {"left_foot_pose": [1.0000000000000004, 6.352026600611513e-11, 3.4792163594587914e-10, -6.320405193005343e-11, -2.0362401092743033e-11, 0.9924481271661694, -0.12266505160135767, 9.88841057647516e-11, -3.5308600045362366e-10, 0.12266505160135738, 0.9924481271661696, 9.541493983800109e-10, 0.0, 0.0, 0.0, 1.0], "right_foot_pose": [0.9999999999999998, 7.779747459839094e-11, 3.6047553830798015e-10, -6.715262299276137e-11, -2.4260640331232123e-11, 0.9892553092322168, -0.14619826659667015, -0.1399999999608077, -3.679761724997766e-10, 0.14619826659667, 0.9892553092322168, 7.624326031629991e-10, 0.0, 0.0, 0.0, 1.0]}, {"left_foot_pose": [1.0000000000000002, 1.1648686685437822e-10, 5.189683127682067e-10, -5.487977702636859e-10, -3.570917699559833e-11, 0.988225131498266, -0.15300682819807745, -3.975027890179561e-09, -5.30681080122604e-10, 0.1530068281980772, 0.9882251314982661, 0.0027585238271283785, 0.0, 0.0, 0.0, 1.0], "right_foot_pose": [1.0, 7.529681163359313e-11, 2.892973638424218e-10, -2.970189859892412e-11, -2.292117029983309e-11, 0.9842220998099697, -0.17693744161611036, -0.1400000001308067, -2.9805579276572937e-10, 0.17693744161611016, 0.9842220998099696, 4.749597451447762e-10, 0.0, 0.0, 0.0, 1.0]}, {"left_foot_pose": [1.0000000000000004, 1.2039703450113406e-10, 4.819127874533514e-10, -1.0424240329257353e-09, -3.620602615486143e-11, 0.9852675015401855, -0.17102032162512695, -5.864529840915456e-09, -4.954035635241833e-10, 0.17102032162512668, 0.9852675015401856, 0.00908448296906629, 0.0, 0.0, 0.0, 1.0], "right_foot_pose": [1.0, 3.9281707458898306e-11, 1.4205003839862203e-10, 7.995723366886685e-12, -1.1829315589072658e-11, 0.9821094978920525, -0.18831073827644806, -0.1400000001482624, -1.469059742313171e-10, 0.18831073827644787, 0.9821094978920525, 2.18267591500787e-10, 0.0, 0.0, 0.0, 1.0]}, {"left_foot_pose": [1.0000000000000002, 6.833491787013938e-11, 2.5241914114459855e-10, -7.705088746880087e-10, -2.009080003476717e-11, 0.9824773742354368, -0.1863818905243817, -3.590664487962414e-09, -2.607326827363924e-10, 0.18638189052438137, 0.9824773742354369, 0.015819257183573757, 0.0, 0.0, 0.0, 1.0], "right_foot_pose": [1.0, 1.0873313389776523e-11, 3.79156706031835e-11, 1.596080659789516e-11, -3.2554487602603082e-12, 0.9807259885890935, -0.19538816572644654, -0.14000000006739097, -3.930952662833168e-11, 0.1953881657264464, 0.9807259885890935, 5.022448429370385e-11, 0.0, 0.0, 0.0, 1.0]}, {"left_foot_pose": [1.0000000000000007, 1.283516013376472e-12, 5.326239449487935e-12, -4.812248746541181e-11, -2.2499122896070764e-13, 0.98098411260589, -0.19408804912934557, -1.6623298224049954e-10, -5.474291250926286e-12, 0.19408804912934535, 0.9809841126058905, 0.019803773426502268, 0.0, 0.0, 0.0, 1.0], "right_foot_pose": [0.9999999999999999, 3.670919724705045e-14, 6.539213615042146e-14, 3.588593820074924e-12, -2.3020026557209484e-14, 0.9802561736932535, -0.19773172212941037, -0.1399999999977846, -7.144575565748771e-14, 0.1977317221294102, 0.9802561736932536, -6.262414198321409e-12, 0.0, 0.0, 0.0, 1.0]}, {"left_foot_pose": [1.0000000000000007, 1.3944102400784908e-11, 4.9641346588913154e-11, -2.711273078892207e-12, -4.181677897311841e-12, 0.9815012736595815, -0.1914556079215772, 2.5485464433261384e-11, -5.1392808785886944e-11, 0.19145560792157695, 0.9815012736595816, 0.020000000082546626, 0.0, 0.0, 0.0, 1.0], "right_foot_pose": [0.9999999999999998, 1.1679353225947349e-11, 4.050748625417092e-11, -5.728275392928817e-12, -3.5509828580495065e-12, 0.9807792029860883, -0.19512087276858314, -0.13999999998955037, -4.200787087309255e-11, 0.19512087276858295, 0.9807792029860882, 6.989021861247835e-11, 0.0, 0.0, 0.0, 1.0]}, {"left_foot_pose": [1.0000000000000007, 5.2287068264460856e-11, 1.9397228268047596e-10, -1.594698947002256e-11, -1.585727260433216e-11, 0.9830676363122175, -0.18324306927005687, 8.79287684329988e-11, -2.0026924653346502e-10, 0.1832430692700566, 0.9830676363122176, 0.02000000033475985, 0.0, 0.0, 0.0, 1.0], "right_foot_pose": [1.0, 4.3695669044660085e-11, 1.5776663309097188e-10, -2.433814230555188e-11, -1.3302318335162168e-11, 0.9822219360637323, -0.1877233824413295, -0.13999999996698576, -1.6316486328163536e-10, 0.1877233824413293, 0.9822219360637323, 2.804282084323262e-10, 0.0, 0.0, 0.0, 1.0]}, {"left_foot_pose": [1.0000000000000007, 1.7674694535824859e-10, 7.109459687626411e-10, -4.1527625062924796e-10, -5.484719048818624e-11, 0.9857988631599495, -0.16793034684818603, -2.796604874760744e-09, -7.305310119352965e-10, 0.16793034684818578, 0.9857988631599496, 0.018785002072979562, 0.0, 0.0, 0.0, 1.0], "right_foot_pose": [1.0, 9.691128558781669e-11, 3.746358778755614e-10, -6.119388400196011e-11, -2.9760493617835646e-11, 0.9845257692276019, -0.17523986340670106, -0.14000000008012886, -3.858214379811221e-10, 0.17523986340670086, 0.9845257692276016, 6.581865955035404e-10, 0.0, 0.0, 0.0, 1.0]}, {"left_foot_pose": [1.0000000000000002, 2.7515416363325585e-10, 1.2990444830940312e-09, -1.1806759289205328e-09, -8.712508764241543e-11, 0.9897833069126967, -0.14257982100201824, -7.632247434746775e-09, -1.3250041805763626e-09, 0.14257982100201805, 0.9897833069126966, 0.01335758538756323, 0.0, 0.0, 0.0, 1.0], "right_foot_pose": [0.9999999999999998, 1.6008871947410992e-10, 6.885865766470534e-10, -1.040103522942218e-10, -4.985206860774989e-11, 0.987566709128631, -0.15720049306807563, -0.14000000027498025, -7.0519137276164e-10, 0.1572004930680755, 0.9875667091286309, 1.2264604609679708e-09, 0.0, 0.0, 0.0, 1.0]}, {"left_foot_pose": [1.0000000000000004, 2.62543853845909e-10, 1.5708759848465047e-09, -1.1456256723165986e-09, -8.4863813894317e-11, 0.9937018883641519, -0.11205604428820258, -8.242970125915683e-09, -1.5904021893837792e-09, 0.11205604428820229, 0.9937018883641516, 0.0064063742253720884, 0.0, 0.0, 0.0, 1.0], "right_foot_pose": [0.9999999999999998, 2.1476491303623845e-10, 1.0838167030513531e-09, -1.6424826206517562e-10, -6.802092238434243e-11, 0.9910328261427813, -0.13361862709761751, -0.14000000035614407, -1.1027944501664898e-09, 0.13361862709761732, 0.9910328261427811, 1.946696706611739e-09, 0.0, 0.0, 0.0, 1.0]}, {"left_foot_pose": [1.0000000000000002, 2.003805467344414e-10, 1.6875925101800216e-09, -5.234691042607442e-10, -6.564099483258699e-11, 0.996837609721689, -0.07946558905809932, -3.940908375674179e-09, -1.698179024966716e-09, 0.07946558905809901, 0.9968376097216891, 0.0010904445046045, 0.0, 0.0, 0.0, 1.0], "right_foot_pose": [0.9999999999999998, 2.3962791603599775e-10, 1.5399096442436627e-09, -2.4346243153860063e-10, -7.723426158248957e-11, 0.9945140669296708, -0.10460291907497977, -0.14000000021276185, -1.5565274609908084e-09, 0.10460291907497961, 0.9945140669296707, 2.7753521772422296e-09, 0.0, 0.0, 0.0, 1.0]}, {"left_foot_pose": [1.0000000000000004, 1.31925627770484e-10, 1.9569729170498797e-09, -2.732462814204114e-10, -4.342823015994057e-11, 0.9989800990490552, -0.04515264891388739, 4.764881995911185e-10, -1.9609339636807556e-09, 0.04515264891388713, 0.9989800990490552, 3.6938630695870778e-09, 0.0, 0.0, 0.0, 1.0], "right_foot_pose": [0.9999999999999998, 2.097952971687561e-10, 1.991657838651405e-09, -3.150588057498717e-10, -6.86841216259041e-11, 0.9975055327138972, -0.07058832910024294, -0.1400000000291638, -2.001498864307618e-09, 0.07058832910024276, 0.9975055327138972, 3.6053555002579785e-09, 0.0, 0.0, 0.0, 1.0]}, {"left_foot_pose": [1.0000000000000004, 2.568436867885896e-11, 2.1856144116760845e-09, -3.161880423932366e-10, -8.629782411438375e-12, 0.9999695592661096, -0.007802598358476667, 3.8671590062155925e-10, -2.185748504164992e-09, 0.007802598358476395, 0.9999695592661095, 4.038709054687839e-09, 0.0, 0.0, 0.0, 1.0], "right_foot_pose": [1.0, 1.089650231565304e-10, 2.1994713828021864e-09, -3.447995316033369e-10, -3.6092277711168827e-11, 0.9994518872123604, -0.03310476019624912, -0.1400000001833394, -2.2018731824519007e-09, 0.03310476019624894, 0.9994518872123602, 4.025930970541491e-09, 0.0, 0.0, 0.0, 1.0]}, {"left_foot_pose": [1.0000000000000004, -9.239831447451001e-11, 2.066795623534292e-09, -3.102648613021329e-10, 3.022408543138544e-11, 0.9995480245962931, 0.0300623772454736, 2.2340867870951353e-10, -2.0686396157836246e-09, -0.030062377245473865, 0.9995480245962931, 3.764920347704148e-09, 0.0, 0.0, 0.0, 1.0], "right_foot_pose": [0.9999999999999998, -1.4364311851972552e-11, 2.0563386549099505e-09, -3.200648433374585e-10, 4.5654806726566155e-12, 0.9999886467221305, 0.004765126109761459, -0.14000000031068432, -2.0563837781082207e-09, -0.00476512610976164, 0.9999886467221304, 3.836269420187666e-09, 0.0, 0.0, 0.0, 1.0]}, {"left_foot_pose": [1.0000000000000007, -1.6000121505130378e-10, 1.648274128296382e-09, -2.5617520531466476e-10, 5.204166738252887e-11, 0.9978662268046292, 0.06529160284977835, 7.32042447493253e-11, -1.655203960142988e-09, -0.06529160284977858, 0.9978662268046293, 2.983779050225177e-09, 0.0, 0.0, 0.0, 1.0], "right_foot_pose": [0.9999999999999997, -9.634522808059776e-11, 1.622717904492533e-09, -2.52191774327544e-10, 3.155229822562653e-11, 0.9992044189250558, 0.03988143930002588, -0.140000000341411, -1.625269433481353e-09, -0.03988143930002605, 0.9992044189250557, 3.1056825444686353e-09, 0.0, 0.0, 0.0, 1.0]}, {"left_foot_pose": [1.0000000000000004, -1.6377729561502264e-10, 1.1345617778602024e-09, 2.42815841143959e-10, 5.4788534634695334e-11, 0.995438610981566, 0.09540425444963738, 2.1899603137864876e-10, -1.1450119282033659e-09, -0.09540425444963765, 0.9954386109815662, 2.0383048512928603e-09, 0.0, 0.0, 0.0, 1.0], "right_foot_pose": [0.9999972924405854, 0.0023210326708893135, 0.0001670893133970239, -1.3611540167627928e-09, -0.0023270389557686682, 0.9974497436179359, 0.07133438053430112, -0.14011634664050174, -1.093765031378479e-06, -0.07133457621556907, 0.9974524440969349, 0.0018002395531035928, 0.0, 0.0, 0.0, 1.0]}, {"left_foot_pose": [1.0000000000000004, -1.1652850169138415e-10, 5.881287123976642e-10, 5.564994791770705e-10, 4.5404421021488516e-11, 0.9928326057868857, 0.11951324983625537, 1.9322374950059285e-10, -5.978403612374989e-10, -0.11951324983625562, 0.9928326057868857, 1.2336603336104979e-09, 0.0, 0.0, 0.0, 1.0], "right_foot_pose": [0.9999489666920086, 0.010050468310279653, 0.0010257184449470155, -3.4849009616618257e-09, -0.010102673032415632, 0.994812180575059, 0.10122579403045548, -0.14050513045831808, -3.03056778796686e-06, -0.10123099064140484, 0.9948629486138154, 0.0069680829828172655, 0.0, 0.0, 0.0, 1.0]}, {"left_foot_pose": [1.0000000000000004, -4.5957287385361075e-11, 9.777834097946059e-11, 6.132961681537369e-10, 3.2095853893159706e-11, 0.9905274330877384, 0.13731498206902606, 4.4110499107519185e-11, -1.0316307345585712e-10, -0.1373149820690263, 0.9905274330877386, 6.310978128976075e-10, 0.0, 0.0, 0.0, 1.0], "right_foot_pose": [0.9997517255126448, 0.022095791237767858, 0.0028746032883523705, -4.797431465351472e-09, -0.022281995112324014, 0.9914278494599598, 0.12874133760767528, -0.14111417460924433, -5.320036771752824e-06, -0.12877342631450053, 0.9916740415312485, 0.013246765833964447, 0.0, 0.0, 0.0, 1.0]}, {"left_foot_pose": [1.0000000000000002, 1.6550131953360095e-11, -2.773903884367716e-10, 4.5562597033699296e-10, 2.4886045097835985e-11, 0.9888802385963635, 0.14871406696610961, -1.2022730207228438e-10, 2.767667890128915e-10, -0.14871406696610986, 0.9888802385963633, 2.4279922516967645e-10, 0.0, 0.0, 0.0, 1.0], "right_foot_pose": [0.9992867249845213, 0.03732711315057893, 0.00572082979586972, -3.5257165543209693e-09, -0.03776296087069812, 0.9877832636457372, 0.15118922860989245, -0.14188857577831665, -7.482483055851705e-06, -0.15129742458224507, 0.9884882848363922, 0.018333321630653293, 0.0, 0.0, 0.0, 1.0]}, {"left_foot_pose": [1.0000000000000004, 4.420032887042898e-11, -4.943120912592756e-10, 1.557670864560655e-10, 3.227044448621512e-11, 0.9881270212733854, 0.15363915461036354, -1.9022437444671247e-10, 4.952338175630106e-10, -0.15363915461036382, 0.9881270212733856, 8.207674817573007e-11, 0.0, 0.0, 0.0, 1.0], "right_foot_pose": [0.9984619872768526, 0.05468311426877057, 0.009133289496480564, -4.5220665580159025e-10, -0.055440597788416715, 0.9848465812586453, 0.16432757376661158, -0.14277342768959833, -8.945442464934952e-06, -0.16458119089685438, 0.9863635392303146, 0.02000000084884987, 0.0, 0.0, 0.0, 1.0]}, {"left_foot_pose": [1.0000000000000007, 2.3399562595116184e-11, -5.286099336032641e-10, -1.4840494917893983e-10, 5.735290868251378e-11, 0.988342455824799, 0.15224713466665338, -1.9802690303521997e-10, 5.260102129154155e-10, -0.1522471346666536, 0.9883424558247994, 1.2524624393162043e-10, 0.0, 0.0, 0.0, 1.0], "right_foot_pose": [0.9972427287559807, 0.0731361439108554, 0.012571570990776888, -3.202439597142434e-10, -0.07420875860313937, 0.9828501947526587, 0.16881514985700005, -0.14371382546004158, -9.481902357823997e-06, -0.1692826013756615, 0.9855675526221337, 0.020000000634053806, 0.0, 0.0, 0.0, 1.0]}, {"left_foot_pose": [1.0000000000000004, -4.524410681786425e-11, -3.7584779732924217e-10, -4.741488133271002e-10, 9.912309193694123e-11, 0.9894875734057543, 0.14461791754686817, -1.9835785618205204e-10, 3.6535335694447796e-10, -0.14461791754686842, 0.9894875734057543, 3.866043388200957e-10, 0.0, 0.0, 0.0, 1.0], "right_foot_pose": [0.9956695211711123, 0.09165670901056677, 0.015532298742925402, -1.6405126172444606e-10, -0.09296345802678153, 0.9816901290162888, 0.16625969464570994, -0.14465486915091744, -9.087904534378305e-06, -0.16698364676019697, 0.9859596653170328, 0.020000000577010922, 0.0, 0.0, 0.0, 1.0]}, {"left_foot_pose": [1.0000000000000007, -1.5057804574654117e-10, -2.4397428521891112e-11, -8.232368470487339e-10, 1.5247476906680535e-10, 0.9914414398446589, 0.13055217868251107, -1.1320925967506223e-11, 4.52995977439292e-12, -0.1305521786825113, 0.991441439844659, 8.895566921962583e-10, 0.0, 0.0, 0.0, 1.0], "right_foot_pose": [0.9938642511277225, 0.10926154087930334, 0.017197849139116626, 1.1419695926731532e-09, -0.11060673700526671, 0.9817877288730017, 0.15446360465637518, -0.1455416535348657, -7.705793266827319e-06, -0.15541805274508352, 0.9878487884395806, 0.018419945513074236, 0.0, 0.0, 0.0, 1.0]}, {"left_foot_pose": [1.0000000000000004, -2.56526311731941e-10, 5.012318893271633e-10, -1.0457391585839207e-09, 1.9990252152970708e-10, 0.9939458239615147, 0.10987128391652917, 2.3538005745893376e-10, -5.263825362717471e-10, -0.10987128391652945, 0.9939458239615148, 1.6363079571868333e-09, 0.0, 0.0, 0.0, 1.0], "right_foot_pose": [0.992023927641792, 0.12492957336559164, 0.016766892521959436, -3.871195974457925e-11, -0.12604970033955207, 0.9832142370936419, 0.13191374841416847, -0.14631927665127706, -5.519128971244137e-06, -0.13297505658979333, 0.9911193844812441, 0.013389171163384755, 0.0, 0.0, 0.0, 1.0]}, {"left_foot_pose": [1.0000000000000007, -3.139046456404202e-10, 1.1511360753502293e-09, -1.0706041258073255e-09, 2.1758548957056742e-10, 0.996571296731386, 0.08273844651142687, 4.120681261488013e-10, -1.1731615064358922e-09, -0.08273844651142712, 0.9965712967313863, 2.5794393843092678e-09, 0.0, 0.0, 0.0, 1.0], "right_foot_pose": [0.9904025014313064, 0.13747107916353016, 0.0143034105102781, -1.0260529045326428e-09, -0.13821318731885796, 0.9850870729344643, 0.10247230644701633, -0.14693283997772266, -3.1262409026978355e-06, -0.10346574858871611, 0.9946330171772919, 0.007112082289245258, 0.0, 0.0, 0.0, 1.0]}, {"left_foot_pose": [1.0000000000000004, -2.682386412937629e-10, 1.820803618990402e-09, -8.352861801553489e-10, 1.7751194672329217e-10, 0.998766860486346, 0.04964633314001, 4.288082978975982e-10, -1.8318758141699906e-09, -0.04964633314001027, 0.9987668604863462, 3.5782647886395402e-09, 0.0, 0.0, 0.0, 1.0], "right_foot_pose": [0.9892809047135804, 0.14567113929412434, 0.01015926896144756, -6.597386205051126e-10, -0.1460249689877795, 0.9868843225061991, 0.0688189103633474, -0.14732744213960502, -1.0941885672891353e-06, -0.0695647408406892, 0.9975774390144206, 0.0018916455522980588, 0.0, 0.0, 0.0, 1.0]}, {"left_foot_pose": [1.0000000000000004, 3.77381459101653e-11, 2.2162667256964137e-09, 5.149129659143842e-10, -6.45919808723717e-11, 0.9999265733364525, 0.012118083001071953, 2.1815316914031158e-10, -2.2156468427322854e-09, -0.012118083001072217, 0.9999265733364529, 4.182206275737954e-09, 0.0, 0.0, 0.0, 1.0], "right_foot_pose": [0.9889200216637861, 0.1483701866958466, 0.0048454568758872505, 8.039250389522967e-10, -0.14844928680359648, 0.9883930834046327, 0.03227881542724506, -0.14745000040696632, -2.190801259384728e-09, -0.032640471469055785, 0.9994671578507609, 4.508442889850084e-09, 0.0, 0.0, 0.0, 1.0]}, {"left_foot_pose": [1.0000000000000002, 6.750917643877896e-10, -6.408740760299865e-10, 5.318051073790477e-09, -6.919540983716132e-10, 0.9996438346433105, -0.026687147835966454, -6.635543798455545e-10, 6.226292705683652e-10, 0.02668714783596618, 0.9996438346433105, 4.375797765798772e-09, 0.0, 0.0, 0.0, 1.0], "right_foot_pose": [0.9889200216823821, 0.14844641292702945, -0.0009236908653993016, 5.750477501727941e-09, -0.1484492866797175, 0.9889008777194375, -0.006153318617579679, -0.14744999911670598, 6.311578000469013e-10, 0.006222261230796393, 0.9999806415452133, 5.21888467858167e-09, 0.0, 0.0, 0.0, 1.0]}, {"left_foot_pose": [1.0000000000000004, 3.050811230922925e-10, 1.5785249218858101e-09, 1.6178717291910467e-09, -2.035124578593469e-10, 0.9979532170122907, -0.06394823418062925, 3.078327193845043e-10, -1.5948038717027356e-09, 0.063948234180629, 0.9979532170122908, 3.7030259136816568e-09, 0.0, 0.0, 0.0, 1.0], "right_foot_pose": [0.9889200216674036, 0.1483093250989746, -0.006444752441180368, 1.699875106127291e-09, -0.1484492867794972, 0.9879876428184725, -0.04293281836377873, -0.147449999910005, -1.5432186140399596e-09, 0.04341384256991426, 0.9990571746768624, 3.866288719733824e-09, 0.0, 0.0, 0.0, 1.0]}, {"left_foot_pose": [0.9999938551424103, 0.0034888371566061246, -0.00034306371901522416, 0.0002574950140459232, -0.0035056626588653487, 0.9952663037564969, -0.09712206204670235, -1.9222623078168216e-05, 2.5967007823136704e-06, 0.09712266791113135, 0.995272418672939, 0.0013721640180452202, 0.0, 0.0, 0.0, 1.0], "right_foot_pose": [0.9889200216417793, 0.14802082353707297, -0.011270607589178297, -6.848248630501874e-10, -0.14844928695019896, 0.9860657395488188, -0.07508106613533493, -0.1474500003337358, -1.2338062342863154e-09, 0.07592228320755215, 0.9971137382026948, 2.5358191657609552e-09, 0.0, 0.0, 0.0, 1.0]}, {"left_foot_pose": [0.9998402202910831, 0.017730047899804875, -0.0022758052971857436, 0.0013130507441189185, -0.017875509403095794, 0.9917551751205241, -0.12689420311913174, -9.801033589916866e-05, 7.2013815408025575e-06, 0.12691460917928327, 0.9919136464052761, 0.006257913893460761, 0.0, 0.0, 0.0, 1.0], "right_foot_pose": [0.9889200216396972, 0.14766593365184483, -0.015230326288997441, -9.812017170984788e-10, -0.14844928696406842, 0.9837015807910443, -0.10145939655379783, -0.1474500003536197, -4.734192115026098e-10, 0.10259615971336399, 0.9947230911223836, 1.546143296726754e-09, 0.0, 0.0, 0.0, 1.0]}, {"left_foot_pose": [0.9991466153802239, 0.04081739944672085, -0.0063230433061018275, 0.0030347206279684623, -0.04130424704264425, 0.9874151872419707, -0.1526604309575496, -0.0002265122633182369, 1.2267199930610234e-05, 0.15279132143649823, 0.9882584742582302, 0.012525440960025273, 0.0, 0.0, 0.0, 1.0], "right_foot_pose": [0.9889200216419716, 0.1473210651804326, -0.018267308223838916, -9.328558234038276e-10, -0.14844928694891726, 0.9814041817931453, -0.12169076038584749, -0.14745000017754767, 2.383201070190738e-10, 0.1230541982747051, 0.9923999517769888, 8.009610474868367e-10, 0.0, 0.0, 0.0, 1.0]}, {"left_foot_pose": [0.9974358043616949, 0.07049156915906027, -0.012359403498261121, 0.005261194271162145, -0.07156686310992132, 0.9824897705090699, -0.17202335582600897, -0.00039268917574029547, 1.67912224530189e-05, 0.17246677802559335, 0.9850153350052611, 0.017871777881442168, 0.0, 0.0, 0.0, 1.0], "right_foot_pose": [0.9889200216449809, 0.14704623599500455, -0.020361612642222904, -6.194637463576014e-10, -0.14844928692887163, 0.9795733613873921, -0.13564231961491832, -0.1474499999289161, 7.982050545304563e-10, 0.13716207252702006, 0.9905486186250992, 3.1778388254188883e-10, 0.0, 0.0, 0.0, 1.0]}, {"left_foot_pose": [0.9943218420663273, 0.10463041784713084, -0.01940489760244101, 0.007831161728939431, -0.10641463246790904, 0.9776840742992616, -0.18113469258625411, -0.0005845044499423399, 1.9660777402718593e-05, 0.18217114624092295, 0.9832668371763195, 0.020000000167483545, 0.0, 0.0, 0.0, 1.0], "right_foot_pose": [0.9889200216457893, 0.1468849638160104, -0.021494143222287147, -1.21342366710131e-10, -0.1484492869234839, 0.9784990199031883, -0.1431868613400318, -0.14744999974605116, 1.129807876749252e-09, 0.14479114425015646, 0.9894622400813132, 1.0452454873854933e-10, 0.0, 0.0, 0.0, 1.0]}, {"left_foot_pose": [0.989637695267091, 0.1411679939572922, -0.02624556321581346, 0.010583315676034401, -0.14358701782535832, 0.972991197794297, -0.18075092621295266, -0.0007899201984682518, 2.0456330734990114e-05, 0.18264645218808373, 0.9831786577650298, 0.020000000135981515, 0.0, 0.0, 0.0, 1.0], "right_foot_pose": [0.9889200216429289, 0.1468589916106373, -0.02167088777266446, 3.641144109313432e-10, -0.14844928694254017, 0.9783260016054107, -0.1443642746285296, -0.14744999973886924, 1.189323392395023e-09, 0.14598174942737488, 0.9892872832671625, 9.372877474156383e-11, 0.0, 0.0, 0.0, 1.0]}, {"left_foot_pose": [0.9835130405347899, 0.17798520602621357, -0.03199008492986424, 0.013356345001072259, -0.1808372160887419, 0.9680208526182957, -0.17387791744043374, -0.0009968938514386128, 1.9372330094126387e-05, 0.1767961971648568, 0.9842474812224612, 0.02000000030312591, 0.0, 0.0, 0.0, 1.0], "right_foot_pose": [0.9889200216367782, 0.14696973269761085, -0.02090666106069778, 8.027334127275187e-10, -0.14844928698351528, 0.9790637215575023, -0.139273250569015, -0.1474499997629007, 9.753725944581897e-10, 0.1408336848938011, 0.9900332687335481, 2.970301365978756e-10, 0.0, 0.0, 0.0, 1.0]}, {"left_foot_pose": [0.9764015247518114, 0.21327832383767126, -0.033947298026970205, 0.015988938891828113, -0.21596310382198397, 0.9642747337662869, -0.1534085252113847, -0.001193388056990756, 1.5808647548092392e-05, 0.1571196817745968, 0.9875795691229832, 0.018822988637593623, 0.0, 0.0, 0.0, 1.0], "right_foot_pose": [0.9889200216371935, 0.14731407939286037, -0.018323559090031995, 7.511336223148257e-10, -0.14844928698074586, 0.9813576443252485, -0.12206548701130561, -0.14745000007157494, -6.046344261188922e-11, 0.12343312333823964, 0.9923528929080456, 7.727897349818491e-10, 0.0, 0.0, 0.0, 1.0]}, {"left_foot_pose": [0.969058089075597, 0.24466102646727408, -0.03267112065927752, 0.01831978985720662, -0.24683277713880578, 0.9605379044208378, -0.1282205689457459, -0.0013673623559324229, 1.1273760658448826e-05, 0.13231748296731655, 0.9912073867632831, 0.014090245782271735, 0.0, 0.0, 0.0, 1.0], "right_foot_pose": [0.9889200216330066, 0.14764431822459398, -0.01543846201434243, 8.13140749178487e-10, -0.14844928700863957, 0.9835575855792333, -0.10284592863198846, -0.14745000033025185, -5.911619018288286e-10, 0.10399822664615162, 0.9945774825796408, 1.5100310724047716e-09, 0.0, 0.0, 0.0, 1.0]}, {"left_foot_pose": [0.9624689341066542, 0.26999137697814096, -0.02753556313295599, 0.020187587051746343, -0.2713918768834015, 0.9575045787719464, -0.09762904686856062, -0.0015067723671516355, 6.426981762966902e-06, 0.10143785283712613, 0.9948418778733074, 0.00784025138469286, 0.0, 0.0, 0.0, 1.0], "right_foot_pose": [0.9889200216344779, 0.14799745051162835, -0.011573480570741397, 6.500932262128167e-10, -0.14844928699883733, 0.9859100358501955, -0.07709870556243423, -0.14745000052641755, -1.216575885415862e-09, 0.07796252851161402, 0.9969562899887217, 2.437078087946798e-09, 0.0, 0.0, 0.0, 1.0]}, {"left_foot_pose": [0.957737068188828, 0.2869969279586986, -0.01929952225675978, 0.021431020509417413, -0.287645108095937, 0.9555794505729844, -0.06425111229473257, -0.0015995770942416991, 2.355027917959367e-06, 0.06708708508277363, 0.9977471237791428, 0.0023759713449714517, 0.0, 0.0, 0.0, 1.0], "right_foot_pose": [0.9889200216449091, 0.14829347426872894, -0.006799726401987145, 2.3276951329961881e-10, -0.14844928692934847, 0.9878820487020231, -0.04529753925393622, -0.14745000053754198, -1.8231822532565412e-09, 0.045805058035153196, 0.9989503974964903, 3.407886750572686e-09, 0.0, 0.0, 0.0, 1.0]}, {"left_foot_pose": [0.9559258806936738, 0.29347173769349194, -0.008947055112589699, 0.021888781327930717, -0.2936080901814953, 0.9554819473463412, -0.029129670015634258, -0.001633737441829151, 1.4764065885691349e-08, 0.030472733228367105, 0.9995355984303878, 3.7841009042222096e-07, 0.0, 0.0, 0.0, 1.0], "right_foot_pose": [0.9889200216646696, 0.14844322254254705, -0.0013418017487088736, -3.84458833041848e-10, -0.1484492867977107, 0.9888796234722059, -0.00893865374200132, -0.1474500002415818, -2.1586171936049683e-09, 0.009038803164812516, 0.9999591491842792, 4.012298424060923e-09, 0.0, 0.0, 0.0, 1.0]}, {"left_foot_pose": [0.9559256184348963, 0.29360147068011766, 0.002094859024847196, 0.021888842332893198, -0.29360894403928123, 0.9559012867960991, 0.00682040187237906, -0.0016337424506709317, 1.5828518338103552e-09, -0.007134866224025265, 0.9999745465180434, 4.5056543704347085e-09, 0.0, 0.0, 0.0, 1.0], "right_foot_pose": [0.9889200217607699, 0.14838906386174366, 0.004228035822188491, -4.6190412636253064e-09, -0.1484492861575236, 0.9885188404523317, 0.028165786161567626, -0.14744999898588074, 1.573104303241943e-09, -0.02848135876345916, 0.9995943238149099, 4.11254554716356e-09, 0.0, 0.0, 0.0, 1.0]}, {"left_foot_pose": [0.9559256184310635, 0.29333381699028266, 0.012707629090478106, 0.021888844697804603, -0.29360894405176013, 0.9550298658190831, 0.04137322040155222, -0.0016337424067902773, -6.435907801440363e-10, -0.043280794857495475, 0.9990629473644314, 3.6673656472752114e-09, 0.0, 0.0, 0.0, 1.0], "right_foot_pose": [0.9889200217036385, 0.14814133121794504, 0.009557021431926778, -2.7184825974503612e-09, -0.14844928653811437, 0.9868685255666604, 0.0636657095476868, -0.14744999990465732, -6.840053923891108e-10, -0.06437902788067515, 0.99792551864813, 3.6291276442335096e-09, 0.0, 0.0, 0.0, 1.0]}, {"left_foot_pose": [0.9559256184945235, 0.2927585581878255, 0.02233021526205659, 0.02188884763994641, -0.2936089438451491, 0.9531569517137782, 0.07270222482039489, -0.0016337426006003426, -1.39482845772191e-09, -0.07605427014629135, 0.9971036796605034, 2.526086229082125e-09, 0.0, 0.0, 0.0, 1.0], "right_foot_pose": [0.9885438272439343, 0.1502158886749295, 0.014706747006583412, -0.0001805006207344275, -0.1509340969197324, 0.9838413523063215, 0.09630727843259436, -0.1474089695780963, -2.2224473680687935e-06, -0.09742371519126986, 0.9952429953098846, 0.0009950884727602458, 0.0, 0.0, 0.0, 1.0]}, {"left_foot_pose": [0.9559256185066258, 0.29203653218501113, 0.030345934687836442, 0.02188884819334051, -0.2936089438057452, 0.9508061951823492, 0.09879963218625772, -0.0016337427455362687, -7.349647892445479e-10, -0.10335493733836963, 0.9946445379771524, 1.589093232001737e-09, 0.0, 0.0, 0.0, 1.0], "right_foot_pose": [0.9864720730190611, 0.1625949433779297, 0.02087423151648151, -0.0011256656075403365, -0.1639294028140655, 0.9784470396600331, 0.1255728532507785, -0.14719413262885922, -6.819068364204658e-06, -0.1272960131679134, 0.9918647715213272, 0.005566869640375477, 0.0, 0.0, 0.0, 1.0]}, {"left_foot_pose": [0.9559256185071048, 0.29132584708629927, 0.03654398310611243, 0.02188884834138245, -0.2936089438041857, 0.9484923618412647, 0.11897910592608524, -0.0016337429799190189, -2.7916691384512295e-11, -0.1244648157039993, 0.9922240219082435, 8.7274426574524e-10, 0.0, 0.0, 0.0, 1.0], "right_foot_pose": [0.9825367708281025, 0.1838609121330853, 0.02857724549837388, -0.002740740727833953, -0.1860685191744459, 0.9708893422237407, 0.15083895825873794, -0.14682703019276228, -1.195463382658106e-05, -0.1535221487145825, 0.9881452067946006, 0.01179136590442953, 0.0, 0.0, 0.0, 1.0]}, {"left_foot_pose": [0.9559256185019493, 0.29075324495758276, 0.040850488837980634, 0.02188884815951281, -0.29360894382097064, 0.9466280959214721, 0.13300013579099437, -0.001633743180001689, 5.948714829720442e-10, -0.13913230594913967, 0.9902738012495717, 3.8813366409762295e-10, 0.0, 0.0, 0.0, 1.0], "right_foot_pose": [0.9765957716427955, 0.21179987077538626, 0.037436794052672584, -0.004867989695418113, -0.2150830038198833, 0.9617020006627269, 0.16990751422207248, -0.1463435149012543, -1.6650182851612762e-05, -0.17398297807784951, 0.9847486598426696, 0.01736560931027338, 0.0, 0.0, 0.0, 1.0]}, {"left_foot_pose": [0.9559256184976759, 0.29040979383575527, 0.043224571069140176, 0.021888847747590832, -0.2936089438348854, 0.9455098949372429, 0.1407296225956989, -0.0016337432373137598, 1.0343101653336745e-09, -0.14721817218006433, 0.989104043960979, 1.4128360287246622e-10, 0.0, 0.0, 0.0, 1.0], "right_foot_pose": [0.968582747639269, 0.24439629524461823, 0.046020776245836365, -0.007349677698443203, -0.24869149680600167, 0.9518688830284566, 0.17915961860460783, -0.14577943658654524, -1.9797836821860985e-05, -0.1849758913828059, 0.9827430585942504, 0.019986635152060263, 0.0, 0.0, 0.0, 1.0]}, {"left_foot_pose": [0.9559256184860266, 0.2904231957266231, 0.0431344329514636, 0.021888847257812732, -0.29360894387281283, 0.9455535286378117, 0.14043615118079592, -0.0016337429412582524, 5.384263344060061e-10, -0.14691116997873152, 0.9891496894482056, 5.503093120085012e-11, 0.0, 0.0, 0.0, 1.0], "right_foot_pose": [0.9586376321253246, 0.2797068480576355, 0.05270644574255988, -0.010028072008665092, -0.2846293903384337, 0.9420718744064722, 0.17744490302019825, -0.1451706445764096, -2.0705606324096463e-05, -0.18510716518260142, 0.9827183406090164, 0.020000000075455, 0.0, 0.0, 0.0, 1.0]}, {"left_foot_pose": [0.9559256184971346, 0.290668121724703, 0.041451838486422664, 0.021888846932213435, -0.2936089438366466, 0.9463509535693261, 0.1349579963453698, -0.0016337428638694704, 4.3060991369977574e-10, -0.14118043664566773, 0.989983880832683, 2.6368750238869865e-10, 0.0, 0.0, 0.0, 1.0], "right_foot_pose": [0.9471857889042269, 0.3155217293547755, 0.057315962897336495, -0.012745436408378281, -0.32068533005150524, 0.931945392906368, 0.16922973654281956, -0.14455299497327082, -1.9688429921591063e-05, -0.1786723899923173, 0.9839086221122361, 0.020000000268238595, 0.0, 0.0, 0.0, 1.0]}, {"left_foot_pose": [0.9559256185122691, 0.29115739640719185, 0.0378626780526975, 0.02188884663041645, -0.29360894378737296, 0.9479439237757024, 0.12327248478386948, -0.001633742650489157, 1.2038607821138242e-10, -0.12895614717457876, 0.9916502972852324, 7.111574246154717e-10, 0.0, 0.0, 0.0, 1.0], "right_foot_pose": [0.9349662586487376, 0.349886367054336, 0.05846045961075187, -0.015344035310397073, -0.3547366557121561, 0.9221903393539079, 0.1540353306760462, -0.14396233856379015, -1.6808838969762537e-05, -0.16475590475561797, 0.9863343710758644, 0.01917315700128118, 0.0, 0.0, 0.0, 1.0]}, {"left_foot_pose": [0.9559256185270532, 0.29182569746347287, 0.032310588723043585, 0.021888846456524134, -0.2936089437392396, 0.9501197641935697, 0.10519611135913788, -0.0016337423391029502, -3.7066831872436635e-10, -0.11004633564419068, 0.993926458049733, 1.4050687002775675e-09, 0.0, 0.0, 0.0, 1.0], "right_foot_pose": [0.9230111528201895, 0.3809497034521811, 0.054108550241524556, -0.017666134848938378, -0.3847731950365479, 0.9138436789280452, 0.12976640113920912, -0.14343452721650218, -1.2284582139288525e-05, -0.1405953552680558, 0.9900671421303398, 0.014770320115936687, 0.0, 0.0, 0.0, 1.0]}, {"left_foot_pose": [0.9559256185347256, 0.2925555391701288, 0.02484891003402476, 0.02188884645061114, -0.2936089437142602, 0.9524959671967068, 0.08090253793922156, -0.0016337421192871883, -9.896016913635705e-10, -0.0846326708481204, 0.9964122194278405, 2.302362342443409e-0