{"LoopMode": "Wrap", "FrameDuration": 0.0167, "EnableCycleOffsetPosition": true, "EnableCycleOffsetRotation": false, "Debug_info": [{"left_foot_pose": [1.0000000000000007, -1.0658006258607588e-13, 9.142298029729549e-12, -1.722971572819902e-12, 2.7245352964101267e-14, 0.9999620375649145, 0.008713405133775453, 1.0063824773531849e-13, -9.143051227951343e-12, -0.00871340513377572, 0.9999620375649145, 2.138260402073655e-11, 0.0, 0.0, 0.0, 1.0], "right_foot_pose": [0.9999999999999998, 2.0330993004855253e-13, 9.115097565626227e-12, -1.4263834224087668e-12, -7.482640223092434e-14, 0.9999007561195519, -0.014088218891978622, -0.14000000000225418, -9.11728671130482e-12, 0.014088218891978437, 0.9999007561195519, 1.646403846589095e-11, 0.0, 0.0, 0.0, 1.0]}, {"left_foot_pose": [1.0000000000000007, -1.499402566464662e-13, 2.0025481273222574e-11, -3.673529773327129e-12, 3.7084552872631565e-14, 0.9999840273199926, 0.005652000078677357, 1.1308575603719007e-12, -2.0026203881862947e-11, -0.005652000078677626, 0.9999840273199928, 4.535542080796873e-11, 0.0, 0.0, 0.0, 1.0], "right_foot_pose": [1.0, 5.283245331858379e-13, 2.0006163392594086e-11, -3.247816324708134e-12, -1.8508230377158995e-13, 0.9998529161651509, -0.017150686168299432, -0.1400000000040077, -2.0012318406275323e-11, 0.017150686168299248, 0.999852916165151, 3.7861956625473425e-11, 0.0, 0.0, 0.0, 1.0]}, {"left_foot_pose": [1.0000000000000007, -4.706668135872106e-14, 3.472994114517292e-11, -6.285663234849384e-12, -1.8863759756780958e-15, 0.9999989931392242, 0.0014190562140248466, 2.9221538383472634e-12, -3.473023288014902e-11, -0.0014190562140251166, 0.9999989931392244, 7.765300902295991e-11, 0.0, 0.0, 0.0, 1.0], "right_foot_pose": [0.9999999999999998, 1.1288810181796999e-12, 3.475775223193977e-11, -5.758099853849767e-12, -3.852344639053992e-13, 0.9997712852838804, -0.021386377014773306, -0.14000000000594884, -3.477391197974704e-11, 0.021386377014773125, 0.9997712852838803, 6.725757450976033e-11, 0.0, 0.0, 0.0, 1.0]}, {"left_foot_pose": [1.0000000000000007, 3.4820169940840056e-13, 5.300815342224042e-11, -9.516705140848949e-12, -1.3810599902016576e-13, 0.999992170461619, -0.003957147389334504, 5.611146963735436e-12, -5.3009446150024684e-11, 0.003957147389334231, 0.9999921704616193, 1.1803875932248076e-10, 0.0, 0.0, 0.0, 1.0], "right_foot_pose": [0.9999999999999998, 2.144215699482129e-12, 5.314687578916731e-11, -8.930020640928755e-12, -7.20754608237804e-13, 0.9996416673109121, -0.026768208305002084, -0.1400000000078534, -5.3185352172510854e-11, 0.026768208305001904, 0.9996416673109119, 1.0414911294498452e-10, 0.0, 0.0, 0.0, 1.0]}, {"left_foot_pose": [1.0000000000000004, 1.2165690375628237e-12, 7.502354293364987e-11, -1.3395220936837315e-11, -4.3140834726104225e-13, 0.9999452905958043, -0.010460201492967952, 9.423288538368269e-12, -7.50324312217405e-11, 0.010460201492967681, 0.9999452905958042, 1.6724661933142926e-10, 0.0, 0.0, 0.0, 1.0], "right_foot_pose": [1.0, 3.763911817550391e-12, 7.537120927381122e-11, -1.2809910367630228e-11, -1.253332448969464e-12, 0.9994460251932097, -0.03328126688534944, -0.1400000000095028, -7.545486146550575e-11, 0.03328126688534925, 0.9994460251932096, 1.488851611441966e-10, 0.0, 0.0, 0.0, 1.0]}, {"left_foot_pose": [1.0000000000000004, 2.7947918865072237e-12, 1.0135214889572805e-10, -1.802133690178346e-11, -9.598974805892509e-13, 0.9998362474692034, -0.018096360040147717, 1.469768577677666e-11, -1.0138621845707758e-10, 0.018096360040147447, 0.9998362474692035, 2.2704524371697232e-10, 0.0, 0.0, 0.0, 1.0], "right_foot_pose": [0.9999999999999998, 6.250488888810864e-12, 1.0205103428972958e-10, -1.752096298851223e-11, -2.0678831000654814e-12, 0.999161867426511, -0.0409336375218121, -0.14000000001064833, -1.0222137313021996e-10, 0.040933637521811915, 0.999161867426511, 2.0270304185165955e-10, 0.0, 0.0, 0.0, 1.0]}, {"left_foot_pose": [1.0000000000000004, 5.4082014944944365e-12, 1.329401033700605e-10, -2.355992129708229e-11, -1.830207698985773e-12, 0.9996382078885345, -0.026897087749413517, 2.1910187206208853e-11, -1.3303770077378626e-10, 0.02689708774941325, 0.9996382078885347, 3.002550499897616e-10, 0.0, 0.0, 0.0, 1.0], "right_foot_pose": [0.9999999999999998, 9.972302399534746e-12, 1.3419504396594556e-10, -2.325968669779085e-11, -3.2824965987160524e-12, 0.9987612527114377, -0.04975902010972026, -0.1400000000109611, -1.345249992699046e-10, 0.049759020109720074, 0.9987612527114378, 2.6768009336874954e-10, 0.0, 0.0, 0.0, 1.0]}, {"left_foot_pose": [1.0000000000000007, 9.51022470406776e-12, 1.7102480542874317e-10, -3.022870845684527e-11, -3.1896238286676163e-12, 0.9993183223462844, -0.036917348537078294, 3.1687050552897666e-11, -1.7125935974234084e-10, 0.03691734853707801, 0.9993183223462849, 3.9074653235271484e-10, 0.0, 0.0, 0.0, 1.0], "right_foot_pose": [1.0, 1.544323820452453e-11, 1.7312701272587098e-10, -3.0286660722404795e-11, -5.0599217997891375e-12, 0.9982094732408767, -0.059815111235972704, -0.14000000000997112, -1.7374102807725716e-10, 0.059815111235972517, 0.9982094732408765, 3.466308559629816e-10, 0.0, 0.0, 0.0, 1.0]}, {"left_foot_pose": [1.0000000000000007, 1.571562646625051e-11, 2.1691837215342934e-10, -3.8264538337641266e-11, -5.235145906506872e-12, 0.9988362843902548, -0.048229420331067384, 4.477155451931836e-11, -2.174242074550937e-10, 0.0482294203310671, 0.9988362843902552, 5.032066152654835e-10, 0.0, 0.0, 0.0, 1.0], "right_foot_pose": [0.9999999999999998, 2.335279092625362e-11, 2.20277629470189e-10, -3.889270231844507e-11, -7.614703059058583e-12, 0.9974636644415897, -0.07117751132735559, -0.14000000000700474, -2.2138119397472396e-10, 0.07117751132735542, 0.9974636644415896, 4.4275836469376273e-10, 0.0, 0.0, 0.0, 1.0]}, {"left_foot_pose": [1.0000000000000007, 2.477619107278054e-11, 2.7135477198569855e-10, -4.7818537615589096e-11, -8.202228277116916e-12, 0.9981433974375189, -0.06090778400079939, 6.182765063811324e-11, -2.7236030301074803e-10, 0.06090778400079911, 0.9981433974375193, 6.419701367721409e-10, 0.0, 0.0, 0.0, 1.0], "right_foot_pose": [0.9999999999999998, 3.4523805685740806e-11, 2.7652286016532897e-10, -4.928394020061434e-11, -1.1194858111337861e-11, 0.9964721042522005, -0.083924641477887, -0.14000000000116047, -2.784448634313731e-10, 0.08392464147788686, 0.9964721042522003, 5.584510909262264e-10, 0.0, 0.0, 0.0, 1.0]}, {"left_foot_pose": [1.0000000000000004, 3.732449741749845e-11, 3.326104391909717e-10, -5.864537414302252e-11, -1.2275675355275763e-11, 0.9971840789425104, -0.07499275100686713, 8.276873630919113e-11, -3.344731436985448e-10, 0.07499275100686682, 0.9971840789425109, 8.068447576725646e-10, 0.0, 0.0, 0.0, 1.0], "right_foot_pose": [1.0, 4.9589906712819045e-11, 3.4025393613745765e-10, -6.123259531591081e-11, -1.597133801760097e-11, 0.9951764478890003, -0.09810115986588526, -0.13999999999147691, -3.4347769935139153e-10, 0.09810115986588508, 0.9951764478890003, 6.91530915863936e-10, 0.0, 0.0, 0.0, 1.0]}, {"left_foot_pose": [1.0000000000000004, 5.286157075845026e-11, 3.9145658936590073e-10, -6.924584898235082e-11, -1.7256164434225082e-11, 0.9959053255143586, -0.09040233742631124, 1.0484770517071862e-10, -3.9463281129466315e-10, 0.0904023374263109, 0.9959053255143585, 9.802439346340286e-10, 0.0, 0.0, 0.0, 1.0], "right_foot_pose": [1.0, 6.777605084689197e-11, 4.0213044005810125e-10, -7.310645870013189e-11, -2.1643370517844172e-11, 0.9935232610539002, -0.11362891245111889, -0.1399999999777764, -4.0722749242113675e-10, 0.11362891245111867, 0.9935232610539001, 8.24582263581064e-10, 0.0, 0.0, 0.0, 1.0]}, {"left_foot_pose": [1.0000000000000002, 6.669926479093678e-11, 4.1916803361630054e-10, -7.475318626580848e-11, -2.1585154594069946e-11, 0.9942893050840792, -0.10671821679272894, 1.1813524984638502e-10, -4.238924650579722e-10, 0.10671821679272865, 0.9942893050840789, 1.0925186935684117e-09, 0.0, 0.0, 0.0, 1.0], "right_foot_pose": [0.9999999999999999, 8.328390989099312e-11, 4.324854363524362e-10, -7.949413063831315e-11, -2.631410548255194e-11, 0.9915021881240561, -0.13009001093554073, -0.1399999999633742, -4.396447839457381e-10, 0.13009001093554054, 0.9915021881240561, 8.980818172465987e-10, 0.0, 0.0, 0.0, 1.0]}, {"left_foot_pose": [1.0000000000000004, 6.352026600611513e-11, 3.4792163594587914e-10, -6.320405193005343e-11, -2.0362401092743033e-11, 0.9924481271661694, -0.12266505160135767, 9.88841057647516e-11, -3.5308600045362366e-10, 0.12266505160135738, 0.9924481271661696, 9.541493983800109e-10, 0.0, 0.0, 0.0, 1.0], "right_foot_pose": [0.9999999999999998, 7.779747459839094e-11, 3.6047553830798015e-10, -6.715262299276137e-11, -2.4260640331232123e-11, 0.9892553092322168, -0.14619826659667015, -0.1399999999608077, -3.679761724997766e-10, 0.14619826659667, 0.9892553092322168, 7.624326031629991e-10, 0.0, 0.0, 0.0, 1.0]}, {"left_foot_pose": [1.0000000000000004, 1.1649111167353735e-10, 5.189768059743451e-10, -5.530766174357963e-10, -3.571204954972182e-11, 0.9882251217064981, -0.1530068914401517, -3.97493901682644e-09, -5.306901284396227e-10, 0.15300689144015137, 0.9882251217064981, 0.002758523826706466, 0.0, 0.0, 0.0, 1.0], "right_foot_pose": [0.9999999999999998, 7.52982878210598e-11, 2.893023043348814e-10, -2.990051925688723e-11, -2.2921766985660322e-11, 0.9842220892174266, -0.17693750053757504, -0.14000000013074404, -2.980608442798973e-10, 0.17693750053757484, 0.9842220892174267, 4.748506102214556e-10, 0.0, 0.0, 0.0, 1.0]}, {"left_foot_pose": [1.0000000000000004, 1.2041420607716074e-10, 4.819428189861675e-10, -1.067172873688072e-09, -3.6217557390603426e-11, 0.9852674147338982, -0.17102082172525587, -5.864143698408597e-09, -4.954360375426564e-10, 0.17102082172525565, 0.9852674147338981, 0.009084482967043415, 0.0, 0.0, 0.0, 1.0], "right_foot_pose": [0.9999999999999998, 3.928531520187629e-11, 1.4206003040584366e-10, 6.666585034167983e-12, -1.1830883322721867e-11, 0.9821094104174751, -0.18831119448784697, -0.1400000001480477, -1.469164103231492e-10, 0.18831119448784683, 0.9821094104174748, 2.1774401032237378e-10, 0.0, 0.0, 0.0, 1.0]}, {"left_foot_pose": [1.0000000000000002, 6.836561049394898e-11, 2.524546127702353e-10, -8.131564118034064e-10, -2.011394439899285e-11, 0.98247708561499, -0.18638341192680385, -3.5901010671246514e-09, -2.6077315035043816e-10, 0.18638341192680358, 0.9824770856149899, 0.015819257180712323, 0.0, 0.0, 0.0, 1.0], "right_foot_pose": [0.9999999999999997, 1.0875605260730809e-11, 3.7916336736998275e-11, 1.3607947012774507e-11, -3.257515194844842e-12, 0.9807257165398241, -0.1953895312381109, -0.14000000006713034, -3.9310692348741934e-11, 0.19538953123811073, 0.9807257165398241, 4.949251425356849e-11, 0.0, 0.0, 0.0, 1.0]}, {"left_foot_pose": [1.0000000000000002, 1.3124199091836408e-12, 5.3080873030353125e-12, -6.548101178377775e-11, -2.568604436028228e-13, 0.9809834832132772, -0.19409123025718314, -1.6608014269392513e-10, -5.462023254718325e-12, 0.19409123025718286, 0.9809834832132774, 0.019803773425426323, 0.0, 0.0, 0.0, 1.0], "right_foot_pose": [0.9999999999999998, 3.220636820292044e-14, 3.8080649744642636e-14, 2.192336664002566e-12, -2.3974799071838153e-14, 0.9802556015797549, -0.19773455836427, -0.13999999999774618, -4.391219605573666e-14, 0.1977345583642699, 0.9802556015797549, -6.484382475413497e-12, 0.0, 0.0, 0.0, 1.0]}, {"left_foot_pose": [1.0000000000000007, 1.3965152407970489e-11, 4.955474919299239e-11, -6.3665721513720746e-12, -4.218662302674112e-12, 0.981500213399954, -0.1914610432851709, 2.527225650972298e-11, -5.131198449538404e-11, 0.19146104328517063, 0.9815002133999542, 0.020000000082028797, 0.0, 0.0, 0.0, 1.0], "right_foot_pose": [0.9999999999999998, 1.1663586490804867e-11, 4.043604340253629e-11, -7.184555146652881e-12, -3.5492433694492484e-12, 0.9807782407870227, -0.1951257092202693, -0.13999999998979668, -4.1934873660467465e-11, 0.19512570922026914, 0.9807782407870227, 6.990854423127857e-11, 0.0, 0.0, 0.0, 1.0]}, {"left_foot_pose": [1.0000000000000007, 5.230010407145851e-11, 1.938089688735536e-10, -2.3961722759810153e-11, -1.5898357551193853e-11, 0.9830660844303117, -0.18325139465460086, 8.743457347026862e-11, -2.0011126171387356e-10, 0.18325139465460058, 0.983066084430312, 0.02000000033341153, 0.0, 0.0, 0.0, 1.0], "right_foot_pose": [1.0, 4.366582065177896e-11, 1.576350716625538e-10, -2.7156065065114963e-11, -1.3296454633230398e-11, 0.9822205269003826, -0.18773075543324044, -0.1399999999675778, -1.6303002662096152e-10, 0.1877307554332403, 0.9822205269003826, 2.80347273173831e-10, 0.0, 0.0, 0.0, 1.0]}, {"left_foot_pose": [1.0000000000000002, 1.76748497077713e-10, 7.106455424121776e-10, -3.671599121344251e-10, -5.48904178948296e-11, 0.9857968492732582, -0.1679421685072513, -2.797913185859091e-09, -7.302358035149265e-10, 0.16794216850725108, 0.9857968492732582, 0.01878500207498013, 0.0, 0.0, 0.0, 1.0], "right_foot_pose": [0.9999999999999997, 9.686778866402538e-11, 3.7442854372571265e-10, -6.107458074388581e-11, -2.974988065929235e-11, 0.9845239147963921, -0.175250281580335, -0.14000000008128605, -3.8561010692333547e-10, 0.17525028158033484, 0.9845239147963918, 6.593959683831585e-10, 0.0, 0.0, 0.0, 1.0]}, {"left_foot_pose": [1.0000000000000002, 2.751671687826887e-10, 1.298637086755145e-09, -1.1006428220166032e-09, -8.717512049261573e-11, 0.9897810548567693, -0.14259545380769462, -7.634105816251013e-09, -1.3246043335978407e-09, 0.14259545380769437, 0.9897810548567689, 0.013357585394102416, 0.0, 0.0, 0.0, 1.0], "right_foot_pose": [0.9999999999999998, 1.600356691934061e-10, 6.88286649896951e-10, -9.996324257422186e-11, -4.9836927928417396e-11, 0.9875644966525846, -0.15721439168004694, -0.14000000027660553, -7.048875045796277e-10, 0.15721439168004678, 0.9875644966525842, 1.2294484180719323e-09, 0.0, 0.0, 0.0, 1.0]}, {"left_foot_pose": [1.0000000000000007, 2.6258150772431115e-10, 1.570394536631876e-09, -1.0675751180698058e-09, -8.492360812079969e-11, 0.9936996628125853, -0.11207577849899297, -8.245138606588487e-09, -1.5899297337784656e-09, 0.11207577849899268, 0.9936996628125853, 0.006406374234976114, 0.0, 0.0, 0.0, 1.0], "right_foot_pose": [1.0, 2.1470964848976804e-10, 1.0833974828372547e-09, -1.5899193885026625e-10, -6.800219714358998e-11, 0.9910304041566868, -0.13363658943954776, -0.1400000003581416, -1.1023729538139856e-09, 0.13363658943954757, 0.9910304041566865, 1.950610721557222e-09, 0.0, 0.0, 0.0, 1.0]}, {"left_foot_pose": [1.0000000000000002, 2.0043623896988002e-10, 1.6870072006014392e-09, -4.713777279086287e-10, -6.570145228437549e-11, 0.9968356634617005, -0.07948999969098344, -3.943195284183965e-09, -1.6976016532388484e-09, 0.07948999969098317, 0.9968356634617007, 0.0010904445086310707, 0.0, 0.0, 0.0, 1.0], "right_foot_pose": [0.9999999999999998, 2.395845121680046e-10, 1.5393440966349187e-09, -2.4066727530921636e-10, -7.721462958687305e-11, 0.9945116727411413, -0.10462567936036171, -0.14000000021533296, -1.5559625792861969e-09, 0.10462567936036156, 0.9945116727411413, 2.7782035491585866e-09, 0.0, 0.0, 0.0, 1.0]}, {"left_foot_pose": [1.0000000000000004, 1.3201146146438716e-10, 1.9561975372894815e-09, -2.9594099798269816e-10, -4.348952065698191e-11, 0.9989787290248331, -0.04518294983652561, 4.730852237733174e-10, -1.9601645788219233e-09, 0.04518294983652534, 0.9989787290248331, 3.687172102362357e-09, 0.0, 0.0, 0.0, 1.0], "right_foot_pose": [0.9999999999999999, 2.0978511288104457e-10, 1.9909297543918557e-09, -3.1396787339619047e-10, -6.866848099431535e-11, 0.9975035256726127, -0.07061668549788798, -0.14000000003279087, -2.0007739994085774e-09, 0.07061668549788779, 0.9975035256726125, 3.60644504537877e-09, 0.0, 0.0, 0.0, 1.0]}, {"left_foot_pose": [1.0000000000000004, 2.5844924426445905e-11, 2.184651015646466e-09, -3.363754108853655e-10, -8.71629316911896e-12, 0.9999692673012647, -0.007839926847403294, 3.824584399181319e-10, -2.1847867175857726e-09, 0.007839926847403023, 0.9999692673012647, 4.031575046026248e-09, 0.0, 0.0, 0.0, 1.0], "right_foot_pose": [0.9999999999999998, 1.0900381675460694e-10, 2.1985808174029833e-09, -3.3625834167033034e-10, -3.6083840394541396e-11, 0.9994507331029369, -0.033139585090974547, -0.14000000018753392, -2.200985780836609e-09, 0.03313958509097436, 0.9994507331029368, 4.028441587256015e-09, 0.0, 0.0, 0.0, 1.0]}, {"left_foot_pose": [1.0000000000000007, -9.216507778009441e-11, 2.0657068833251933e-09, -3.2316676689514626e-10, 3.0117725441402646e-11, 0.9995493909043532, 0.03001691427740766, 2.1904208308276552e-10, -2.067542881514482e-09, -0.03001691427740793, 0.9995493909043536, 3.758498477723915e-09, 0.0, 0.0, 0.0, 1.0], "right_foot_pose": [1.0, -1.4273380841302223e-11, 2.0553427293457105e-09, -3.041711056073244e-10, 4.566220816197216e-12, 0.999988847349652, 0.004722835622184605, -0.14000000031460355, -2.055387297005184e-09, -0.004722835622184784, 0.9999888473496522, 3.84004136821936e-09, 0.0, 0.0, 0.0, 1.0]}, {"left_foot_pose": [1.0000000000000004, -1.5972412537953922e-10, 1.6471671804296794e-09, -2.612296446293451e-10, 5.192802845224551e-11, 0.9978698008219997, 0.06523695737435435, 6.938672553191694e-11, -1.654078415494605e-09, -0.06523695737435464, 0.9978698008219998, 2.978734571501551e-09, 0.0, 0.0, 0.0, 1.0], "right_foot_pose": [0.9999999999999998, -9.622147686272891e-11, 1.6217105436311394e-09, -2.3230484752815012e-10, 3.1551305089147226e-11, 0.9992064429541367, 0.03983069618951249, -0.14000000034447405, -1.6242563544584988e-09, -0.03983069618951267, 0.9992064429541367, 3.1101107800246552e-09, 0.0, 0.0, 0.0, 1.0]}, {"left_foot_pose": [1.0000000000000007, -1.5184949468455154e-10, 1.053904186143487e-09, -5.613160058085355e-10, 5.069389490799333e-11, 0.9954461138469703, 0.09532593784991232, 2.6127148014531976e-10, -1.0635802882113419e-09, -0.09532593784991257, 0.9954461138469707, 2.0071436943047694e-09, 0.0, 0.0, 0.0, 1.0], "right_foot_pose": [0.9999972192665662, -0.0023522031297825837, -0.0001691140762685567, 3.802311078975962e-10, 0.002358274351172558, 0.997456149210809, 0.07124372915301753, -0.1401179084170516, 1.104152600963e-06, -0.07124392986058663, 0.9974589226914564, 0.001800239584215907, 0.0, 0.0, 0.0, 1.0]}, {"left_foot_pose": [1.0000000000000007, -9.387305974020078e-11, 4.6543385812114666e-10, -6.821754083257323e-10, 3.762910889367538e-11, 0.9928462561592483, 0.11939979744775564, 2.8412679414085984e-10, -4.733130827252209e-10, -0.11939979744775588, 0.9928462561592486, 1.1824578746710834e-09, 0.0, 0.0, 0.0, 1.0], "right_foot_pose": [0.9999475874907595, -0.010185587706022457, -0.0010373401046447177, 1.7347630708233058e-09, 0.01023827436789211, 0.994832024034038, 0.1010169376605064, -0.1405119108818938, 3.062277580379231e-06, -0.10102226368193216, 0.9948841652329182, 0.00696808317167634, 0.0, 0.0, 0.0, 1.0]}, {"left_foot_pose": [1.0, -2.188922131606628e-11, -2.3692547923559052e-11, -6.013010248109726e-10, 2.493282574617159e-11, 0.9905453655333183, 0.13718556345499888, 1.4956432013019105e-10, 2.0465424166370326e-11, -0.13718556345499916, 0.9905453655333183, 5.802875957527931e-10, 0.0, 0.0, 0.0, 1.0], "right_foot_pose": [0.9997450160092269, -0.022393515599752188, -0.0029040357770386822, 3.11600050978216e-09, 0.02258103044257186, 0.9914735873128867, 0.12833636555967678, -0.14112913012648876, 5.372365369328294e-06, -0.1283692179613129, 0.9917264460783219, 0.01324676611512414, 0.0, 0.0, 0.0, 1.0]}, {"left_foot_pose": [1.0000000000000002, 3.154566003026144e-11, -3.6516956125609635e-10, -3.629751182546527e-10, 2.3063332858713904e-11, 0.9888997209804088, 0.1485844603074989, -4.703269024242118e-11, 3.6580306865802973e-10, -0.14858446030749914, 0.9888997209804088, 2.0893051178028088e-10, 0.0, 0.0, 0.0, 1.0], "right_foot_pose": [0.9992674506316414, -0.03783181518177397, -0.00577198996816024, 2.9286833266146083e-09, 0.03826959695588667, 0.987866125855346, 0.15051895341246457, -0.14191392586059584, 7.548141468059078e-06, -0.1506295825779313, 0.9885902734679438, 0.018333321801874122, 0.0, 0.0, 0.0, 1.0]}, {"left_foot_pose": [1.0000000000000004, 4.264120291885521e-11, -5.256716173462915e-10, -1.8732141652045362e-11, 3.854976005260684e-11, 0.9881501948754664, 0.15349003996213711, -1.816702396156833e-10, 5.259873854131407e-10, -0.15349003996213734, 0.9881501948754667, 7.651453082235804e-11, 0.0, 0.0, 0.0, 1.0], "right_foot_pose": [0.9984204325158392, -0.055425396293345745, -0.009201379277581712, 5.172818052807254e-10, 0.05618398218062893, 0.9849661849895244, 0.16335536285506216, -0.142810654903654, 9.011720796159042e-06, -0.16361430216490205, 0.986524383908417, 0.020000000774614966, 0.0, 0.0, 0.0, 1.0]}, {"left_foot_pose": [1.0000000000000007, 4.861507436947766e-12, -4.948156884232448e-10, 2.8895804750124443e-10, 7.042959055139355e-11, 0.9883735611718997, 0.1520450708716926, -2.1687217733462605e-10, 4.898015122316159e-10, -0.1520450708716928, 0.9883735611718998, 1.3762001260797518e-10, 0.0, 0.0, 0.0, 1.0], "right_foot_pose": [0.9971682470837597, -0.07413253126133383, -0.01264337046395847, 4.1031841487883247e-10, 0.07520297146369594, 0.982995842019526, 0.1675222004850516, -0.143763675468391, 9.535830758211397e-06, -0.16799863803349932, 0.9857872273102127, 0.020000000622852065, 0.0, 0.0, 0.0, 1.0]}, {"left_foot_pose": [1.0000000000000007, -7.425268984983621e-11, -2.773891671914428e-10, 5.603407394425498e-10, 1.1351129707559974e-10, 0.9895295162367725, 0.14433064988497762, -2.4230544046904834e-10, 2.637676755059005e-10, -0.1443306498849778, 0.9895295162367724, 4.152110530397657e-10, 0.0, 0.0, 0.0, 1.0], "right_foot_pose": [0.9955525742463526, -0.09290905469768826, -0.01558779864646202, 2.2798902989031727e-10, 0.09420759963126665, 0.981846019821598, 0.1646308644580383, -0.1447173506249903, 9.120067949279533e-06, -0.16536717000562126, 0.9862320715740064, 0.02000000063023994, 0.0, 0.0, 0.0, 1.0]}, {"left_foot_pose": [1.0000000000000004, -1.7724275519400675e-10, 1.3240153418081824e-10, 8.121682089079591e-10, 1.58509020148123e-10, 0.9914990530237696, 0.13011390338072687, -8.50692519899221e-11, -1.5433795466660622e-10, -0.1301139033807271, 0.9914990530237696, 9.537043377250143e-10, 0.0, 0.0, 0.0, 1.0], "right_foot_pose": [0.9936986030385818, -0.11075568225148787, -0.017212355102604864, -1.941518354832243e-09, 0.11208517412980473, 0.9819224641450113, 0.15252930258701233, -0.14561603822032032, 7.711164720538553e-06, -0.15349740472202308, 0.9881490508441233, 0.018419945502988595, 0.0, 0.0, 0.0, 1.0]}, {"left_foot_pose": [1.0000000000000004, -2.6184066914213185e-10, 6.949367192810079e-10, 8.995354674106435e-10, 1.8442069800189484e-10, 0.9940247616060269, 0.10915481351769223, 1.7611821463009436e-10, -7.193657141006081e-10, -0.1091548135176925, 0.9940247616060269, 1.7384464215397522e-09, 0.0, 0.0, 0.0, 1.0], "right_foot_pose": [0.9918086635915817, -0.12663356193473807, -0.01671872651852976, -1.8162188435057874e-09, 0.12773243438696155, 0.9832818439414724, 0.12977380544870534, -0.14640409935691312, 5.501009697881852e-06, -0.13084630818933624, 0.9914026647144741, 0.013389171283432769, 0.0, 0.0, 0.0, 1.0]}, {"left_foot_pose": [1.0000000000000007, -2.778442650082681e-10, 1.344440947459452e-09, 7.390133401942742e-10, 1.6717486186183342e-10, 0.9966629584175368, 0.0816268786516064, 3.9700477974524695e-10, -1.3626342661353742e-09, -0.08162687865160663, 0.9966629584175369, 2.6999881774791845e-09, 0.0, 0.0, 0.0, 1.0], "right_foot_pose": [0.990143548829608, -0.13933668305706817, -0.014178909188079453, -8.380100521929862e-10, 0.14005624834874514, 0.9850587376063169, 0.10021741746784182, -0.14702589845582723, 3.095850929589112e-06, -0.10121547421270741, 0.9948645273454634, 0.007112082530902883, 0.0, 0.0, 0.0, 1.0]}, {"left_foot_pose": [1.0000000000000004, -1.7967727499357278e-10, 1.955932471542358e-09, 2.8975640280409537e-10, 8.538085934781393e-11, 0.9988423192658084, 0.048104274692605295, 4.634481097498533e-10, -1.9623115165439937e-09, -0.04810427469260557, 0.9988423192658087, 3.6724892016337662e-09, 0.0, 0.0, 0.0, 1.0], "right_foot_pose": [0.9889917453755547, -0.14763560354071562, -0.009952695422991868, -4.531363680549544e-10, 0.14797069837597382, 0.9867525574976355, 0.06651362788182646, -0.14742579719585572, 1.0680666160253881e-06, -0.06725413622257134, 0.997735877454457, 0.0018916457692512573, 0.0, 0.0, 0.0, 1.0]}, {"left_foot_pose": [1.0000000000000004, 1.642346850855814e-10, 2.0509487441699974e-09, -1.1750153838835954e-09, -1.8531555259344954e-10, 0.9999471287719693, 0.010282979174130192, 3.349153038234576e-10, -2.0491516733964908e-09, -0.010282979174130461, 0.9999471287719695, 4.154372866549405e-09, 0.0, 0.0, 0.0, 1.0], "right_foot_pose": [0.9886211454379419, -0.1503576843907544, -0.004560431736313079, -1.4030566014566759e-09, 0.1504268287007716, 0.9881667212626174, 0.02997165654610315, -0.14755000050591013, -1.999212713074406e-09, -0.030316624708881173, 0.9995403454919969, 4.353839615223176e-09, 0.0, 0.0, 0.0, 1.0]}, {"left_foot_pose": [1.0000000000000004, 6.520019348031946e-10, -1.8034927995458487e-09, -4.878412705381573e-09, -7.018081045137525e-10, 0.999614728825098, -0.027755970815777724, -1.5994880246672505e-10, 1.7847008868573796e-09, 0.02775597081577745, 0.9996147288250982, 4.157227805057229e-09, 0.0, 0.0, 0.0, 1.0], "right_foot_pose": [0.9886211454183076, -0.1504224422133696, 0.0011487864721609832, -5.288742694221221e-09, 0.15042682882981054, 0.9885923160151721, -0.007549959202879024, -0.14754999935359292, 1.8227877201987132e-09, 0.007636857621021334, 0.9999708387776497, 4.769241813973313e-09, 0.0, 0.0, 0.0, 1.0]}, {"left_foot_pose": [1.0000000000000004, 3.1667587207960495e-10, 1.1864503823844017e-09, -2.0295930915179403e-09, -2.400671297893346e-10, 0.9979484972733651, -0.06402184619201189, 4.894072855310405e-10, -1.2042906381053258e-09, 0.0640218461920116, 0.9979484972733653, 3.6456849830668325e-09, 0.0, 0.0, 0.0, 1.0], "right_foot_pose": [0.9886211454262757, -0.1502820687255369, 0.006597775050094144, -2.098057185016128e-09, 0.15042682877744468, 0.9876697672766149, -0.04336127294854893, -0.14755000003963636, -1.1469894489380006e-09, 0.043860353707308286, 0.9990376716484066, 3.698293379872375e-09, 0.0, 0.0, 0.0, 1.0]}, {"left_foot_pose": [0.9999936890725765, -0.0035356185172479714, 0.000348161917797529, -0.00026110301525461566, 0.0035527184041945978, 0.9952527639651554, -0.09725900478444247, -1.9754411935218874e-05, -2.638372710389207e-06, 0.09725962791117465, 0.9952590440541699, 0.001372163919605901, 0.0, 0.0, 0.0, 1.0], "right_foot_pose": [0.988621145455361, -0.14998666140836014, 0.01149922423921532, 3.4127194126210014e-10, 0.15042682858629255, 0.9857283205503986, -0.07557411796614381, -0.14755000028493387, -1.3543308748393265e-09, 0.07644396290397527, 0.99707387917623, 2.4982759541658517e-09, 0.0, 0.0, 0.0, 1.0]}, {"left_foot_pose": [0.9998359022058861, -0.01796719996312266, 0.0023126576979206606, -0.0013314463279793776, 0.018115424547929904, 0.9917064414422567, -0.12724058077274278, -0.00010072227169855702, -7.320577711361239e-06, 0.12726159565014772, 0.9918691880580768, 0.0062579136021339785, 0.0, 0.0, 0.0, 1.0], "right_foot_pose": [0.9886211454610455, -0.14962104362749748, 0.015549085217747763, 8.791649955784686e-10, 0.15042682854893372, 0.9833254415573662, -0.10219024042794156, -0.14755000021152265, -6.661816208687703e-10, 0.10336643212295397, 0.9946433434704979, 1.5353215435109924e-09, 0.0, 0.0, 0.0, 1.0]}, {"left_foot_pose": [0.999123555123808, -0.04136084674610057, 0.006434434956494121, -0.0030772343861229174, 0.04185834971518816, 0.987294341329547, -0.1532897978920255, -0.00023278006292758863, -1.2485383846982035e-05, 0.15342478266271875, 0.9881603290504097, 0.012525440617993468, 0.0, 0.0, 0.0, 1.0], "right_foot_pose": [0.9886211454608255, -0.1492655391306421, 0.01865555080300633, 1.0281527773256527e-09, 0.15042682855037787, 0.9809890276137926, -0.1226062680029903, -0.14754999999532348, 5.2421486914365026e-11, 0.1240174444559498, 0.9922800378273336, 8.137322482504317e-10, 0.0, 0.0, 0.0, 1.0]}, {"left_foot_pose": [0.9973665345151522, -0.07142359910920788, 0.012596242277913929, -0.005334896767274933, 0.07252582668488103, 0.9822497623033692, -0.17298962084081854, -0.0004035553039063236, -1.7114654408333345e-05, 0.1734476115294257, 0.9848430970270478, 0.017871777688322772, 0.0, 0.0, 0.0, 1.0], "right_foot_pose": [0.9886211454579803, -0.1489840592752652, 0.020784148652628488, 8.508566845880083e-10, 0.15042682856907627, 0.9791391113130464, -0.13659564394133256, -0.14754999977320232, 6.72565676893762e-10, 0.13816783554417364, 0.9904088293331385, 3.3737170002101635e-10, 0.0, 0.0, 0.0, 1.0]}, {"left_foot_pose": [0.994168532599648, -0.10600237996658757, 0.019809700403656157, -0.007940865003303758, 0.10783750917814261, 0.9772843888940288, -0.18244532013257947, -0.0006006782183504249, -2.0072805341829032e-05, 0.18351762494497478, 0.9830164194618719, 0.020000000207688738, 0.0, 0.0, 0.0, 1.0], "right_foot_pose": [0.9886211454559283, -0.14882188723487974, 0.02191521474356009, 4.3836302122957083e-10, 0.1504268285825624, 0.978073298850459, -0.14402913357502709, -0.1475499996697659, 1.096189888509472e-09, 0.14568688326554752, 0.9893307495698141, 1.0912923342765168e-10, 0.0, 0.0, 0.0, 1.0]}, {"left_foot_pose": [0.9893581398291751, -0.14300299666578686, 0.026844256338373316, -0.010731572657241756, 0.14550075847175348, 0.9724006809126444, -0.182390912725309, -0.0008117780238273836, -2.0926057700644043e-05, 0.18435579379350028, 0.982859573314962, 0.020000000135584728, 0.0, 0.0, 0.0, 1.0], "right_foot_pose": [0.9886211454570779, -0.14879923541581766, 0.02206849099514282, -2.3150797251458854e-11, 0.15042682857500728, 0.9779244285698732, -0.14503648248338327, -0.14754999967664686, 1.2551023375507046e-09, 0.14670582655762313, 0.989180165821194, 8.721137700895554e-11, 0.0, 0.0, 0.0, 1.0]}, {"left_foot_pose": [0.9830687235740193, -0.18027835396213834, 0.032796338564719196, -0.013543448159889638, 0.18323723512410747, 0.9672137032058655, -0.17584586430982665, -0.001024478848858288, -1.9865105950522932e-05, 0.17887807977362433, 0.9838712477666369, 0.020000000266225663, 0.0, 0.0, 0.0, 1.0], "right_foot_pose": [0.9886211454621057, -0.14891564286126524, 0.02126880477154154, -5.172304320955057e-10, 0.15042682854196537, 0.9786894710816654, -0.13978085866346568, -0.14754999972536223, 1.1351703861814673e-09, 0.14138971145421322, 0.9899540138283668, 2.8126175694032085e-10, 0.0, 0.0, 0.0, 1.0]}, {"left_foot_pose": [0.975766337603508, -0.21598337250176788, 0.035088989763172526, -0.016212921393943227, 0.21881511404071063, 0.963150673254683, -0.15639925343940395, -0.0012264102068594816, -1.6345899625300107e-05, 0.16028712802909165, 0.9870704312869463, 0.01882298861769858, 0.0, 0.0, 0.0, 1.0], "right_foot_pose": [0.9886211454645455, -0.14925964724605098, 0.018702632016750934, -7.641007271352862e-10, 0.15042682852593, 0.9809503056557746, -0.12291569099782632, -0.14755000010510347, 8.59405664754726e-11, 0.12433042884920449, 0.9922408701833305, 7.679196861731796e-10, 0.0, 0.0, 0.0, 1.0]}, {"left_foot_pose": [0.9682263092750316, -0.24777088146228007, 0.033873357186089664, -0.018576425343774974, 0.250075616346095, 0.9593093209091355, -0.13110229946867724, -0.0014051986347683558, -1.1694978014544037e-05, 0.1354075962280498, 0.9907899791312839, 0.014090245583673437, 0.0, 0.0, 0.0, 1.0], "right_foot_pose": [0.9886211454717775, -0.14959967588313727, 0.015753339383473394, -9.549502239317165e-10, 0.15042682847840214, 0.9831850107693884, -0.10353262226142478, -0.14755000038134042, -4.177537177952478e-10, 0.10472426449518624, 0.994501296342012, 1.4794239514004381e-09, 0.0, 0.0, 0.0, 1.0]}, {"left_foot_pose": [0.9614611881906033, -0.2734366890989274, 0.028718646516334784, -0.020470387895995458, 0.27494069098280227, 0.9562042770036483, -0.10040416864767258, -0.001548466307247004, -6.709181925368541e-06, 0.10443063580457264, 0.994532172561773, 0.007840251085296249, 0.0, 0.0, 0.0, 1.0], "right_foot_pose": [0.9886211454749338, -0.14996000793529796, 0.011841737198344074, -9.66369275833684e-10, 0.1504268284576567, 0.9855531518061339, -0.07782515175164263, -0.14755000057906947, -1.0444457897996632e-09, 0.07872090564164531, 0.9968966942542036, 2.389807580993608e-09, 0.0, 0.0, 0.0, 1.0]}, {"left_foot_pose": [0.9566032097553794, -0.2906787213482386, 0.02040049119652432, -0.021731239434209935, 0.2913937183253675, 0.954256577921276, -0.0669633064781961, -0.001643838999774553, -2.4946127765379337e-06, 0.07000188889829438, 0.9975468588214035, 0.0023759711262333894, 0.0, 0.0, 0.0, 1.0], "right_foot_pose": [0.988621145469844, -0.15026231101176946, 0.007033393156606546, -7.506223984390936e-10, 0.15042682849110775, 0.9875399195934561, -0.04622419798609227, -0.14755000059084863, -1.6982886481860735e-09, 0.04675623058751462, 0.9989063293929252, 3.376100919660896e-09, 0.0, 0.0, 0.0, 1.0]}, {"left_foot_pose": [0.9547438076370901, -0.297264003214483, 0.009918375448192908, -0.02219541222730968, 0.2974294231891513, 0.9542128144378911, -0.03183776034661769, -0.0016789446411536475, -2.0857053195519573e-08, 0.0333469212284961, 0.9994438367635177, 3.7848492030062575e-07, 0.0, 0.0, 0.0, 1.0], "right_foot_pose": [0.9886211454533076, -0.15041901252294845, 0.0015334386881751649, -2.730949457459969e-10, 0.15042682859978576, 0.9885697775086564, -0.010077908210343543, -0.14755000031139792, -2.141496044095386e-09, 0.010193903477397391, 0.9999480408160684, 4.0326235684062794e-09, 0.0, 0.0, 0.0, 1.0]}, {"left_foot_pose": [0.9547435384748976, -0.29742647546056405, -0.0015058006303291641, -0.022195472951328385, 0.297430287194213, 0.9547313029184877, 0.004833579122765081, -0.0016789498288808675, 5.953858011450516e-10, -0.005062699149103423, 0.9999871844565443, 4.963694850979028e-09, 0.0, 0.0, 0.0, 1.0], "right_foot_pose": [0.9886211453350201, -0.1503679650295014, -0.004207860425355493, 5.058531027651164e-09, 0.15042682937718477, 0.9882342826881338, 0.027654502768931916, -0.14754999838813979, 6.238358667513839e-10, -0.027972801303340098, 0.9996086846297625, 4.3621009582217596e-09, 0.0, 0.0, 0.0, 1.0]}, {"left_foot_pose": [0.9547435384659747, -0.29716434899067573, -0.012574794090473377, -0.022195476078665694, 0.2974302872228552, 0.9538898834468679, 0.040364768056456064, -0.001678949804918197, -1.1523267123871141e-09, -0.04227812610167721, 0.9991058803016484, 3.899480009728062e-09, 0.0, 0.0, 0.0, 1.0], "right_foot_pose": [0.9886211453987601, -0.15010902583038915, -0.009772984942940328, 2.488227452638464e-09, 0.15042682895827905, 0.9865325088706286, 0.06422910610447319, -0.14754999970044252, -1.192385347596413e-09, -0.06496837157936652, 0.9978873236464753, 3.766168210628251e-09, 0.0, 0.0, 0.0, 1.0]}, {"left_foot_pose": [0.9547435384022922, -0.29659062633549466, -0.022333299106715637, -0.022195479249540656, 0.29743028742727473, 0.952048247665048, 0.07168931746669777, -0.0016789498178047223, -1.2898843946147598e-09, -0.07508751219631024, 0.9971769479446314, 2.5547452070506793e-09, 0.0, 0.0, 0.0, 1.0], "right_foot_pose": [0.9882348232482325, -0.15220672824899245, -0.015001533097374665, 0.00018291652830553212, 0.15294421896367272, 0.9834710475063961, 0.09691627625050382, -0.1475078428794378, 2.2641473123109235e-06, -0.09807043689312937, 0.9951794759752957, 0.000995088530006856, 0.0, 0.0, 0.0, 1.0]}, {"left_foot_pose": [0.9547435383965641, -0.2958736872886338, -0.03038975255306874, -0.022195479589906503, 0.29743028744566213, 0.9497468919244583, 0.09755032234607607, -0.0016789498340861924, -5.350981541966726e-10, -0.10217437276568012, 0.9947665040349626, 1.5837538155927255e-09, 0.0, 0.0, 0.0, 1.0], "right_foot_pose": [0.9861073183150618, -0.1647473587620644, -0.021228861165893755, 0.00114073527322833, 0.16610947208815946, 0.9780264779424506, 0.12598353752009883, -0.14728710580457524, 6.933262870641519e-06, -0.12775960325708924, 0.9918051641968401, 0.005566869864635227, 0.0, 0.0, 0.0, 1.0]}, {"left_foot_pose": [0.9547435384003846, -0.29516799531052984, -0.03661462040055492, -0.022195479544669282, 0.29743028743339844, 0.947481639212047, 0.11753198489491994, -0.0016789499954186944, 1.8994344105482753e-10, -0.1231032002037984, 0.9923938744770571, 8.441991272700733e-10, 0.0, 0.0, 0.0, 1.0], "right_foot_pose": [0.982066228293276, -0.1862940982260037, -0.02899020889850249, 0.002777433978698746, 0.18853626467802595, 0.9703968980864774, 0.1509434897085663, -0.14690992113808257, 1.2127491642310995e-05, -0.15370220932147619, 0.9881172150623737, 0.011791366214775292, 0.0, 0.0, 0.0, 1.0]}, {"left_foot_pose": [0.9547435384064263, -0.29459590810583586, -0.0409637253979073, -0.02219547921116616, 0.2974302874140047, 0.9456452544127716, 0.13149249763932586, -0.001678950194632536, 7.744370816529393e-10, -0.13772546508871672, 0.9904704418942029, 3.5837717515807554e-10, 0.0, 0.0, 0.0, 1.0], "right_foot_pose": [0.9759657996508864, -0.21460452611473682, -0.037890042001491035, 0.004933164874676427, 0.21792374268935574, 0.9611142160931305, 0.16961340158121543, -0.1464131260454977, 1.685434695338434e-05, -0.1737940188693398, 0.9847820259941662, 0.017365609515518188, 0.0, 0.0, 0.0, 1.0]}, {"left_foot_pose": [0.9547435384085471, -0.29424709059902693, -0.04339845090710231, -0.02219547868482109, 0.29743028740719785, 0.9445255594505331, 0.13930790242312124, -0.0016789503119927053, 1.1368605354866717e-09, -0.1459113334140501, 0.9892976714727146, 1.3525746495046675e-10, 0.0, 0.0, 0.0, 1.0], "right_foot_pose": [0.9677382678068812, -0.2476345746612551, -0.04647324450128178, 0.0074480803103555504, 0.2519576246558675, 0.951148597729122, 0.17842001125349657, -0.14583355516048757, 1.9997741500932797e-05, -0.18437316092713765, 0.9828563156076408, 0.019986635134537002, 0.0, 0.0, 0.0, 1.0]}, {"left_foot_pose": [0.9547435384176239, -0.29429215546977855, -0.043091798277019325, -0.022195478347478356, 0.29743028737806076, 0.9446702163231008, 0.13832355743788247, -0.0016789500789215293, 5.294609707074322e-10, -0.14488032861992883, 0.9894491853445447, 5.6370616507983584e-11, 0.0, 0.0, 0.0, 1.0], "right_foot_pose": [0.9575277708406317, -0.2834884957193883, -0.05267675828796971, 0.010162334984633547, 0.2883410613153008, 0.9414264017667294, 0.17485926459903292, -0.14520804284477218, 2.070112800066244e-05, -0.1826214742337471, 0.9831832976206196, 0.02000000006336263, 0.0, 0.0, 0.0, 1.0]}, {"left_foot_pose": [0.9547435384056422, -0.29452253694181574, -0.04148796338736401, -0.022195478054038164, 0.29743028741652155, 0.9454097346742749, 0.13317528941377807, -0.0016789500227599955, 3.621170525744786e-10, -0.1394880239177359, 0.9902237581393035, 2.6261556818063525e-10, 0.0, 0.0, 0.0, 1.0], "right_foot_pose": [0.9457714938665177, -0.31975107670920744, -0.05723224906290129, 0.01291608132712151, 0.3248326969420607, 0.9309866912485474, 0.16657580771357416, -0.14457342974544882, 1.9668317661975655e-05, -0.17613355631845104, 0.9843662783495646, 0.020000000278666837, 0.0, 0.0, 0.0, 1.0]}, {"left_foot_pose": [0.9547435383921096, -0.2950010606519665, -0.03793613202118947, -0.022195477831479696, 0.29743028745996014, 0.946945783099249, 0.12177400367909452, -0.0016789498544969202, -6.077892818815217e-13, -0.12754629780893412, 0.9918326178923716, 7.241825264459045e-10, 0.0, 0.0, 0.0, 1.0], "right_foot_pose": [0.9332285018973752, -0.35452385125029634, -0.05828723823478495, 0.015549471608340555, 0.35928340201745457, 0.920873272227252, 0.15135340608072703, -0.14396655132631392, 1.6767378766405502e-05, -0.16218894966097755, 0.9867597196515087, 0.01917315701459317, 0.0, 0.0, 0.0, 1.0]}, {"left_foot_pose": [0.9547435383823512, -0.29566532294378756, -0.032354176325394404, -0.02219547777733681, 0.29743028749128625, 0.9490780475911169, 0.1038560718662387, -0.00167894957545448, -5.296807759194495e-10, -0.10877902550207048, 0.9940659553625308, 1.450479951425887e-09, 0.0, 0.0, 0.0, 1.0], "right_foot_pose": [0.9209583226054512, -0.3859269245912565, -0.053816139765761425, 0.017902659916191666, 0.38966109361126205, 0.9121370002539988, 0.12716259235054864, -0.14342424431394596, 1.2224102292782147e-05, -0.13808150362438543, 0.9904208692305511, 0.014770320307095429, 0.0, 0.0, 0.0, 1.0]}, {"left_foot_pose": [0.9547435383835782, -0.29639660538859935, -0.024775557085979834, -0.022195477943835258, 0.29743028748734707, 0.9514254452281425, 0.07952890202703398, -0.0016789493808529819, -1.1597919288