{
    "LoopMode": "Wrap",
    "FrameDuration": 0.01670,
    "EnableCycleOffsetPosition": true,
    "EnableCycleOffsetRotation": false,
    "Joints": [
        "left_hip_yaw",
        "left_hip_roll",
        "left_hip_pitch",
        "left_knee",
        "left_ankle",
        "neck_pitch",
        "head_pitch",
        "head_yaw",
        "head_roll",
        "left_antenna",
        "right_antenna",
        "right_hip_yaw",
        "right_hip_roll",
        "right_hip_pitch",
        "right_knee",
        "right_ankle"
    ],
    "Vel_x": 0.00180,
    "Vel_y": -0.00780,
    "Yaw": 0.18700,
    "Frame_offset": [
        {
            "root_pos": 0,
            "root_quat": 3,
            "joints_pos": 7,
            "left_tos_pos": 23,
            "right_tos_pos": 26,
            "world_linear_vel": 29,
            "world_angular_vel": 32,
            "joints_vel": 35,
            "left_toe_vel": 51,
            "right_toe_vel": 54
        }
    ],
    "Frame_size": [
        {
            "root_pos": 3,
            "root_quat": 4,
            "joints_pos": 16,
            "left_tos_pos": 3,
            "right_tos_pos": 3,
            "world_linear_vel": 3,
            "world_angular_vel": 3,
            "joints_vel": 16,
            "left_toe_vel": 3,
            "right_toe_vel": 3
        }
    ],
    "Debug_info": [
        {
            "left_foot_pose": [
                1.00000,
                -0.00000,
                -0.00000,
                -0.00000,
                0.00000,
                0.99756,
                -0.06974,
                0.00000,
                0.00000,
                0.06974,
                0.99756,
                0.00000,
                0.00000,
                0.00000,
                0.00000,
                1.00000
            ],
            "right_foot_pose": [
                1.00000,
                0.00000,
                -0.00000,
                0.00000,
                -0.00000,
                0.99913,
                0.04162,
                -0.24000,
                0.00000,
                -0.04162,
                0.99913,
                0.00000,
                0.00000,
                0.00000,
                0.00000,
                1.00000
            ]
        },
        {
            "left_foot_pose": [
                1.00000,
                -0.00000,
                -0.00000,
                -0.00000,
                0.00000,
                0.99743,
                -0.07160,
                0.00000,
                0.00000,
                0.07160,
                0.99743,
                0.00000,
                0.00000,
                0.00000,
                0.00000,
                1.00000
            ],
            "right_foot_pose": [
                1.00000,
                0.00000,
                -0.00000,
                0.00000,
                -0.00000,
                0.99921,
                0.03975,
                -0.24000,
                0.00000,
                -0.03975,
                0.99921,
                0.00000,
                0.00000,
                0.00000,
                0.00000,
                1.00000
            ]
        },
        {
            "left_foot_pose": [
                1.00000,
                -0.00000,
                -0.00000,
                -0.00000,
                0.00000,
                0.99725,
                -0.07413,
                0.00000,
                0.00000,
                0.07413,
                0.99725,
                0.00000,
                0.00000,
                0.00000,
                0.00000,
                1.00000
            ],
            "right_foot_pose": [
                1.00000,
                0.00000,
                -0.00000,
                0.00000,
                -0.00000,
                0.99931,
                0.03718,
                -0.24000,
                0.00000,
                -0.03718,
                0.99931,
                0.00000,
                0.00000,
                0.00000,
                0.00000,
                1.00000
            ]
        },
        {
            "left_foot_pose": [
                1.00000,
                -0.00000,
                -0.00000,
                -0.00000,
                0.00000,
                0.99701,
                -0.07732,
                0.00000,
                0.00000,
                0.07732,
                0.99701,
                0.00000,
                0.00000,
                0.00000,
                0.00000,
                1.00000
            ],
            "right_foot_pose": [
                1.00000,
                0.00000,
                -0.00000,
                0.00000,
                -0.00000,
                0.99942,
                0.03395,
                -0.24000,
                0.00000,
                -0.03395,
                0.99942,
                0.00000,
                0.00000,
                0.00000,
                0.00000,
                1.00000
            ]
        },
        {
            "left_foot_pose": [
                1.00000,
                -0.00000,
                -0.00000,
                -0.00000,
                0.00000,
                0.99670,
                -0.08115,
                0.00000,
                0.00000,
                0.08115,
                0.99670,
                0.00000,
                0.00000,
                0.00000,
                0.00000,
                1.00000
            ],
            "right_foot_pose": [
                1.00000,
                0.00000,
                -0.00000,
                0.00000,
                -0.00000,
                0.99955,
                0.03006,
                -0.24000,
                0.00000,
                -0.03006,
                0.99955,
                0.00000,
                0.00000,
                0.00000,
                0.00000,
                1.00000
            ]
        },
        {
            "left_foot_pose": [
                1.00000,
                -0.00000,
                -0.00000,
                -0.00000,
                0.00000,
                0.99633,
                -0.08562,
                0.00000,
                0.00000,
                0.08562,
                0.99633,
                0.00000,
                0.00000,
                0.00000,
                0.00000,
                1.00000
            ],
            "right_foot_pose": [
                1.00000,
                0.00000,
                -0.00000,
                0.00000,
                -0.00000,
                0.99967,
                0.02550,
                -0.24000,
                0.00000,
                -0.02550,
                0.99967,
                0.00000,
                0.00000,
                0.00000,
                0.00000,
                1.00000
            ]
        },
        {
            "left_foot_pose": [
                1.00000,
                -0.00000,
                -0.00000,
                0.00000,
                0.00000,
                0.99588,
                -0.09073,
                0.00000,
                0.00000,
                0.09073,
                0.99588,
                0.00000,
                0.00000,
                0.00000,
                0.00000,
                1.00000
            ],
            "right_foot_pose": [
                1.00000,
                0.00000,
                -0.00000,
                0.00000,
                -0.00000,
                0.99979,
                0.02026,
                -0.24000,
                0.00000,
                -0.02026,
                0.99979,
                0.00000,
                0.00000,
                0.00000,
                0.00000,
                1.00000
            ]
        },
        {
            "left_foot_pose": [
                1.00000,
                -0.00000,
                -0.00000,
                0.00000,
                0.00000,
                0.99533,
                -0.09651,
                0.00000,
                0.00000,
                0.09651,
                0.99533,
                0.00000,
                0.00000,
                0.00000,
                0.00000,
                1.00000
            ],
            "right_foot_pose": [
                1.00000,
                0.00000,
                -0.00000,
                0.00000,
                -0.00000,
                0.99990,
                0.01433,
                -0.24000,
                0.00000,
                -0.01433,
                0.99990,
                0.00000,
                0.00000,
                0.00000,
                0.00000,
                1.00000
            ]
        },
        {
            "left_foot_pose": [
                1.00000,
                -0.00000,
                -0.00000,
                0.00000,
                0.00000,
                0.99468,
                -0.10298,
                0.00000,
                0.00000,
                0.10298,
                0.99468,
                0.00000,
                0.00000,
                0.00000,
                0.00000,
                1.00000
            ],
            "right_foot_pose": [
                1.00000,
                0.00000,
                -0.00000,
                0.00000,
                -0.00000,
                0.99997,
                0.00765,
                -0.24000,
                0.00000,
                -0.00765,
                0.99997,
                0.00000,
                0.00000,
                0.00000,
                0.00000,
                1.00000
            ]
        },
        {
            "left_foot_pose": [
                1.00000,
                -0.00000,
                -0.00000,
                0.00000,
                0.00000,
                0.99391,
                -0.11017,
                0.00000,
                0.00000,
                0.11017,
                0.99391,
                0.00000,
                0.00000,
                0.00000,
                0.00000,
                1.00000
            ],
            "right_foot_pose": [
                1.00000,
                0.00000,
                -0.00000,
                0.00000,
                0.00000,
                1.00000,
                0.00020,
                -0.24000,
                0.00000,
                -0.00020,
                1.00000,
                0.00000,
                0.00000,
                0.00000,
                0.00000,
                1.00000
            ]
        },
        {
            "left_foot_pose": [
                1.00000,
                -0.00000,
                -0.00000,
                0.00000,
                0.00000,
                0.99300,
                -0.11812,
                0.00000,
                0.00000,
                0.11812,
                0.99300,
                0.00000,
                0.00000,
                0.00000,
                0.00000,
                1.00000
            ],
            "right_foot_pose": [
                1.00000,
                -0.00000,
                -0.00000,
                0.00000,
                0.00000,
                0.99997,
                -0.00809,
                -0.24000,
                0.00000,
                0.00809,
                0.99997,
                0.00000,
                0.00000,
                0.00000,
                0.00000,
                1.00000
            ]
        },
        {
            "left_foot_pose": [
                1.00000,
                -0.00000,
                -0.00000,
                0.00000,
                0.00000,
                0.99192,
                -0.12688,
                0.00000,
                0.00000,
                0.12688,
                0.99192,
                0.00000,
                0.00000,
                0.00000,
                0.00000,
                1.00000
            ],
            "right_foot_pose": [
                1.00000,
                -0.00000,
                -0.00000,
                0.00000,
                0.00000,
                0.99985,
                -0.01728,
                -0.24000,
                0.00000,
                0.01728,
                0.99985,
                0.00000,
                0.00000,
                0.00000,
                0.00000,
                1.00000
            ]
        },
        {
            "left_foot_pose": [
                1.00000,
                -0.00000,
                -0.00000,
                0.00000,
                0.00000,
                0.99064,
                -0.13648,
                0.00000,
                0.00000,
                0.13648,
                0.99064,
                0.00000,
                0.00000,
                0.00000,
                0.00000,
                1.00000
            ],
            "right_foot_pose": [
                1.00000,
                -0.00000,
                -0.00000,
                0.00000,
                0.00000,
                0.99962,
                -0.02742,
                -0.24000,
                0.00000,
                0.02742,
                0.99962,
                0.00000,
                0.00000,
                0.00000,
                0.00000,
                1.00000
            ]
        },
        {
            "left_foot_pose": [
                1.00000,
                -0.00000,
                -0.00000,
                0.00000,
                0.00000,
                0.98915,
                -0.14691,
                0.00000,
                0.00000,
                0.14691,
                0.98915,
                0.00000,
                0.00000,
                0.00000,
                0.00000,
                1.00000
            ],
            "right_foot_pose": [
                1.00000,
                -0.00000,
                -0.00000,
                0.00000,
                0.00000,
                0.99926,
                -0.03850,
                -0.24000,
                0.00000,
                0.03850,
                0.99926,
                0.00000,
                0.00000,
                0.00000,
                0.00000,
                1.00000
            ]
        },
        {
            "left_foot_pose": [
                1.00000,
                -0.00000,
                -0.00000,
                0.00000,
                0.00000,
                0.98746,
                -0.15790,
                0.00000,
                0.00000,
                0.15790,
                0.98746,
                0.00000,
                0.00000,
                0.00000,
                0.00000,
                1.00000
            ],
            "right_foot_pose": [
                1.00000,
                -0.00000,
                -0.00000,
                0.00000,
                0.00000,
                0.99874,
                -0.05028,
                -0.24000,
                0.00000,
                0.05028,
                0.99874,
                0.00000,
                0.00000,
                0.00000,
                0.00000,
                1.00000
            ]
        },
        {
            "left_foot_pose": [
                1.00000,
                -0.00000,
                -0.00000,
                0.00000,
                0.00000,
                0.98572,
                -0.16837,
                -0.00000,
                0.00000,
                0.16837,
                0.98572,
                0.00013,
                0.00000,
                0.00000,
                0.00000,
                1.00000
            ],
            "right_foot_pose": [
                1.00000,
                -0.00000,
                -0.00000,
                0.00000,
                0.00000,
                0.99811,
                -0.06151,
                -0.24000,
                0.00000,
                0.06151,
                0.99811,
                0.00000,
                0.00000,
                0.00000,
                0.00000,
                1.00000
            ]
        },
        {
            "left_foot_pose": [
                1.00000,
                -0.00000,
                -0.00000,
                0.00000,
                0.00000,
                0.98394,
                -0.17850,
                -0.00000,
                0.00000,
                0.17850,
                0.98394,
                0.00339,
                0.00000,
                0.00000,
                0.00000,
                1.00000
            ],
            "right_foot_pose": [
                1.00000,
                -0.00000,
                -0.00000,
                0.00000,
                0.00000,
                0.99751,
                -0.07046,
                -0.24000,
                0.00000,
                0.07046,
                0.99751,
                0.00000,
                0.00000,
                0.00000,
                0.00000,
                1.00000
            ]
        },
        {
            "left_foot_pose": [
                1.00000,
                -0.00000,
                -0.00000,
                0.00000,
                0.00000,
                0.98219,
                -0.18788,
                -0.00000,
                0.00000,
                0.18788,
                0.98219,
                0.00953,
                0.00000,
                0.00000,
                0.00000,
                1.00000
            ],
            "right_foot_pose": [
                1.00000,
                -0.00000,
                -0.00000,
                0.00000,
                0.00000,
                0.99707,
                -0.07653,
                -0.24000,
                0.00000,
                0.07653,
                0.99707,
                0.00000,
                0.00000,
                0.00000,
                0.00000,
                1.00000
            ]
        },
        {
            "left_foot_pose": [
                1.00000,
                -0.00000,
                -0.00000,
                0.00000,
                0.00000,
                0.98075,
                -0.19529,
                -0.00000,
                0.00000,
                0.19529,
                0.98075,
                0.01652,
                0.00000,
                0.00000,
                0.00000,
                1.00000
            ],
            "right_foot_pose": [
                1.00000,
                -0.00000,
                -0.00000,
                0.00000,
                0.00000,
                0.99683,
                -0.07958,
                -0.24000,
                0.00000,
                0.07958,
                0.99683,
                0.00000,
                0.00000,
                0.00000,
                0.00000,
                1.00000
            ]
        },
        {
            "left_foot_pose": [
                1.00000,
                -0.00000,
                -0.00000,
                0.00000,
                -0.00000,
                0.97994,
                -0.19927,
                -0.00000,
                0.00000,
                0.19927,
                0.97994,
                0.02235,
                0.00000,
                0.00000,
                0.00000,
                1.00000
            ],
            "right_foot_pose": [
                1.00000,
                -0.00000,
                -0.00000,
                -0.00000,
                0.00000,
                0.99683,
                -0.07961,
                -0.24000,
                0.00000,
                0.07961,
                0.99683,
                0.00000,
                0.00000,
                0.00000,
                0.00000,
                1.00000
            ]
        },
        {
            "left_foot_pose": [
                1.00000,
                -0.00000,
                -0.00000,
                0.00000,
                0.00000,
                0.98017,
                -0.19816,
                0.00000,
                0.00000,
                0.19816,
                0.98017,
                0.02499,
                0.00000,
                0.00000,
                0.00000,
                1.00000
            ],
            "right_foot_pose": [
                1.00000,
                -0.00000,
                -0.00000,
                0.00000,
                0.00000,
                0.99706,
                -0.07662,
                -0.24000,
                0.00000,
                0.07662,
                0.99706,
                0.00000,
                0.00000,
                0.00000,
                0.00000,
                1.00000
            ]
        },
        {
            "left_foot_pose": [
                1.00000,
                -0.00000,
                -0.00000,
                0.00000,
                0.00000,
                0.98136,
                -0.19218,
                0.00000,
                0.00000,
                0.19218,
                0.98136,
                0.02500,
                0.00000,
                0.00000,
                0.00000,
                1.00000
            ],
            "right_foot_pose": [
                1.00000,
                -0.00000,
                -0.00000,
                0.00000,
                0.00000,
                0.99751,
                -0.07055,
                -0.24000,
                0.00000,
                0.07055,
                0.99751,
                0.00000,
                0.00000,
                0.00000,
                0.00000,
                1.00000
            ]
        },
        {
            "left_foot_pose": [
                1.00000,
                -0.00000,
                -0.00000,
                0.00000,
                0.00000,
                0.98326,
                -0.18218,
                -0.00000,
                0.00000,
                0.18218,
                0.98326,
                0.02363,
                0.00000,
                0.00000,
                0.00000,
                1.00000
            ],
            "right_foot_pose": [
                1.00000,
                -0.00000,
                -0.00000,
                0.00000,
                0.00000,
                0.99812,
                -0.06137,
                -0.24000,
                0.00000,
                0.06137,
                0.99812,
                0.00000,
                0.00000,
                0.00000,
                0.00000,
                1.00000
            ]
        },
        {
            "left_foot_pose": [
                1.00000,
                -0.00000,
                -0.00000,
                0.00000,
                0.00000,
                0.98598,
                -0.16685,
                -0.00000,
                0.00000,
                0.16685,
                0.98598,
                0.01859,
                0.00000,
                0.00000,
                0.00000,
                1.00000
            ],
            "right_foot_pose": [
                1.00000,
                -0.00000,
                -0.00000,
                0.00000,
                0.00000,
                0.99880,
                -0.04898,
                -0.24000,
                0.00000,
                0.04898,
                0.99880,
                0.00000,
                0.00000,
                0.00000,
                0.00000,
                1.00000
            ]
        },
        {
            "left_foot_pose": [
                1.00000,
                -0.00000,
                -0.00000,
                0.00000,
                0.00000,
                0.98903,
                -0.14774,
                -0.00000,
                0.00000,
                0.14774,
                0.98903,
                0.01175,
                0.00000,
                0.00000,
                0.00000,
                1.00000
            ],
            "right_foot_pose": [
                1.00000,
                -0.00000,
                -0.00000,
                0.00000,
                0.00000,
                0.99945,
                -0.03329,
                -0.24000,
                0.00000,
                0.03329,
                0.99945,
                0.00000,
                0.00000,
                0.00000,
                0.00000,
                1.00000
            ]
        },
        {
            "left_foot_pose": [
                1.00000,
                -0.00000,
                -0.00000,
                0.00000,
                0.00000,
                0.99201,
                -0.12616,
                -0.00000,
                0.00000,
                0.12616,
                0.99201,
                0.00512,
                0.00000,
                0.00000,
                0.00000,
                1.00000
            ],
            "right_foot_pose": [
                1.00000,
                -0.00000,
                -0.00000,
                0.00000,
                0.00000,
                0.99990,
                -0.01426,
                -0.24000,
                0.00000,
                0.01426,
                0.99990,
                0.00000,
                0.00000,
                0.00000,
                0.00000,
                1.00000
            ]
        },
        {
            "left_foot_pose": [
                1.00000,
                -0.00000,
                -0.00000,
                0.00000,
                0.00000,
                0.99468,
                -0.10306,
                -0.00000,
                0.00000,
                0.10306,
                0.99468,
                0.00073,
                0.00000,
                0.00000,
                0.00000,
                1.00000
            ],
            "right_foot_pose": [
                1.00000,
                0.00000,
                -0.00000,
                0.00000,
                -0.00000,
                0.99997,
                0.00783,
                -0.24000,
                0.00000,
                -0.00783,
                0.99997,
                0.00000,
                0.00000,
                0.00000,
                0.00000,
                1.00000
            ]
        },
        {
            "left_foot_pose": [
                1.00000,
                -0.00000,
                -0.00000,
                0.00000,
                0.00000,
                0.99684,
                -0.07948,
                0.00000,
                0.00000,
                0.07948,
                0.99684,
                0.00000,
                0.00000,
                0.00000,
                0.00000,
                1.00000
            ],
            "right_foot_pose": [
                1.00000,
                0.00000,
                -0.00000,
                0.00000,
                -0.00000,
                0.99950,
                0.03176,
                -0.24000,
                0.00000,
                -0.03176,
                0.99950,
                0.00000,
                0.00000,
                0.00000,
                0.00000,
                1.00000
            ]
        },
        {
            "left_foot_pose": [
                1.00000,
                -0.00000,
                -0.00000,
                0.00000,
                0.00000,
                0.99843,
                -0.05597,
                0.00000,
                0.00000,
                0.05597,
                0.99843,
                0.00000,
                0.00000,
                0.00000,
                0.00000,
                1.00000
            ],
            "right_foot_pose": [
                1.00000,
                0.00000,
                -0.00000,
                0.00000,
                -0.00000,
                0.99846,
                0.05546,
                -0.24000,
                0.00000,
                -0.05546,
                0.99846,
                0.00000,
                0.00000,
                0.00000,
                0.00000,
                1.00000
            ]
        },
        {
            "left_foot_pose": [
                1.00000,
                -0.00000,
                -0.00000,
                0.00000,
                0.00000,
                0.99941,
                -0.03437,
                0.00000,
                0.00000,
                0.03437,
                0.99941,
                0.00000,
                0.00000,
                0.00000,
                0.00000,
                1.00000
            ],
            "right_foot_pose": [
                1.00000,
                0.00004,
                0.00000,
                0.00000,
                -0.00004,
                0.99704,
                0.07692,
                -0.24000,
                -0.00000,
                -0.07692,
                0.99704,
                0.00003,
                0.00000,
                0.00000,
                0.00000,
                1.00000
            ]
        },
        {
            "left_foot_pose": [
                1.00000,
                -0.00000,
                -0.00000,
                0.00000,
                0.00000,
                0.99987,
                -0.01618,
                0.00000,
                0.00000,
                0.01618,
                0.99987,
                0.00000,
                0.00000,
                0.00000,
                0.00000,
                1.00000
            ],
            "right_foot_pose": [
                0.99999,
                0.00371,
                0.00036,
                0.00000,
                -0.00373,
                0.99536,
                0.09618,
                -0.24019,
                -0.00000,
                -0.09618,
                0.99536,
                0.00282,
                0.00000,
                0.00000,
                0.00000,
                1.00000
            ]
        },
        {
            "left_foot_pose": [
                1.00000,
                -0.00000,
                -0.00000,
                0.00000,
                0.00000,
                1.00000,
                -0.00186,
                -0.00000,
                0.00000,
                0.00186,
                1.00000,
                0.00000,
                0.00000,
                0.00000,
                0.00000,
                1.00000
            ],
            "right_foot_pose": [
                0.99992,
                0.01261,
                0.00145,
                0.00000,
                -0.01270,
                0.99342,
                0.11379,
                -0.24063,
                -0.00000,
                -0.11380,
                0.99350,
                0.00872,
                0.00000,
                0.00000,
                0.00000,
                1.00000
            ]
        },
        {
            "left_foot_pose": [
                1.00000,
                -0.00000,
                0.00000,
                0.00000,
                0.00000,
                0.99996,
                0.00856,
                -0.00000,
                -0.00000,
                -0.00856,
                0.99996,
                0.00000,
                0.00000,
                0.00000,
                0.00000,
                1.00000
            ],
            "right_foot_pose": [
                0.99967,
                0.02562,
                0.00334,
                0.00000,
                -0.02584,
                0.99129,
                0.12912,
                -0.24129,
                -0.00001,
                -0.12917,
                0.99162,
                0.01572,
                0.00000,
                0.00000,
                0.00000,
                1.00000
            ]
        },
        {
            "left_foot_pose": [
                1.00000,
                -0.00000,
                0.00000,
                0.00000,
                0.00000,
                0.99989,
                0.01512,
                -0.00000,
                -0.00000,
                -0.01512,
                0.99989,
                0.00000,
                0.00000,
                0.00000,
                0.00000,
                1.00000
            ],
            "right_foot_pose": [
                0.99912,
                0.04162,
                0.00594,
                -0.00000,
                -0.04205,
                0.98911,
                0.14106,
                -0.24210,
                -0.00001,
                -0.14118,
                0.98998,
                0.02179,
                0.00000,
                0.00000,
                0.00000,
                1.00000
            ]
        },
        {
            "left_foot_pose": [
                1.00000,
                -0.00000,
                0.00000,
                -0.00000,
                -0.00000,
                0.99984,
                0.01785,
                -0.00000,
                -0.00000,
                -0.01785,
                0.99984,
                0.00000,
                0.00000,
                0.00000,
                0.00000,
                1.00000
            ],
            "right_foot_pose": [
                0.99819,
                0.05953,
                0.00894,
                -0.00000,
                -0.06020,
                0.98714,
                0.14807,
                -0.24301,
                -0.00001,
                -0.14834,
                0.98894,
                0.02491,
                0.00000,
                0.00000,
                0.00000,
                1.00000
            ]
        },
        {
            "left_foot_pose": [
                1.00000,
                0.00000,
                0.00000,
                -0.00000,
                -0.00000,
                0.99986,
                0.01679,
                -0.00000,
                -0.00000,
                -0.01679,
                0.99986,
                0.00000,
                0.00000,
                0.00000,
                0.00000,
                1.00000
            ],
            "right_foot_pose": [
                0.99686,
                0.07829,
                0.01190,
                -0.00000,
                -0.07919,
                0.98556,
                0.14964,
                -0.24396,
                -0.00001,
                -0.15011,
                0.98867,
                0.02500,
                0.00000,
                0.00000,
                0.00000,
                1.00000
            ]
        },
        {
            "left_foot_pose": [
                1.00000,
                0.00000,
                0.00000,
                -0.00000,
                -0.00000,
                0.99993,
                0.01196,
                -0.00000,
                -0.00000,
                -0.01196,
                0.99993,
                0.00000,
                0.00000,
                0.00000,
                0.00000,
                1.00000
            ],
            "right_foot_pose": [
                0.99520,
                0.09684,
                0.01443,
                0.00000,
                -0.09791,
                0.98433,
                0.14663,
                -0.24490,
                -0.00001,
                -0.14733,
                0.98909,
                0.02401,
                0.00000,
                0.00000,
                0.00000,
                1.00000
            ]
        },
        {
            "left_foot_pose": [
                1.00000,
                0.00000,
                0.00000,
                -0.00000,
                -0.00000,
                0.99999,
                0.00335,
                -0.00000,
                -0.00000,
                -0.00335,
                0.99999,
                0.00000,
                0.00000,
                0.00000,
                0.00000,
                1.00000
            ],
            "right_foot_pose": [
                0.99334,
                0.11413,
                0.01599,
                0.00000,
                -0.11524,
                0.98374,
                0.13773,
                -0.24577,
                -0.00001,
                -0.13865,
                0.99034,
                0.01932,
                0.00000,
                0.00000,
                0.00000,
                1.00000
            ]
        },
        {
            "left_foot_pose": [
                1.00000,
                0.00000,
                -0.00000,
                -0.00000,
                -0.00000,
                0.99996,
                -0.00904,
                -0.00000,
                0.00000,
                0.00904,
                0.99996,
                0.00000,
                0.00000,
                0.00000,
                0.00000,
                1.00000
            ],
            "right_foot_pose": [
                0.99150,
                0.12908,
                0.01629,
                0.00000,
                -0.13011,
                0.98370,
                0.12413,
                -0.24652,
                -0.00000,
                -0.12520,
                0.99213,
                0.01258,
                0.00000,
                0.00000,
                0.00000,
                1.00000
            ]
        },
        {
            "left_foot_pose": [
                1.00000,
                0.00000,
                -0.00000,
                -0.00000,
                -0.00000,
                0.99968,
                -0.02516,
                0.00000,
                0.00000,
                0.02516,
                0.99968,
                0.00000,
                0.00000,
                0.00000,
                0.00000,
                1.00000
            ],
            "right_foot_pose": [
                0.98995,
                0.14059,
                0.01530,
                0.00000,
                -0.14142,
                0.98414,
                0.10708,
                -0.24709,
                -0.00000,
                -0.10816,
                0.99413,
                0.00583,
                0.00000,
                0.00000,
                0.00000,
                1.00000
            ]
        },
        {
            "left_foot_pose": [
                1.00000,
                -0.00000,
                -0.00000,
                -0.00000,
                -0.00000,
                0.99900,
                -0.04473,
                0.00000,
                0.00000,
                0.04473,
                0.99900,
                0.00000,
                0.00000,
                0.00000,
                0.00000,
                1.00000
            ],
            "right_foot_pose": [
                0.98897,
                0.14751,
                0.01310,
                0.00000,
                -0.14809,
                0.98510,
                0.08747,
                -0.24743,
                -0.00000,
                -0.08844,
                0.99608,
                0.00107,
                0.00000,
                0.00000,
                0.00000,
                1.00000
            ]
        },
        {
            "left_foot_pose": [
                1.00000,
                -0.00000,
                0.00000,
                0.00000,
                0.00000,
                0.99779,
                -0.06647,
                0.00000,
                -0.00000,
                0.06647,
                0.99779,
                0.00000,
                0.00000,
                0.00000,
                0.00000,
                1.00000
            ],
            "right_foot_pose": [
                0.98877,
                0.14910,
                0.01002,
                0.00000,
                -0.14944,
                0.98655,
                0.06631,
                -0.24750,
                -0.00000,
                -0.06706,
                0.99775,
                0.00000,
                0.00000,
                0.00000,
                0.00000,
                1.00000
