{
    "LoopMode": "Wrap",
    "FrameDuration": 0.01670,
    "EnableCycleOffsetPosition": true,
    "EnableCycleOffsetRotation": false,
    "Joints": [
        "left_hip_yaw",
        "left_hip_roll",
        "left_hip_pitch",
        "left_knee",
        "left_ankle",
        "neck_pitch",
        "head_pitch",
        "head_yaw",
        "head_roll",
        "left_antenna",
        "right_antenna",
        "right_hip_yaw",
        "right_hip_roll",
        "right_hip_pitch",
        "right_knee",
        "right_ankle"
    ],
    "Frame_offset": [
        {
            "root_pos": 0,
            "root_quat": 3,
            "joints_pos": 7,
            "left_tos_pos": 23,
            "right_tos_pos": 26,
            "world_linear_vel": 29,
            "world_angular_vel": 32,
            "joints_vel": 35,
            "left_toe_vel": 51,
            "right_toe_vel": 54
        }
    ],
    "Frame_size": [
        {
            "root_pos": 3,
            "root_quat": 4,
            "joints_pos": 16,
            "left_tos_pos": 3,
            "right_tos_pos": 3,
            "world_linear_vel": 3,
            "world_angular_vel": 3,
            "joints_vel": 16,
            "left_toe_vel": 3,
            "right_toe_vel": 3
        }
    ],
    "Debug_info": [
        {
            "left_foot_pose": [
                1.00000,
                -0.00000,
                0.00000,
                0.00000,
                0.00000,
                1.00000,
                0.00290,
                -0.00000,
                -0.00000,
                -0.00290,
                1.00000,
                0.00000,
                0.00000,
                0.00000,
                0.00000,
                1.00000
            ],
            "right_foot_pose": [
                1.00000,
                0.00000,
                0.00000,
                0.00000,
                -0.00000,
                0.99972,
                -0.02356,
                -0.20000,
                -0.00000,
                0.02356,
                0.99972,
                0.00000,
                0.00000,
                0.00000,
                0.00000,
                1.00000
            ]
        },
        {
            "left_foot_pose": [
                1.00000,
                -0.00000,
                0.00000,
                0.00000,
                0.00000,
                1.00000,
                0.00267,
                -0.00000,
                -0.00000,
                -0.00267,
                1.00000,
                0.00000,
                0.00000,
                0.00000,
                0.00000,
                1.00000
            ],
            "right_foot_pose": [
                1.00000,
                0.00000,
                0.00000,
                0.00000,
                -0.00000,
                0.99972,
                -0.02379,
                -0.20000,
                -0.00000,
                0.02379,
                0.99972,
                0.00000,
                0.00000,
                0.00000,
                0.00000,
                1.00000
            ]
        },
        {
            "left_foot_pose": [
                1.00000,
                -0.00000,
                0.00000,
                -0.00000,
                0.00000,
                1.00000,
                0.00233,
                -0.00000,
                -0.00000,
                -0.00233,
                1.00000,
                0.00000,
                0.00000,
                0.00000,
                0.00000,
                1.00000
            ],
            "right_foot_pose": [
                1.00000,
                0.00000,
                0.00000,
                0.00000,
                -0.00000,
                0.99971,
                -0.02413,
                -0.20000,
                -0.00000,
                0.02413,
                0.99971,
                0.00000,
                0.00000,
                0.00000,
                0.00000,
                1.00000
            ]
        },
        {
            "left_foot_pose": [
                1.00000,
                -0.00000,
                0.00000,
                -0.00000,
                0.00000,
                1.00000,
                0.00187,
                0.00000,
                -0.00000,
                -0.00187,
                1.00000,
                0.00000,
                0.00000,
                0.00000,
                0.00000,
                1.00000
            ],
            "right_foot_pose": [
                1.00000,
                0.00000,
                0.00000,
                0.00000,
                -0.00000,
                0.99970,
                -0.02459,
                -0.20000,
                -0.00000,
                0.02459,
                0.99970,
                0.00000,
                0.00000,
                0.00000,
                0.00000,
                1.00000
            ]
        },
        {
            "left_foot_pose": [
                1.00000,
                -0.00000,
                0.00000,
                -0.00000,
                0.00000,
                1.00000,
                0.00129,
                0.00000,
                -0.00000,
                -0.00129,
                1.00000,
                0.00000,
                0.00000,
                0.00000,
                0.00000,
                1.00000
            ],
            "right_foot_pose": [
                1.00000,
                0.00000,
                0.00000,
                0.00000,
                -0.00000,
                0.99968,
                -0.02517,
                -0.20000,
                -0.00000,
                0.02517,
                0.99968,
                0.00000,
                0.00000,
                0.00000,
                0.00000,
                1.00000
            ]
        },
        {
            "left_foot_pose": [
                1.00000,
                -0.00000,
                0.00000,
                -0.00000,
                0.00000,
                1.00000,
                0.00059,
                0.00000,
                -0.00000,
                -0.00059,
                1.00000,
                0.00000,
                0.00000,
                0.00000,
                0.00000,
                1.00000
            ],
            "right_foot_pose": [
                1.00000,
                0.00000,
                0.00000,
                0.00000,
                -0.00000,
                0.99967,
                -0.02588,
                -0.20000,
                -0.00000,
                0.02588,
                0.99967,
                0.00000,
                0.00000,
                0.00000,
                0.00000,
                1.00000
            ]
        },
        {
            "left_foot_pose": [
                1.00000,
                -0.00000,
                0.00000,
                -0.00000,
                0.00000,
                1.00000,
                -0.00026,
                0.00000,
                -0.00000,
                0.00026,
                1.00000,
                0.00000,
                0.00000,
                0.00000,
                0.00000,
                1.00000
            ],
            "right_foot_pose": [
                1.00000,
                0.00000,
                0.00000,
                0.00000,
                -0.00000,
                0.99964,
                -0.02673,
                -0.20000,
                -0.00000,
                0.02673,
                0.99964,
                0.00000,
                0.00000,
                0.00000,
                0.00000,
                1.00000
            ]
        },
        {
            "left_foot_pose": [
                1.00000,
                -0.00000,
                0.00000,
                -0.00000,
                0.00000,
                1.00000,
                -0.00125,
                0.00000,
                -0.00000,
                0.00125,
                1.00000,
                0.00000,
                0.00000,
                0.00000,
                0.00000,
                1.00000
            ],
            "right_foot_pose": [
                1.00000,
                0.00000,
                0.00000,
                0.00000,
                -0.00000,
                0.99962,
                -0.02772,
                -0.20000,
                -0.00000,
                0.02772,
                0.99962,
                0.00000,
                0.00000,
                0.00000,
                0.00000,
                1.00000
            ]
        },
        {
            "left_foot_pose": [
                1.00000,
                -0.00000,
                0.00000,
                -0.00000,
                0.00000,
                1.00000,
                -0.00239,
                0.00000,
                -0.00000,
                0.00239,
                1.00000,
                0.00000,
                0.00000,
                0.00000,
                0.00000,
                1.00000
            ],
            "right_foot_pose": [
                1.00000,
                0.00000,
                0.00000,
                0.00000,
                -0.00000,
                0.99958,
                -0.02887,
                -0.20000,
                -0.00000,
                0.02887,
                0.99958,
                0.00000,
                0.00000,
                0.00000,
                0.00000,
                1.00000
            ]
        },
        {
            "left_foot_pose": [
                1.00000,
                -0.00000,
                0.00000,
                -0.00000,
                0.00000,
                0.99999,
                -0.00370,
                0.00000,
                -0.00000,
                0.00370,
                0.99999,
                0.00000,
                0.00000,
                0.00000,
                0.00000,
                1.00000
            ],
            "right_foot_pose": [
                1.00000,
                0.00000,
                0.00000,
                0.00000,
                -0.00000,
                0.99954,
                -0.03018,
                -0.20000,
                -0.00000,
                0.03018,
                0.99954,
                0.00000,
                0.00000,
                0.00000,
                0.00000,
                1.00000
            ]
        },
        {
            "left_foot_pose": [
                1.00000,
                -0.00000,
                0.00000,
                -0.00000,
                0.00000,
                0.99999,
                -0.00519,
                0.00000,
                -0.00000,
                0.00519,
                0.99999,
                0.00000,
                0.00000,
                0.00000,
                0.00000,
                1.00000
            ],
            "right_foot_pose": [
                1.00000,
                0.00000,
                0.00000,
                0.00000,
                -0.00000,
                0.99950,
                -0.03168,
                -0.20000,
                -0.00000,
                0.03168,
                0.99950,
                0.00000,
                0.00000,
                0.00000,
                0.00000,
                1.00000
            ]
        },
        {
            "left_foot_pose": [
                1.00000,
                -0.00000,
                0.00000,
                -0.00000,
                0.00000,
                0.99998,
                -0.00687,
                0.00000,
                -0.00000,
                0.00687,
                0.99998,
                0.00000,
                0.00000,
                0.00000,
                0.00000,
                1.00000
            ],
            "right_foot_pose": [
                1.00000,
                0.00000,
                0.00000,
                0.00000,
                -0.00000,
                0.99944,
                -0.03338,
                -0.20000,
                -0.00000,
                0.03338,
                0.99944,
                0.00000,
                0.00000,
                0.00000,
                0.00000,
                1.00000
            ]
        },
        {
            "left_foot_pose": [
                1.00000,
                -0.00000,
                0.00000,
                -0.00000,
                0.00000,
                0.99996,
                -0.00877,
                0.00000,
                -0.00000,
                0.00877,
                0.99996,
                0.00000,
                0.00000,
                0.00000,
                0.00000,
                1.00000
            ],
            "right_foot_pose": [
                1.00000,
                0.00000,
                0.00000,
                0.00000,
                -0.00000,
                0.99938,
                -0.03529,
                -0.20000,
                -0.00000,
                0.03529,
                0.99938,
                0.00000,
                0.00000,
                0.00000,
                0.00000,
                1.00000
            ]
        },
        {
            "left_foot_pose": [
                1.00000,
                0.00000,
                0.00000,
                -0.00000,
                0.00000,
                0.99994,
                -0.01090,
                0.00000,
                -0.00000,
                0.01090,
                0.99994,
                0.00000,
                0.00000,
                0.00000,
                0.00000,
                1.00000
            ],
            "right_foot_pose": [
                1.00000,
                0.00000,
                0.00000,
                0.00000,
                -0.00000,
                0.99930,
                -0.03743,
                -0.20000,
                -0.00000,
                0.03743,
                0.99930,
                0.00000,
                0.00000,
                0.00000,
                0.00000,
                1.00000
            ]
        },
        {
            "left_foot_pose": [
                1.00000,
                0.00000,
                0.00000,
                -0.00000,
                0.00000,
                0.99991,
                -0.01329,
                0.00000,
                -0.00000,
                0.01329,
                0.99991,
                0.00000,
                0.00000,
                0.00000,
                0.00000,
                1.00000
            ],
            "right_foot_pose": [
                1.00000,
                0.00000,
                0.00000,
                0.00000,
                -0.00000,
                0.99921,
                -0.03984,
                -0.20000,
                -0.00000,
                0.03984,
                0.99921,
                0.00000,
                0.00000,
                0.00000,
                0.00000,
                1.00000
            ]
        },
        {
            "left_foot_pose": [
                1.00000,
                0.00000,
                0.00000,
                -0.00000,
                0.00000,
                0.99987,
                -0.01595,
                0.00000,
                -0.00000,
                0.01595,
                0.99987,
                0.00000,
                0.00000,
                0.00000,
                0.00000,
                1.00000
            ],
            "right_foot_pose": [
                1.00000,
                0.00000,
                0.00000,
                0.00000,
                -0.00000,
                0.99910,
                -0.04253,
                -0.20000,
                -0.00000,
                0.04253,
                0.99910,
                0.00000,
                0.00000,
                0.00000,
                0.00000,
                1.00000
            ]
        },
        {
            "left_foot_pose": [
                1.00000,
                0.00000,
                0.00000,
                -0.00000,
                -0.00000,
                0.99982,
                -0.01893,
                0.00000,
                -0.00000,
                0.01893,
                0.99982,
                0.00000,
                0.00000,
                0.00000,
                0.00000,
                1.00000
            ],
            "right_foot_pose": [
                1.00000,
                0.00000,
                0.00000,
                0.00000,
                -0.00000,
                0.99896,
                -0.04553,
                -0.20000,
                -0.00000,
                0.04553,
                0.99896,
                0.00000,
                0.00000,
                0.00000,
                0.00000,
                1.00000
            ]
        },
        {
            "left_foot_pose": [
                1.00000,
                0.00000,
                0.00000,
                -0.00000,
                -0.00000,
                0.99975,
                -0.02224,
                0.00000,
                -0.00000,
                0.02224,
                0.99975,
                0.00000,
                0.00000,
                0.00000,
                0.00000,
                1.00000
            ],
            "right_foot_pose": [
                1.00000,
                0.00000,
                0.00000,
                0.00000,
                -0.00000,
                0.99880,
                -0.04888,
                -0.20000,
                -0.00000,
                0.04888,
                0.99880,
                0.00000,
                0.00000,
                0.00000,
                0.00000,
                1.00000
            ]
        },
        {
            "left_foot_pose": [
                1.00000,
                0.00000,
                0.00000,
                -0.00000,
                -0.00000,
                0.99966,
                -0.02593,
                0.00000,
                -0.00000,
                0.02593,
                0.99966,
                0.00000,
                0.00000,
                0.00000,
                0.00000,
                1.00000
            ],
            "right_foot_pose": [
                1.00000,
                0.00000,
                0.00000,
                0.00000,
                -0.00000,
                0.99862,
                -0.05260,
                -0.20000,
                -0.00000,
                0.05260,
                0.99862,
                0.00000,
                0.00000,
                0.00000,
                0.00000,
                1.00000
            ]
        },
        {
            "left_foot_pose": [
                1.00000,
                0.00000,
                0.00000,
                -0.00000,
                -0.00000,
                0.99955,
                -0.03003,
                0.00000,
                -0.00000,
                0.03003,
                0.99955,
                0.00000,
                0.00000,
                0.00000,
                0.00000,
                1.00000
            ],
            "right_foot_pose": [
                1.00000,
                0.00000,
                0.00000,
                0.00000,
                -0.00000,
                0.99839,
                -0.05675,
                -0.20000,
                -0.00000,
                0.05675,
                0.99839,
                0.00000,
                0.00000,
                0.00000,
                0.00000,
                1.00000
            ]
        },
        {
            "left_foot_pose": [
                1.00000,
                0.00000,
                0.00000,
                0.00000,
                -0.00000,
                0.99940,
                -0.03458,
                0.00000,
                -0.00000,
                0.03458,
                0.99940,
                0.00000,
                0.00000,
                0.00000,
                0.00000,
                1.00000
            ],
            "right_foot_pose": [
                1.00000,
                0.00000,
                0.00000,
                0.00000,
                -0.00000,
                0.99812,
                -0.06136,
                -0.20000,
                -0.00000,
                0.06136,
                0.99812,
                0.00000,
                0.00000,
                0.00000,
                0.00000,
                1.00000
            ]
        },
        {
            "left_foot_pose": [
                1.00000,
                0.00000,
                0.00000,
                0.00000,
                -0.00000,
                0.99921,
                -0.03963,
                0.00000,
                -0.00000,
                0.03963,
                0.99921,
                0.00000,
                0.00000,
                0.00000,
                0.00000,
                1.00000
            ],
            "right_foot_pose": [
                1.00000,
                0.00000,
                0.00000,
                0.00000,
                -0.00000,
                0.99779,
                -0.06649,
                -0.20000,
                -0.00000,
                0.06649,
                0.99779,
                0.00000,
                0.00000,
                0.00000,
                0.00000,
                1.00000
            ]
        },
        {
            "left_foot_pose": [
                1.00000,
                0.00000,
                0.00000,
                0.00000,
                -0.00000,
                0.99898,
                -0.04523,
                0.00000,
                -0.00000,
                0.04523,
                0.99898,
                0.00000,
                0.00000,
                0.00000,
                0.00000,
                1.00000
            ],
            "right_foot_pose": [
                1.00000,
                0.00000,
                0.00000,
                0.00000,
                -0.00000,
                0.99739,
                -0.07219,
                -0.20000,
                -0.00000,
                0.07219,
                0.99739,
                0.00000,
                0.00000,
                0.00000,
                0.00000,
                1.00000
            ]
        },
        {
            "left_foot_pose": [
                1.00000,
                0.00000,
                0.00000,
                0.00000,
                -0.00000,
                0.99868,
                -0.05144,
                0.00000,
                -0.00000,
                0.05144,
                0.99868,
                0.00000,
                0.00000,
                0.00000,
                0.00000,
                1.00000
            ],
            "right_foot_pose": [
                1.00000,
                0.00000,
                0.00000,
                0.00000,
                -0.00000,
                0.99691,
                -0.07851,
                -0.20000,
                -0.00000,
                0.07851,
                0.99691,
                0.00000,
                0.00000,
                0.00000,
                0.00000,
                1.00000
            ]
        },
        {
            "left_foot_pose": [
                1.00000,
                0.00000,
                0.00000,
                0.00000,
                -0.00000,
                0.99830,
                -0.05831,
                0.00000,
                -0.00000,
                0.05831,
                0.99830,
                0.00000,
                0.00000,
                0.00000,
                0.00000,
                1.00000
            ],
            "right_foot_pose": [
                1.00000,
                0.00000,
                0.00000,
                0.00000,
                -0.00000,
                0.99634,
                -0.08552,
                -0.20000,
                -0.00000,
                0.08552,
                0.99634,
                0.00000,
                0.00000,
                0.00000,
                0.00000,
                1.00000
            ]
        },
        {
            "left_foot_pose": [
                1.00000,
                0.00000,
                0.00000,
                0.00000,
                -0.00000,
                0.99782,
                -0.06592,
                0.00000,
                -0.00000,
                0.06592,
                0.99782,
                0.00000,
                0.00000,
                0.00000,
                0.00000,
                1.00000
            ],
            "right_foot_pose": [
                1.00000,
                0.00000,
                0.00000,
                -0.00000,
                -0.00000,
                0.99564,
                -0.09331,
                -0.20000,
                -0.00000,
                0.09331,
                0.99564,
                0.00000,
                0.00000,
                0.00000,
                0.00000,
                1.00000
            ]
        },
        {
            "left_foot_pose": [
                1.00000,
                0.00000,
                0.00000,
                0.00000,
                -0.00000,
                0.99723,
                -0.07434,
                0.00000,
                -0.00000,
                0.07434,
                0.99723,
                0.00000,
                0.00000,
                0.00000,
                0.00000,
                1.00000
            ],
            "right_foot_pose": [
                1.00000,
                0.00000,
                0.00000,
                -0.00000,
                -0.00000,
                0.99479,
                -0.10193,
                -0.20000,
                -0.00000,
                0.10193,
                0.99479,
                0.00000,
                0.00000,
                0.00000,
                0.00000,
                1.00000
            ]
        },
        {
            "left_foot_pose": [
                1.00000,
                0.00000,
                0.00000,
                0.00000,
                -0.00000,
                0.99650,
                -0.08364,
                0.00000,
                -0.00000,
                0.08364,
                0.99650,
                0.00000,
                0.00000,
                0.00000,
                0.00000,
                1.00000
            ],
            "right_foot_pose": [
                1.00000,
                0.00000,
                0.00000,
                -0.00000,
                -0.00000,
                0.99377,
                -0.11149,
                -0.20000,
                -0.00000,
                0.11149,
                0.99377,
                0.00000,
                0.00000,
                0.00000,
                0.00000,
                1.00000
            ]
        },
        {
            "left_foot_pose": [
                1.00000,
                0.00000,
                0.00000,
                0.00000,
                -0.00000,
                0.99558,
                -0.09390,
                0.00000,
                -0.00000,
                0.09390,
                0.99558,
                0.00000,
                0.00000,
                0.00000,
                0.00000,
                1.00000
            ],
            "right_foot_pose": [
                1.00000,
                0.00000,
                0.00000,
                -0.00000,
                -0.00000,
                0.99252,
                -0.12206,
                -0.20000,
                -0.00000,
                0.12206,
                0.99252,
                0.00000,
                0.00000,
                0.00000,
                0.00000,
                1.00000
            ]
        },
        {
            "left_foot_pose": [
                1.00000,
                0.00000,
                0.00000,
                0.00000,
                -0.00000,
                0.99445,
                -0.10517,
                0.00000,
                -0.00000,
                0.10517,
                0.99445,
                0.00000,
                0.00000,
                0.00000,
                0.00000,
                1.00000
            ],
            "right_foot_pose": [
                1.00000,
                0.00000,
                0.00000,
                -0.00000,
                -0.00000,
                0.99102,
                -0.13372,
                -0.20000,
                -0.00000,
                0.13372,
                0.99102,
                0.00000,
                0.00000,
                0.00000,
                0.00000,
                1.00000
            ]
        },
        {
            "left_foot_pose": [
                1.00000,
                0.00000,
                0.00000,
                0.00000,
                -0.00000,
                0.99308,
                -0.11747,
                0.00000,
                -0.00000,
                0.11747,
                0.99308,
                0.00000,
                0.00000,
                0.00000,
                0.00000,
                1.00000
            ],
            "right_foot_pose": [
                1.00000,
                0.00000,
                0.00000,
                -0.00000,
                -0.00000,
                0.98921,
                -0.14648,
                -0.20000,
                -0.00000,
                0.14648,
                0.98921,
                0.00000,
                0.00000,
                0.00000,
                0.00000,
                1.00000
            ]
        },
        {
            "left_foot_pose": [
                1.00000,
                0.00000,
                0.00000,
                0.00000,
                -0.00000,
                0.99143,
                -0.13064,
                0.00000,
                -0.00000,
                0.13064,
                0.99143,
                0.00000,
                0.00000,
                0.00000,
                0.00000,
                1.00000
            ],
            "right_foot_pose": [
                1.00000,
                0.00000,
                0.00000,
                -0.00000,
                -0.00000,
                0.98709,
                -0.16018,
                -0.20000,
                -0.00000,
                0.16018,
                0.98709,
                0.00000,
                0.00000,
                0.00000,
                0.00000,
                1.00000
            ]
        },
        {
            "left_foot_pose": [
                1.00000,
                0.00000,
                0.00000,
                0.00000,
                -0.00000,
                0.98961,
                -0.14376,
                0.00000,
                -0.00000,
                0.14376,
                0.98961,
                0.00000,
                0.00000,
                0.00000,
                0.00000,
                1.00000
            ],
            "right_foot_pose": [
                1.00000,
                0.00000,
                0.00000,
                -0.00000,
                -0.00000,
                0.98477,
                -0.17389,
                -0.20000,
                -0.00000,
                0.17389,
                0.98477,
                0.00000,
                0.00000,
                0.00000,
                0.00000,
                1.00000
            ]
        },
        {
            "left_foot_pose": [
                1.00000,
                0.00000,
                0.00000,
                0.00000,
                -0.00000,
                0.98776,
                -0.15600,
                -0.00000,
                -0.00000,
                0.15600,
                0.98776,
                0.00054,
                0.00000,
                0.00000,
                0.00000,
                1.00000
            ],
            "right_foot_pose": [
                1.00000,
                0.00000,
                0.00000,
                -0.00000,
                -0.00000,
                0.98247,
                -0.18643,
                -0.20000,
                -0.00000,
                0.18643,
                0.98247,
                0.00000,
                0.00000,
                0.00000,
                0.00000,
                1.00000
            ]
        },
        {
            "left_foot_pose": [
                1.00000,
                0.00000,
                0.00000,
                0.00000,
                -0.00000,
                0.98576,
                -0.16813,
                -0.00000,
                -0.00000,
                0.16813,
                0.98576,
                0.00374,
                0.00000,
                0.00000,
                0.00000,
                1.00000
            ],
            "right_foot_pose": [
                1.00000,
                0.00000,
                0.00000,
                -0.00000,
                -0.00000,
                0.98034,
                -0.19731,
                -0.20000,
                -0.00000,
                0.19731,
                0.98034,
                0.00000,
                0.00000,
                0.00000,
                0.00000,
                1.00000
            ]
        },
        {
            "left_foot_pose": [
                1.00000,
                0.00000,
                0.00000,
                0.00000,
                -0.00000,
                0.98362,
                -0.18023,
                -0.00000,
                -0.00000,
                0.18023,
                0.98362,
                0.00919,
                0.00000,
                0.00000,
                0.00000,
                1.00000
            ],
            "right_foot_pose": [
                1.00000,
                0.00000,
                0.00000,
                -0.00000,
                -0.00000,
                0.97844,
                -0.20655,
                -0.20000,
                -0.00000,
                0.20655,
                0.97844,
                0.00000,
                0.00000,
                0.00000,
                0.00000,
                1.00000
            ]
        },
        {
            "left_foot_pose": [
                1.00000,
                0.00000,
                0.00000,
                0.00000,
                -0.00000,
                0.98137,
                -0.19214,
                -0.00000,
                -0.00000,
                0.19214,
                0.98137,
                0.01617,
                0.00000,
                0.00000,
                0.00000,
                1.00000
            ],
            "right_foot_pose": [
                1.00000,
                0.00000,
                0.00000,
                -0.00000,
                -0.00000,
                0.97679,
                -0.21419,
                -0.20000,
                -0.00000,
                0.21419,
                0.97679,
                0.00000,
                0.00000,
                0.00000,
                0.00000,
                1.00000
            ]
        },
        {
            "left_foot_pose": [
                1.00000,
                0.00000,
                0.00000,
                0.00000,
                -0.00000,
                0.97906,
                -0.20359,
                -0.00000,
                -0.00000,
                0.20359,
                0.97906,
                0.02397,
                0.00000,
                0.00000,
                0.00000,
                1.00000
            ],
            "right_foot_pose": [
                1.00000,
                0.00000,
                0.00000,
                -0.00000,
                -0.00000,
                0.97543,
                -0.22032,
                -0.20000,
                -0.00000,
                0.22032,
                0.97543,
                0.00000,
                0.00000,
                0.00000,
                0.00000,
                1.00000
            ]
        },
        {
            "left_foot_pose": [
                1.00000,
                0.00000,
                0.00000,
                0.00000,
                -0.00000,
                0.97679,
                -0.21420,
                -0.00000,
                -0.00000,
                0.21420,
                0.97679,
                0.03186,
                0.00000,
                0.00000,
                0.00000,
                1.00000
            ],
            "right_foot_pose": [
                1.00000,
                0.00000,
                0.00000,
                -0.00000,
                -0.00000,
                0.97436,
                -0.22500,
                -0.20000,
                -0.00000,
                0.22500,
                0.97436,
                0.00000,
                0.00000,
                0.00000,
                0.00000,
                1.00000
            ]
        },
        {
            "left_foot_pose": [
                1.00000,
                0.00000,
                0.00000,
                0.00000,
                -0.00000,
                0.97473,
                -0.22336,
                -0.00000,
                -0.00000,
                0.22336,
                0.97473,
                0.03912,
                0.00000,
                0.00000,
                0.00000,
                1.00000
            ],
            "right_foot_pose": [
                1.00000,
                0.00000,
                0.00000,
                -0.00000,
                -0.00000,
                0.97359,
                -0.22830,
                -0.20000,
                -0.00000,
                0.22830,
                0.97359,
                0.00000,
                0.00000,
                0.00000,
                0.00000,
                1.00000
            ]
        },
        {
            "left_foot_pose": [
                1.00000,
                0.00000,
                0.00000,
                0.00000,
                -0.00000,
                0.97310,
                -0.23037,
                -0.00000,
                -0.00000,
                0.23037,
                0.97310,
                0.04504,
                0.00000,
                0.00000,
                0.00000,
                1.00000
            ],
            "right_foot_pose": [
                1.00000,
                0.00000,
                0.00000,
                -0.00000,
                -0.00000,
                0.97313,
                -0.23025,
                -0.20000,
                -0.00000,
                0.23025,
                0.97313,
                0.00000,
                0.00000,
                0.00000,
                0.00000,
                1.00000
            ]
        },
        {
            "left_foot_pose": [
                1.00000,
                0.00000,
                0.00000,
                0.00000,
                -0.00000,
                0.97214,
                -0.23439,
                -0.00000,
                -0.00000,
                0.23439,
                0.97214,
                0.04889,
                0.00000,
                0.00000,
                0.00000,
                1.00000
            ],
            "right_foot_pose": [
                1.00000,
                0.00000,
                0.00000,
                0.00000,
                0.00000,
                0.97298,
                -0.23089,
                -0.20000,
                -0.00000,
                0.23089,
                0.97298,
                0.00000,
                0.00000,
                0.00000,
                0.00000,
                1.00000
            ]
        },
        {
            "left_foot_pose": [
