{
    "LoopMode": "Wrap",
    "FrameDuration": 0.01670,
    "EnableCycleOffsetPosition": true,
    "EnableCycleOffsetRotation": false,
    "Joints": [
        "left_hip_yaw",
        "left_hip_roll",
        "left_hip_pitch",
        "left_knee",
        "left_ankle",
        "neck_pitch",
        "head_pitch",
        "head_yaw",
        "head_roll",
        "left_antenna",
        "right_antenna",
        "right_hip_yaw",
        "right_hip_roll",
        "right_hip_pitch",
        "right_knee",
        "right_ankle"
    ],
    "Frame_offset": [
        {
            "root_pos": 0,
            "root_quat": 3,
            "joints_pos": 7,
            "left_tos_pos": 23,
            "right_tos_pos": 26,
            "world_linear_vel": 29,
            "world_angular_vel": 32,
            "joints_vel": 35,
            "left_toe_vel": 51,
            "right_toe_vel": 54
        }
    ],
    "Frame_size": [
        {
            "root_pos": 3,
            "root_quat": 4,
            "joints_pos": 16,
            "left_tos_pos": 3,
            "right_tos_pos": 3,
            "world_linear_vel": 3,
            "world_angular_vel": 3,
            "joints_vel": 16,
            "left_toe_vel": 3,
            "right_toe_vel": 3
        }
    ],
    "Debug_info": [
        {
            "left_foot_pose": [
                1.00000,
                -0.00000,
                0.00000,
                0.00000,
                0.00000,
                1.00000,
                0.00289,
                -0.00000,
                -0.00000,
                -0.00289,
                1.00000,
                0.00000,
                0.00000,
                0.00000,
                0.00000,
                1.00000
            ],
            "right_foot_pose": [
                1.00000,
                0.00000,
                0.00000,
                0.00000,
                -0.00000,
                0.99972,
                -0.02356,
                -0.20000,
                -0.00000,
                0.02356,
                0.99972,
                0.00000,
                0.00000,
                0.00000,
                0.00000,
                1.00000
            ]
        },
        {
            "left_foot_pose": [
                1.00000,
                -0.00000,
                0.00000,
                0.00000,
                0.00000,
                1.00000,
                0.00266,
                -0.00000,
                -0.00000,
                -0.00266,
                1.00000,
                0.00000,
                0.00000,
                0.00000,
                0.00000,
                1.00000
            ],
            "right_foot_pose": [
                1.00000,
                0.00000,
                0.00000,
                0.00000,
                -0.00000,
                0.99972,
                -0.02379,
                -0.20000,
                -0.00000,
                0.02379,
                0.99972,
                0.00000,
                0.00000,
                0.00000,
                0.00000,
                1.00000
            ]
        },
        {
            "left_foot_pose": [
                1.00000,
                -0.00000,
                0.00000,
                -0.00000,
                0.00000,
                1.00000,
                0.00232,
                -0.00000,
                -0.00000,
                -0.00232,
                1.00000,
                0.00000,
                0.00000,
                0.00000,
                0.00000,
                1.00000
            ],
            "right_foot_pose": [
                1.00000,
                0.00000,
                0.00000,
                0.00000,
                -0.00000,
                0.99971,
                -0.02413,
                -0.20000,
                -0.00000,
                0.02413,
                0.99971,
                0.00000,
                0.00000,
                0.00000,
                0.00000,
                1.00000
            ]
        },
        {
            "left_foot_pose": [
                1.00000,
                -0.00000,
                0.00000,
                -0.00000,
                0.00000,
                1.00000,
                0.00186,
                0.00000,
                -0.00000,
                -0.00186,
                1.00000,
                0.00000,
                0.00000,
                0.00000,
                0.00000,
                1.00000
            ],
            "right_foot_pose": [
                1.00000,
                0.00000,
                0.00000,
                0.00000,
                -0.00000,
                0.99970,
                -0.02459,
                -0.20000,
                -0.00000,
                0.02459,
                0.99970,
                0.00000,
                0.00000,
                0.00000,
                0.00000,
                1.00000
            ]
        },
        {
            "left_foot_pose": [
                1.00000,
                -0.00000,
                0.00000,
                -0.00000,
                0.00000,
                1.00000,
                0.00128,
                0.00000,
                -0.00000,
                -0.00128,
                1.00000,
                0.00000,
                0.00000,
                0.00000,
                0.00000,
                1.00000
            ],
            "right_foot_pose": [
                1.00000,
                0.00000,
                0.00000,
                0.00000,
                -0.00000,
                0.99968,
                -0.02517,
                -0.20000,
                -0.00000,
                0.02517,
                0.99968,
                0.00000,
                0.00000,
                0.00000,
                0.00000,
                1.00000
            ]
        },
        {
            "left_foot_pose": [
                1.00000,
                -0.00000,
                0.00000,
                -0.00000,
                0.00000,
                1.00000,
                0.00058,
                0.00000,
                -0.00000,
                -0.00058,
                1.00000,
                0.00000,
                0.00000,
                0.00000,
                0.00000,
                1.00000
            ],
            "right_foot_pose": [
                1.00000,
                0.00000,
                0.00000,
                0.00000,
                -0.00000,
                0.99966,
                -0.02588,
                -0.20000,
                -0.00000,
                0.02588,
                0.99966,
                0.00000,
                0.00000,
                0.00000,
                0.00000,
                1.00000
            ]
        },
        {
            "left_foot_pose": [
                1.00000,
                -0.00000,
                0.00000,
                -0.00000,
                0.00000,
                1.00000,
                -0.00027,
                0.00000,
                -0.00000,
                0.00027,
                1.00000,
                0.00000,
                0.00000,
                0.00000,
                0.00000,
                1.00000
            ],
            "right_foot_pose": [
                1.00000,
                0.00000,
                0.00000,
                0.00000,
                -0.00000,
                0.99964,
                -0.02673,
                -0.20000,
                -0.00000,
                0.02673,
                0.99964,
                0.00000,
                0.00000,
                0.00000,
                0.00000,
                1.00000
            ]
        },
        {
            "left_foot_pose": [
                1.00000,
                -0.00000,
                0.00000,
                -0.00000,
                0.00000,
                1.00000,
                -0.00125,
                0.00000,
                -0.00000,
                0.00125,
                1.00000,
                0.00000,
                0.00000,
                0.00000,
                0.00000,
                1.00000
            ],
            "right_foot_pose": [
                1.00000,
                0.00000,
                0.00000,
                0.00000,
                -0.00000,
                0.99962,
                -0.02772,
                -0.20000,
                -0.00000,
                0.02772,
                0.99962,
                0.00000,
                0.00000,
                0.00000,
                0.00000,
                1.00000
            ]
        },
        {
            "left_foot_pose": [
                1.00000,
                -0.00000,
                0.00000,
                -0.00000,
                0.00000,
                1.00000,
                -0.00240,
                0.00000,
                -0.00000,
                0.00240,
                1.00000,
                0.00000,
                0.00000,
                0.00000,
                0.00000,
                1.00000
            ],
            "right_foot_pose": [
                1.00000,
                0.00000,
                0.00000,
                0.00000,
                -0.00000,
                0.99958,
                -0.02887,
                -0.20000,
                -0.00000,
                0.02887,
                0.99958,
                0.00000,
                0.00000,
                0.00000,
                0.00000,
                1.00000
            ]
        },
        {
            "left_foot_pose": [
                1.00000,
                -0.00000,
                0.00000,
                -0.00000,
                0.00000,
                0.99999,
                -0.00370,
                0.00000,
                -0.00000,
                0.00370,
                0.99999,
                0.00000,
                0.00000,
                0.00000,
                0.00000,
                1.00000
            ],
            "right_foot_pose": [
                1.00000,
                0.00000,
                0.00000,
                0.00000,
                -0.00000,
                0.99954,
                -0.03018,
                -0.20000,
                -0.00000,
                0.03018,
                0.99954,
                0.00000,
                0.00000,
                0.00000,
                0.00000,
                1.00000
            ]
        },
        {
            "left_foot_pose": [
                1.00000,
                -0.00000,
                0.00000,
                -0.00000,
                0.00000,
                0.99999,
                -0.00519,
                0.00000,
                -0.00000,
                0.00519,
                0.99999,
                0.00000,
                0.00000,
                0.00000,
                0.00000,
                1.00000
            ],
            "right_foot_pose": [
                1.00000,
                0.00000,
                0.00000,
                0.00000,
                -0.00000,
                0.99950,
                -0.03168,
                -0.20000,
                -0.00000,
                0.03168,
                0.99950,
                0.00000,
                0.00000,
                0.00000,
                0.00000,
                1.00000
            ]
        },
        {
            "left_foot_pose": [
                1.00000,
                -0.00000,
                0.00000,
                -0.00000,
                0.00000,
                0.99998,
                -0.00688,
                0.00000,
                -0.00000,
                0.00688,
                0.99998,
                0.00000,
                0.00000,
                0.00000,
                0.00000,
                1.00000
            ],
            "right_foot_pose": [
                1.00000,
                0.00000,
                0.00000,
                0.00000,
                -0.00000,
                0.99944,
                -0.03337,
                -0.20000,
                -0.00000,
                0.03337,
                0.99944,
                0.00000,
                0.00000,
                0.00000,
                0.00000,
                1.00000
            ]
        },
        {
            "left_foot_pose": [
                1.00000,
                -0.00000,
                0.00000,
                -0.00000,
                0.00000,
                0.99996,
                -0.00877,
                0.00000,
                -0.00000,
                0.00877,
                0.99996,
                0.00000,
                0.00000,
                0.00000,
                0.00000,
                1.00000
            ],
            "right_foot_pose": [
                1.00000,
                0.00000,
                0.00000,
                0.00000,
                -0.00000,
                0.99938,
                -0.03528,
                -0.20000,
                -0.00000,
                0.03528,
                0.99938,
                0.00000,
                0.00000,
                0.00000,
                0.00000,
                1.00000
            ]
        },
        {
            "left_foot_pose": [
                1.00000,
                0.00000,
                0.00000,
                -0.00000,
                0.00000,
                0.99994,
                -0.01090,
                0.00000,
                -0.00000,
                0.01090,
                0.99994,
                0.00000,
                0.00000,
                0.00000,
                0.00000,
                1.00000
            ],
            "right_foot_pose": [
                1.00000,
                0.00000,
                0.00000,
                0.00000,
                -0.00000,
                0.99930,
                -0.03743,
                -0.20000,
                -0.00000,
                0.03743,
                0.99930,
                0.00000,
                0.00000,
                0.00000,
                0.00000,
                1.00000
            ]
        },
        {
            "left_foot_pose": [
                1.00000,
                0.00000,
                0.00000,
                -0.00000,
                0.00000,
                0.99991,
                -0.01329,
                0.00000,
                -0.00000,
                0.01329,
                0.99991,
                0.00000,
                0.00000,
                0.00000,
                0.00000,
                1.00000
            ],
            "right_foot_pose": [
                1.00000,
                0.00000,
                0.00000,
                0.00000,
                -0.00000,
                0.99921,
                -0.03983,
                -0.20000,
                -0.00000,
                0.03983,
                0.99921,
                0.00000,
                0.00000,
                0.00000,
                0.00000,
                1.00000
            ]
        },
        {
            "left_foot_pose": [
                1.00000,
                0.00000,
                0.00000,
                -0.00000,
                0.00000,
                0.99987,
                -0.01596,
                0.00000,
                -0.00000,
                0.01596,
                0.99987,
                0.00000,
                0.00000,
                0.00000,
                0.00000,
                1.00000
            ],
            "right_foot_pose": [
                1.00000,
                0.00000,
                0.00000,
                0.00000,
                -0.00000,
                0.99910,
                -0.04252,
                -0.20000,
                -0.00000,
                0.04252,
                0.99910,
                0.00000,
                0.00000,
                0.00000,
                0.00000,
                1.00000
            ]
        },
        {
            "left_foot_pose": [
                1.00000,
                0.00000,
                0.00000,
                -0.00000,
                -0.00000,
                0.99982,
                -0.01893,
                0.00000,
                -0.00000,
                0.01893,
                0.99982,
                0.00000,
                0.00000,
                0.00000,
                0.00000,
                1.00000
            ],
            "right_foot_pose": [
                1.00000,
                0.00000,
                0.00000,
                0.00000,
                -0.00000,
                0.99896,
                -0.04552,
                -0.20000,
                -0.00000,
                0.04552,
                0.99896,
                0.00000,
                0.00000,
                0.00000,
                0.00000,
                1.00000
            ]
        },
        {
            "left_foot_pose": [
                1.00000,
                0.00000,
                0.00000,
                -0.00000,
                -0.00000,
                0.99975,
                -0.02224,
                0.00000,
                -0.00000,
                0.02224,
                0.99975,
                0.00000,
                0.00000,
                0.00000,
                0.00000,
                1.00000
            ],
            "right_foot_pose": [
                1.00000,
                0.00000,
                0.00000,
                0.00000,
                -0.00000,
                0.99881,
                -0.04887,
                -0.20000,
                -0.00000,
                0.04887,
                0.99881,
                0.00000,
                0.00000,
                0.00000,
                0.00000,
                1.00000
            ]
        },
        {
            "left_foot_pose": [
                1.00000,
                0.00000,
                0.00000,
                -0.00000,
                -0.00000,
                0.99966,
                -0.02593,
                0.00000,
                -0.00000,
                0.02593,
                0.99966,
                0.00000,
                0.00000,
                0.00000,
                0.00000,
                1.00000
            ],
            "right_foot_pose": [
                1.00000,
                0.00000,
                0.00000,
                0.00000,
                -0.00000,
                0.99862,
                -0.05259,
                -0.20000,
                -0.00000,
                0.05259,
                0.99862,
                0.00000,
                0.00000,
                0.00000,
                0.00000,
                1.00000
            ]
        },
        {
            "left_foot_pose": [
                1.00000,
                0.00000,
                0.00000,
                -0.00000,
                -0.00000,
                0.99955,
                -0.03002,
                0.00000,
                -0.00000,
                0.03002,
                0.99955,
                0.00000,
                0.00000,
                0.00000,
                0.00000,
                1.00000
            ],
            "right_foot_pose": [
                1.00000,
                0.00000,
                0.00000,
                0.00000,
                -0.00000,
                0.99839,
                -0.05674,
                -0.20000,
                -0.00000,
                0.05674,
                0.99839,
                0.00000,
                0.00000,
                0.00000,
                0.00000,
                1.00000
            ]
        },
        {
            "left_foot_pose": [
                1.00000,
                0.00000,
                0.00000,
                0.00000,
                -0.00000,
                0.99940,
                -0.03457,
                0.00000,
                -0.00000,
                0.03457,
                0.99940,
                0.00000,
                0.00000,
                0.00000,
                0.00000,
                1.00000
            ],
            "right_foot_pose": [
                1.00000,
                0.00000,
                0.00000,
                0.00000,
                -0.00000,
                0.99812,
                -0.06135,
                -0.20000,
                -0.00000,
                0.06135,
                0.99812,
                0.00000,
                0.00000,
                0.00000,
                0.00000,
                1.00000
            ]
        },
        {
            "left_foot_pose": [
                1.00000,
                0.00000,
                0.00000,
                0.00000,
                -0.00000,
                0.99921,
                -0.03962,
                0.00000,
                -0.00000,
                0.03962,
                0.99921,
                0.00000,
                0.00000,
                0.00000,
                0.00000,
                1.00000
            ],
            "right_foot_pose": [
                1.00000,
                0.00000,
                0.00000,
                0.00000,
                -0.00000,
                0.99779,
                -0.06648,
                -0.20000,
                -0.00000,
                0.06648,
                0.99779,
                0.00000,
                0.00000,
                0.00000,
                0.00000,
                1.00000
            ]
        },
        {
            "left_foot_pose": [
                1.00000,
                0.00000,
                0.00000,
                0.00000,
                -0.00000,
                0.99898,
                -0.04522,
                0.00000,
                -0.00000,
                0.04522,
                0.99898,
                0.00000,
                0.00000,
                0.00000,
                0.00000,
                1.00000
            ],
            "right_foot_pose": [
                1.00000,
                0.00000,
                0.00000,
                0.00000,
                -0.00000,
                0.99739,
                -0.07217,
                -0.20000,
                -0.00000,
                0.07217,
                0.99739,
                0.00000,
                0.00000,
                0.00000,
                0.00000,
                1.00000
            ]
        },
        {
            "left_foot_pose": [
                1.00000,
                0.00000,
                0.00000,
                0.00000,
                -0.00000,
                0.99868,
                -0.05143,
                0.00000,
                -0.00000,
                0.05143,
                0.99868,
                0.00000,
                0.00000,
                0.00000,
                0.00000,
                1.00000
            ],
            "right_foot_pose": [
                1.00000,
                0.00000,
                0.00000,
                0.00000,
                -0.00000,
                0.99691,
                -0.07849,
                -0.20000,
                -0.00000,
                0.07849,
                0.99691,
                0.00000,
                0.00000,
                0.00000,
                0.00000,
                1.00000
            ]
        },
        {
            "left_foot_pose": [
                1.00000,
                0.00000,
                0.00000,
                0.00000,
                -0.00000,
                0.99830,
                -0.05830,
                0.00000,
                -0.00000,
                0.05830,
                0.99830,
                0.00000,
                0.00000,
                0.00000,
                0.00000,
                1.00000
            ],
            "right_foot_pose": [
                1.00000,
                0.00000,
                0.00000,
                0.00000,
                -0.00000,
                0.99634,
                -0.08550,
                -0.20000,
                -0.00000,
                0.08550,
                0.99634,
                0.00000,
                0.00000,
                0.00000,
                0.00000,
                1.00000
            ]
        },
        {
            "left_foot_pose": [
                1.00000,
                0.00000,
                0.00000,
                0.00000,
                -0.00000,
                0.99783,
                -0.06591,
                0.00000,
                -0.00000,
                0.06591,
                0.99783,
                0.00000,
                0.00000,
                0.00000,
                0.00000,
                1.00000
            ],
            "right_foot_pose": [
                1.00000,
                0.00000,
                0.00000,
                -0.00000,
                -0.00000,
                0.99564,
                -0.09329,
                -0.20000,
                -0.00000,
                0.09329,
                0.99564,
                0.00000,
                0.00000,
                0.00000,
                0.00000,
                1.00000
            ]
        },
        {
            "left_foot_pose": [
                1.00000,
                0.00000,
                0.00000,
                0.00000,
                -0.00000,
                0.99723,
                -0.07432,
                0.00000,
                -0.00000,
                0.07432,
                0.99723,
                0.00000,
                0.00000,
                0.00000,
                0.00000,
                1.00000
            ],
            "right_foot_pose": [
                1.00000,
                0.00000,
                0.00000,
                -0.00000,
                -0.00000,
                0.99479,
                -0.10191,
                -0.20000,
                -0.00000,
                0.10191,
                0.99479,
                0.00000,
                0.00000,
                0.00000,
                0.00000,
                1.00000
            ]
        },
        {
            "left_foot_pose": [
                1.00000,
                0.00000,
                0.00000,
                0.00000,
                -0.00000,
                0.99650,
                -0.08362,
                0.00000,
                -0.00000,
                0.08362,
                0.99650,
                0.00000,
                0.00000,
                0.00000,
                0.00000,
                1.00000
            ],
            "right_foot_pose": [
                1.00000,
                0.00000,
                0.00000,
                -0.00000,
                -0.00000,
                0.99377,
                -0.11146,
                -0.20000,
                -0.00000,
                0.11146,
                0.99377,
                0.00000,
                0.00000,
                0.00000,
                0.00000,
                1.00000
            ]
        },
        {
            "left_foot_pose": [
                1.00000,
                0.00000,
                0.00000,
                0.00000,
                -0.00000,
                0.99558,
                -0.09388,
                0.00000,
                -0.00000,
                0.09388,
                0.99558,
                0.00000,
                0.00000,
                0.00000,
                0.00000,
                1.00000
            ],
            "right_foot_pose": [
                1.00000,
                0.00000,
                0.00000,
                -0.00000,
                -0.00000,
                0.99253,
                -0.12204,
                -0.20000,
                -0.00000,
                0.12204,
                0.99253,
                0.00000,
                0.00000,
                0.00000,
                0.00000,
                1.00000
            ]
        },
        {
            "left_foot_pose": [
                1.00000,
                0.00000,
                0.00000,
                0.00000,
                -0.00000,
                0.99446,
                -0.10515,
                0.00000,
                -0.00000,
                0.10515,
                0.99446,
                0.00000,
                0.00000,
                0.00000,
                0.00000,
                1.00000
            ],
            "right_foot_pose": [
                1.00000,
                0.00000,
                0.00000,
                -0.00000,
                -0.00000,
                0.99102,
                -0.13369,
                -0.20000,
                -0.00000,
                0.13369,
                0.99102,
                0.00000,
                0.00000,
                0.00000,
                0.00000,
                1.00000
            ]
        },
        {
            "left_foot_pose": [
                1.00000,
                0.00000,
                0.00000,
                0.00000,
                -0.00000,
                0.99308,
                -0.11744,
                0.00000,
                -0.00000,
                0.11744,
                0.99308,
                0.00000,
                0.00000,
                0.00000,
                0.00000,
                1.00000
            ],
            "right_foot_pose": [
                1.00000,
                0.00000,
                0.00000,
                -0.00000,
                -0.00000,
                0.98922,
                -0.14644,
                -0.20000,
                -0.00000,
                0.14644,
                0.98922,
                0.00000,
                0.00000,
                0.00000,
                0.00000,
                1.00000
            ]
        },
        {
            "left_foot_pose": [
                1.00000,
                0.00000,
                0.00000,
                0.00000,
                -0.00000,
                0.99143,
                -0.13061,
                0.00000,
                -0.00000,
                0.13061,
                0.99143,
                0.00000,
                0.00000,
                0.00000,
                0.00000,
                1.00000
            ],
            "right_foot_pose": [
                1.00000,
                0.00000,
                0.00000,
                -0.00000,
                -0.00000,
                0.98709,
                -0.16015,
                -0.20000,
                -0.00000,
                0.16015,
                0.98709,
                0.00000,
                0.00000,
                0.00000,
                0.00000,
                1.00000
            ]
        },
        {
            "left_foot_pose": [
                1.00000,
                0.00000,
                0.00000,
                0.00000,
                -0.00000,
                0.98962,
                -0.14373,
                0.00000,
                -0.00000,
                0.14373,
                0.98962,
                0.00000,
                0.00000,
                0.00000,
                0.00000,
                1.00000
            ],
            "right_foot_pose": [
                1.00000,
                0.00000,
                0.00000,
                -0.00000,
                -0.00000,
                0.98477,
                -0.17385,
                -0.20000,
                -0.00000,
                0.17385,
                0.98477,
                0.00000,
                0.00000,
                0.00000,
                0.00000,
                1.00000
            ]
        },
        {
            "left_foot_pose": [
                1.00000,
                0.00000,
                0.00000,
                0.00000,
                -0.00000,
                0.98776,
                -0.15597,
                -0.00000,
                -0.00000,
                0.15597,
                0.98776,
                0.00054,
                0.00000,
                0.00000,
                0.00000,
                1.00000
            ],
            "right_foot_pose": [
                1.00000,
                0.00000,
                0.00000,
                -0.00000,
                -0.00000,
                0.98248,
                -0.18639,
                -0.20000,
                -0.00000,
                0.18639,
                0.98248,
                0.00000,
                0.00000,
                0.00000,
                0.00000,
                1.00000
            ]
        },
        {
            "left_foot_pose": [
                1.00000,
                0.00000,
                0.00000,
                0.00000,
                -0.00000,
                0.98577,
                -0.16810,
                -0.00000,
                -0.00000,
                0.16810,
                0.98577,
                0.00374,
                0.00000,
                0.00000,
                0.00000,
                1.00000
            ],
            "right_foot_pose": [
                1.00000,
                0.00000,
                0.00000,
                -0.00000,
                -0.00000,
                0.98035,
                -0.19727,
                -0.20000,
                -0.00000,
                0.19727,
                0.98035,
                0.00000,
                0.00000,
                0.00000,
                0.00000,
                1.00000
            ]
        },
        {
            "left_foot_pose": [
                1.00000,
                0.00000,
                0.00000,
                0.00000,
                -0.00000,
                0.98363,
                -0.18019,
                -0.00000,
                -0.00000,
                0.18019,
                0.98363,
                0.00919,
                0.00000,
                0.00000,
                0.00000,
                1.00000
            ],
            "right_foot_pose": [
                1.00000,
                0.00000,
                0.00000,
                -0.00000,
                -0.00000,
                0.97845,
                -0.20650,
                -0.20000,
                -0.00000,
                0.20650,
                0.97845,
                0.00000,
                0.00000,
                0.00000,
                0.00000,
                1.00000
            ]
        },
        {
            "left_foot_pose": [
                1.00000,
                0.00000,
                0.00000,
                0.00000,
                -0.00000,
                0.98138,
                -0.19209,
                -0.00000,
                -0.00000,
                0.19209,
                0.98138,
                0.01617,
                0.00000,
                0.00000,
                0.00000,
                1.00000
            ],
            "right_foot_pose": [
                1.00000,
                0.00000,
                0.00000,
                -0.00000,
                -0.00000,
                0.97680,
                -0.21414,
                -0.20000,
                -0.00000,
                0.21414,
                0.97680,
                0.00000,
                0.00000,
                0.00000,
                0.00000,
                1.00000
            ]
        },
        {
            "left_foot_pose": [
                1.00000,
                0.00000,
                0.00000,
                0.00000,
                -0.00000,
                0.97907,
                -0.20355,
                -0.00000,
                -0.00000,
                0.20355,
                0.97907,
                0.02397,
                0.00000,
                0.00000,
                0.00000,
                1.00000
            ],
            "right_foot_pose": [
                1.00000,
                0.00000,
                0.00000,
                -0.00000,
                -0.00000,
                0.97544,
                -0.22027,
                -0.20000,
                -0.00000,
                0.22027,
                0.97544,
                0.00000,
                0.00000,
                0.00000,
                0.00000,
                1.00000
            ]
        },
        {
            "left_foot_pose": [
                1.00000,
                0.00000,
                0.00000,
                0.00000,
                -0.00000,
                0.97680,
                -0.21414,
                -0.00000,
                -0.00000,
                0.21414,
                0.97680,
                0.03186,
                0.00000,
                0.00000,
                0.00000,
                1.00000
            ],
            "right_foot_pose": [
                1.00000,
                0.00000,
                0.00000,
                -0.00000,
                -0.00000,
                0.97437,
                -0.22495,
                -0.20000,
                -0.00000,
                0.22495,
                0.97437,
                0.00000,
                0.00000,
                0.00000,
                0.00000,
                1.00000
            ]
        },
        {
            "left_foot_pose": [
                1.00000,
                0.00000,
                0.00000,
                0.00000,
                -0.00000,
                0.97475,
                -0.22331,
                -0.00000,
                -0.00000,
                0.22331,
                0.97475,
                0.03912,
                0.00000,
                0.00000,
                0.00000,
                1.00000
            ],
            "right_foot_pose": [
                1.00000,
                0.00000,
                0.00000,
                -0.00000,
                -0.00000,
                0.97360,
                -0.22824,
                -0.20000,
                -0.00000,
                0.22824,
                0.97360,
                0.00000,
                0.00000,
                0.00000,
                0.00000,
                1.00000
            ]
        },
        {
            "left_foot_pose": [
                1.00000,
                0.00000,
                0.00000,
                0.00000,
                -0.00000,
                0.97312,
                -0.23031,
                -0.00000,
                -0.00000,
                0.23031,
                0.97312,
                0.04504,
                0.00000,
                0.00000,
                0.00000,
                1.00000
            ],
            "right_foot_pose": [
                1.00000,
                0.00000,
                0.00000,
                -0.00000,
                -0.00000,
                0.97314,
                -0.23020,
                -0.20000,
                -0.00000,
                0.23020,
                0.97314,
                0.00000,
                0.00000,
                0.00000,
                0.00000,
                1.00000
            ]
        },
        {
            "left_foot_pose": [
                1.00000,
                0.00000,
                0.00000,
                0.00000,
                -0.00000,
                0.97216,
                -0.23433,
                -0.00000,
                -0.00000,
                0.23433,
                0.97216,
                0.04889,
                0.00000,
                0.00000,
                0.00000,
                1.00000
            ],
            "right_foot_pose": [
                1.00000,
                0.00000,
                0.00000,
                0.00000,
                0.00000,
                0.97299,
                -0.23083,
                -0.20000,
                -0.00000,
                0.23083,
                0.97299,
                0.00000,
                0.00000,
                0.00000,
                0.00000,
                1.00000
            ]
        },
        {
            "left_foot_pose": [
