{"LoopMode": "Wrap", "FrameDuration": 0.0167, "EnableCycleOffsetPosition": true, "EnableCycleOffsetRotation": false, "Debug_info": [{"left_foot_pose": [1.0000000000000002, 1.0009410638493366e-15, 5.352107645961723e-13, -6.007173924960085e-13, 2.6187402160481862e-14, 0.9987217085818831, -0.05054650143468293, -3.4899166889701405e-14, -5.348331542905779e-13, 0.05054650143468287, 0.998721708581883, 4.288708277400133e-12, 0.0, 0.0, 0.0, 1.0], "right_foot_pose": [1.0000000000000002, -2.64926576476487e-14, 4.731215419439895e-13, 1.3433906764781511e-12, -8.612228870304344e-15, 0.9972890072380578, 0.07358421054907528, -0.24000000000054159, -4.741027137567819e-13, -0.07358421054907532, 0.9972890072380581, 2.781497254744636e-12, 0.0, 0.0, 0.0, 1.0]}, {"left_foot_pose": [1.0, 3.220414892984132e-14, 1.2027601137276633e-12, -1.7412911390568553e-12, 2.9549058812139134e-14, 0.9986866477212684, -0.05123455536312915, 1.4646096835324585e-13, -1.2030636393714412e-12, 0.051234555363129104, 0.998686647721268, 9.558645541751787e-12, 0.0, 0.0, 0.0, 1.0], "right_foot_pose": [1.0, -8.15506682126164e-14, 1.1032008639943378e-12, 2.782454822103375e-12, 6.530908344337833e-16, 0.9973391241453934, 0.0729017931802885, -0.2400000000010295, -1.106469224860137e-12, -0.0729017931802885, 0.9973391241453934, 7.232478504981543e-12, 0.0, 0.0, 0.0, 1.0]}, {"left_foot_pose": [0.9999999999999999, 8.254837993931814e-14, 2.0558832414252493e-12, -3.234527229389883e-12, 2.4986394453400155e-14, 0.9986362049070545, -0.052208526591327076, 4.571169831546484e-13, -2.057577303796506e-12, 0.052208526591327034, 0.9986362049070547, 1.5933157571090817e-11, 0.0, 0.0, 0.0, 1.0], "right_foot_pose": [1.0, -1.5766715721449494e-13, 1.9206303214501643e-12, 4.4342793326102026e-12, 1.8830773513205935e-14, 0.9974093067779118, 0.07193521218990684, -0.24000000000162933, -1.9272241576085288e-12, -0.07193521218990688, 0.9974093067779124, 1.2834691642815699e-11, 0.0, 0.0, 0.0, 1.0]}, {"left_foot_pose": [1.0000000000000002, 1.4992047699814615e-13, 3.0512536941529333e-12, -4.93126373068975e-12, 1.3384119965682012e-14, 0.9985706619713944, -0.05344747936070607, 8.811007479181399e-13, -3.0551971854125505e-12, 0.05344747936070599, 0.9985706619713947, 2.2894353080005203e-11, 0.0, 0.0, 0.0, 1.0], "right_foot_pose": [1.0000000000000002, -2.4856596286987657e-13, 2.8834712395562595e-12, 6.1467324286024194e-12, 4.3724952506669747e-14, 0.9974972935951326, 0.07070466229597311, -0.2400000000023352, -2.8940195337555565e-12, -0.07070466229597314, 0.9974972935951328, 1.9040005683201855e-11, 0.0, 0.0, 0.0, 1.0]}, {"left_foot_pose": [1.0000000000000004, 2.3387996132809084e-13, 4.151151644649076e-12, -6.7030547779012295e-12, -5.313275629772694e-15, 0.9984900443816052, -0.054932970708146255, 1.4044598817264387e-12, -4.157941120448014e-12, 0.05493297070814619, 0.9984900443816053, 3.0030075648390664e-11, 0.0, 0.0, 0.0, 1.0], "right_foot_pose": [1.0000000000000002, -3.4751163742843463e-13, 3.954558902563301e-12, 7.792728268229965e-12, 7.274245842058863e-14, 0.9976008799957413, 0.06922777066845716, -0.2400000000031376, -3.969378609253981e-12, -0.06922777066845717, 0.9976008799957413, 2.5412047466311094e-11, 0.0, 0.0, 0.0, 1.0]}, {"left_foot_pose": [1.0, 3.334414281733999e-13, 5.33606492325589e-12, -8.463788697676833e-12, -3.058884561542417e-14, 0.9983942224485921, -0.05664782944891582, 2.0210760148797746e-12, -5.3465113206853245e-12, 0.05664782944891577, 0.998394222448592, 3.712126439570085e-11, 0.0, 0.0, 0.0, 1.0], "right_foot_pose": [1.0000000000000004, -4.5151322387580854e-13, 5.115657897291823e-12, 9.29388163650735e-12, 1.0476810363413621e-13, 0.9977178643092174, 0.06752083558618129, -0.24000000000403193, -5.1346719363716896e-12, -0.06752083558618133, 0.9977178643092175, 3.1706096081940416e-11, 0.0, 0.0, 0.0, 1.0]}, {"left_foot_pose": [0.9999999999999998, 4.519416565246039e-13, 6.619454984146955e-12, -1.019833523185909e-11, -6.334985418139194e-14, 0.9982826332691149, -0.058581431471787015, 2.739301840914976e-12, -6.634699066314157e-12, 0.05858143147178701, 0.998282633269115, 4.42466757677451e-11, 0.0, 0.0, 0.0, 1.0], "right_foot_pose": [1.0, -5.587418133690303e-13, 6.3807292782764874e-12, 1.0645727355207413e-11, 1.3869850565467629e-13, 0.9978464217200804, 0.06559358703739855, -0.24000000000502808, -6.403836191265035e-12, -0.0655935870373986, 0.9978464217200809, 3.796507552777939e-11, 0.0, 0.0, 0.0, 1.0]}, {"left_foot_pose": [1.0, 5.89198765630682e-13, 7.994299666691518e-12, -1.1848022563043514e-11, -1.0248087962004867e-13, 0.9981544665753491, -0.06072611345773697, 3.5606725901082825e-12, -8.015594227755664e-12, 0.060726113457736944, 0.9981544665753493, 5.1325374506028254e-11, 0.0, 0.0, 0.0, 1.0], "right_foot_pose": [1.0, -6.679209115020995e-13, 7.743222729672009e-12, 1.1799287241709422e-11, 1.7506081738899187e-13, 0.9979848441350895, 0.06345274522558264, -0.24000000000612098, -7.770225252885977e-12, -0.06345274522558268, 0.9979848441350897, 4.4090453510392535e-11, 0.0, 0.0, 0.0, 1.0]}, {"left_foot_pose": [1.0, 7.511865173890366e-13, 9.500539244200468e-12, -1.3440890761495794e-11, -1.5034982723405417e-13, 0.9980085768359073, -0.06307836841555642, 4.50954724950936e-12, -9.52920030644709e-12, 0.0630783684155564, 0.9980085768359075, 5.863413921058935e-11, 0.0, 0.0, 0.0, 1.0], "right_foot_pose": [0.9999999999999998, -7.795389290463469e-13, 9.243994458784591e-12, 1.2788256564810752e-11, 2.1298905068859054e-13, 0.9981315997733495, 0.061100814510897355, -0.24000000000733307, -9.274545726685266e-12, -0.061100814510897404, 0.9981315997733501, 5.031776384445408e-11, 0.0, 0.0, 0.0, 1.0]}, {"left_foot_pose": [1.0, 9.424909524003785e-13, 1.1150053103037294e-11, -1.494826137871108e-11, -2.0849193778236988e-13, 0.9978434161825054, -0.06563929296716456, 5.598752364499582e-12, -1.1188002689470712e-11, 0.06563929296716454, 0.9978434161825054, 6.624656379017324e-11, 0.0, 0.0, 0.0, 1.0], "right_foot_pose": [1.0, -8.910230483139354e-13, 1.0896422653060971e-11, 1.359064596972992e-11, 2.5140369894272124e-13, 0.9982853213128163, 0.05853560669685305, -0.24000000000866722, -1.0930051496211103e-11, -0.058535606696853086, 0.9982853213128164, 5.6693691408149505e-11, 0.0, 0.0, 0.0, 1.0]}, {"left_foot_pose": [1.0, 1.1696773403108882e-12, 1.2989581632538716e-11, -1.6391308449437147e-11, -2.781978579393405e-13, 0.9976571524300284, -0.06841203260544843, 6.86125462001641e-12, -1.3039364531636321e-11, 0.0684120326054484, 0.9976571524300285, 7.446107619379916e-11, 0.0, 0.0, 0.0, 1.0], "right_foot_pose": [0.9999999999999999, -1.0038984198774905e-12, 1.2749079569828495e-11, 1.4226984174081636e-11, 2.9129134389227136e-13, 0.9984446049747028, 0.05575276492615778, -0.2400000000101492, -1.2785412740230325e-11, -0.05575276492615782, 0.9984446049747029, 6.346791148192921e-11, 0.0, 0.0, 0.0, 1.0]}, {"left_foot_pose": [1.0000000000000002, 1.4420004252036778e-12, 1.50641721319289e-11, -1.7778820082803293e-11, -3.625571463998177e-13, 0.9974473958449415, -0.07140512952265253, 8.331047657295088e-12, -1.5128844633063458e-11, 0.07140512952265246, 0.9974473958449414, 8.35570085344628e-11, 0.0, 0.0, 0.0, 1.0], "right_foot_pose": [1.0000000000000002, -1.1167154533390558e-12, 1.484937173223866e-11, 1.470323515717631e-11, 3.3172680717193673e-13, 0.998608152737772, 0.05274236708431391, -0.2400000000118019, -1.48878315783616e-11, -0.05274236708431396, 0.998608152737772, 7.086538300615786e-11, 0.0, 0.0, 0.0, 1.0]}, {"left_foot_pose": [1.0000000000000004, 1.7698899459969049e-12, 1.741665145438276e-11, -1.9102056741937545e-11, -4.650791673535838e-13, 0.9972114002826086, -0.07462856789729508, 1.0043665552017522e-11, -1.750037948241579e-11, 0.07462856789729502, 0.9972114002826086, 9.379308441026524e-11, 0.0, 0.0, 0.0, 1.0], "right_foot_pose": [1.0000000000000002, -1.2266619983823793e-12, 1.724409504077942e-11, 1.500764443274072e-11, 3.714485430416063e-13, 0.9987744781404853, 0.04949284610126243, -0.24000000001364585, -1.7283928725376593e-11, -0.04949284610126248, 0.9987744781404854, 7.908061705474978e-11, 0.0, 0.0, 0.0, 1.0]}, {"left_foot_pose": [1.0, 2.169236598353041e-12, 2.013449129645295e-11, -2.039677454712674e-11, -5.900920789748362e-13, 0.9969457545785699, -0.07809713456822981, 1.2063917573246208e-11, -2.0242525385964138e-11, 0.07809713456822977, 0.9969457545785697, 1.0567516306458913e-10, 0.0, 0.0, 0.0, 1.0], "right_foot_pose": [1.0000000000000004, -1.3331874534096519e-12, 2.0025120450738508e-11, 1.515938069518441e-11, 4.106045420834325e-13, 0.998942012758765, 0.04598755424535282, -0.24000000001573077, -2.0065434949898258e-11, -0.04598755424535288, 0.9989420127587648, 8.851568089607298e-11, 0.0, 0.0, 0.0, 1.0]}, {"left_foot_pose": [1.0, 2.655737792061918e-12, 2.326792925000376e-11, -2.1635904873251732e-11, -7.428208954278564e-13, 0.9966464638717355, -0.08182802730096307, 1.4436491932445783e-11, -2.3407400249535952e-11, 0.08182802730096304, 0.9966464638717357, 1.1950895828505281e-10, 0.0, 0.0, 0.0, 1.0], "right_foot_pose": [0.9999999999999999, -1.4293585906132183e-12, 2.324943015885481e-11, 1.512667074932139e-11, 4.464937850500611e-13, 0.9991088831930586, 0.0422071027757263, -0.2400000000180766, -2.3289264538822833e-11, -0.04220710277572632, 0.9991088831930586, 9.937266287618485e-11, 0.0, 0.0, 0.0, 1.0]}, {"left_foot_pose": [1.0000000000000002, 3.2558339319220624e-12, 2.694067191555405e-11, -2.2849125369539536e-11, -9.31078843329899e-13, 0.9963087910463942, -0.08584167335085109, 1.7257084650168508e-11, -2.7120889142475542e-11, 0.08584167335085105, 0.9963087910463945, 1.3598770720602005e-10, 0.0, 0.0, 0.0, 1.0], "right_foot_pose": [1.0, -1.5104384059875732e-12, 2.7049917861175965e-11, 1.4912945878187145e-11, 4.777305050493957e-13, 0.9992728458526434, 0.038128461043700636, -0.24000000002075206, -2.7088028652020878e-11, -0.038128461043700684, 0.9992728458526434, 1.1216834405747278e-10, 0.0, 0.0, 0.0, 1.0]}, {"left_foot_pose": [0.9999999999999999, 3.9958398375260776e-12, 3.1238192588212144e-11, -2.4007823506977388e-11, -1.1628942614230918e-12, 0.9959270519238023, -0.09016267102501808, 2.0597970377955743e-11, -3.1471402069321326e-11, 0.09016267102501807, 0.9959270519238024, 1.5563243749294742e-10, 0.0, 0.0, 0.0, 1.0], "right_foot_pose": [0.9999999999999999, -1.5644532046003663e-12, 3.1523339494298066e-11, 1.447858499759036e-11, 5.002821683958931e-13, 0.9994311874042452, 0.03372390315105631, -0.24000000002379027, -3.1558281086186787e-11, -0.033723903151056354, 0.9994311874042453, 1.272322108780699e-10, 0.0, 0.0, 0.0, 1.0]}, {"left_foot_pose": [1.0000000000000002, 4.915031538408295e-12, 3.630765132989211e-11, -2.51055357058938e-11, -1.4502263777210858e-12, 0.9954946948345385, -0.09481725874697813, 2.457710250591827e-11, -3.661026276457751e-11, 0.0948172587469781, 0.9954946948345382, 1.7929886741985257e-10, 0.0, 0.0, 0.0, 1.0], "right_foot_pose": [1.0000000000000002, -1.5771705700033094e-12, 3.6833286420899637e-11, 1.3792196551509761e-11, 5.094203991648739e-13, 0.9995804705078746, 0.028963476643138933, -0.24000000002726057, -3.686361863659862e-11, -0.02896347664313899, 0.9995804705078746, 1.451341130609407e-10, 0.0, 0.0, 0.0, 1.0]}, {"left_foot_pose": [0.9999999999999999, 6.0630145616366345e-12, 4.231154315803565e-11, -2.6116993984137693e-11, -1.8083633639807459e-12, 0.9950037811756157, -0.09983724478484535, 2.93237691073589e-11, -4.270560824355124e-11, 0.09983724478484533, 0.9950037811756159, 2.079735134108418e-10, 0.0, 0.0, 0.0, 1.0], "right_foot_pose": [1.0, -1.5255893285440054e-12, 4.316327850695124e-11, 1.2805260324322276e-11, 4.971592734825859e-13, 0.9997164811996938, 0.02381086343887216, -0.24000000003122862, -4.3187415651717874e-11, -0.023810863438872194, 0.9997164811996935, 1.664876708717955e-10, 0.0, 0.0, 0.0, 1.0]}, {"left_foot_pose": [1.0000000000000002, 7.496360809240453e-12, 4.941061448882067e-11, -2.6979207062849397e-11, -2.2538441355796485e-12, 0.9944451918792382, -0.10525569033675743, 3.4964288408989574e-11, -4.992537027686298e-11, 0.10525569033675738, 0.9944451918792381, 2.4271537557574163e-10, 0.0, 0.0, 0.0, 1.0], "right_foot_pose": [1.0, -1.3779423847458576e-12, 5.07013875328244e-11, 1.1444577924235588e-11, 4.533320438173795e-13, 0.9998338626999842, 0.018227643798127916, -0.2400000000357409, -5.0718287361580014e-11, -0.01822764379812795, 0.9998338626999839, 1.9188191313634917e-10, 0.0, 0.0, 0.0, 1.0]}, {"left_foot_pose": [1.0000000000000002, 9.30226084896989e-12, 5.788175494458869e-11, -2.764641987562655e-11, -2.8133071802124312e-12, 0.9938080005427287, -0.11111101681321055, 4.1705902620314816e-11, -5.855702628140079e-11, 0.11111101681321049, 0.993808000542729, 2.852601488356754e-10, 0.0, 0.0, 0.0, 1.0], "right_foot_pose": [1.0, -1.090453881656314e-12, 5.976349970460062e-11, 9.633082526105952e-12, 3.6283957669771546e-13, 0.9999259561319453, 0.012168905193825868, -0.24000000004089928, -5.977247721768574e-11, -0.012168905193825907, 0.9999259561319458, 2.223457806760365e-10, 0.0, 0.0, 0.0, 1.0]}, {"left_foot_pose": [1.0, 1.1570199012823481e-11, 6.792787166087777e-11, -2.7988583672922118e-11, -3.512341490202293e-12, 0.9930794599023128, -0.11744439671662678, 4.96850477427202e-11, -6.881679404198536e-11, 0.11744439671662672, 0.9930794599023132, 3.371723872325205e-10, 0.0, 0.0, 0.0, 1.0], "right_foot_pose": [0.9999999999999999, -5.998804436693077e-13, 7.059972051415239e-11, 7.254568473724632e-12, 2.0522841531030636e-13, 0.9999843997929674, 0.0055857112976013985, -0.2400000000467194, -7.060212163237257e-11, -0.005585711297601449, 0.9999843997929675, 2.586056369047185e-10, 0.0, 0.0, 0.0, 1.0]}, {"left_foot_pose": [1.0, 1.4442234063484239e-11, 7.994487016826923e-11, -2.7878976904816e-11, -4.392937883211065e-12, 0.9922446265217235, -0.1243004470577918, 5.916016981855066e-11, -8.112019872361743e-11, 0.12430044705779177, 0.9922446265217237, 4.0119818578432387e-10, 0.0, 0.0, 0.0, 1.0], "right_foot_pose": [1.0, 1.8003831423431574e-13, 8.367437298595362e-11, 4.172755890818891e-12, -4.841073619429229e-14, 0.999998758349567, -0.0015758487635906442, -0.24000000005330047, -8.367468906075137e-11, 0.001575848763590607, 0.9999987583495672, 3.0211501356181003e-10, 0.0, 0.0, 0.0, 1.0]}, {"left_foot_pose": [0.9999999999999997, 1.8072145733820523e-11, 9.425567271126312e-11, -2.7086551751542842e-11, -5.4982338482368e-12, 0.9912857339311447, -0.13172924392325733, 7.028172661904808e-11, -9.581507863384346e-11, 0.13172924392325736, 0.9912857339311452, 4.801172792667785e-10, 0.0, 0.0, 0.0, 1.0], "right_foot_pose": [0.9999999999999998, 1.3689938388761115e-12, 9.939418732507585e-11, 2.1267015926085264e-13, -4.3705581333697305e-13, 0.999956034408699, -0.00937705975403998, -0.24000000006062605, -9.94028764292269e-11, 0.009377059754039957, 0.999956034408699, 3.540396170675919e-10, 0.0, 0.0, 0.0, 1.0]}, {"left_foot_pose": [1.0, 2.2674530680295258e-11, 1.1133854949108013e-10, -2.5308775908339243e-11, -6.888780046752393e-12, 0.9901823248726217, -0.13978184256137186, 8.323472119875497e-11, -1.1341507387095767e-10, 0.1397818425613718, 0.9901823248726214, 5.780146222766902e-10, 0.0, 0.0, 0.0, 1.0], "right_foot_pose": [1.0, 3.131361346219932e-12, 1.183526887604838e-10, -4.845603085446015e-12, -1.0147552822233883e-12, 0.999840100351257, -0.01788221825137949, -0.24000000006869415, -1.183899679916377e-10, 0.017882218251379457, 0.9998401003512571, 4.1613251733352286e-10, 0.0, 0.0, 0.0, 1.0]}, {"left_foot_pose": [0.9999999999999999, 2.852458355835972e-11, 1.3176275348580901e-10, -2.2111326658524888e-11, -8.639209652700738e-12, 0.9889099121758217, -0.14851661725346144, 9.812241991147275e-11, -1.3453795929263616e-10, 0.14851661725346144, 0.9889099121758214, 7.002655955101744e-10, 0.0, 0.0, 0.0, 1.0], "right_foot_pose": [1.0, 5.694280602842059e-12, 1.4127218839199881e-10, -1.1278047939988767e-11, -1.8546847650746552e-12, 0.9996309446589179, -0.02716568571417558, -0.24000000007743616, -1.4137483078409165e-10, 0.02716568571417554, 0.9996309446589178, 4.904978090358725e-10, 0.0, 0.0, 0.0, 1.0]}, {"left_foot_pose": [1.0, 3.5937813073910014e-11, 1.5604448289074924e-10, -1.686177239501596e-11, -1.083262131506084e-11, 0.9874403949610168, -0.1579919820726143, 1.1474616395945603e-10, -1.5976272794916934e-10, 0.1579919820726143, 0.9874403949610168, 8.531716999549133e-10, 0.0, 0.0, 0.0, 1.0], "right_foot_pose": [0.9999999999999999, 9.359918173059705e-12, 1.688570672175945e-10, -1.940200083927479e-11, -3.054543921708358e-12, 0.9993039399140012, -0.037304633389917595, -0.24000000008659605, -1.6908883808542537e-10, 0.03730463338991756, 0.9993039399140012, 5.790733448307606e-10, 0.0, 0.0, 0.0, 1.0]}, {"left_foot_pose": [1.0000000000000004, 4.536372588826323e-11, 1.850127620550701e-10, -8.67646579583159e-12, -1.3584638913310666e-11, 0.9857408459457895, -0.16827056972055865, 1.3270767644513182e-10, -1.9000809810544337e-10, 0.16827056972055865, 0.9857408459457896, 1.0465032868056667e-09, 0.0, 0.0, 0.0, 1.0], "right_foot_pose": [1.0, 1.4547507366149459e-11, 2.0220006224925855e-10, -2.9633760723069e-11, -4.747516755241394e-12, 0.9988288123289547, -0.04838391945193702, -0.24000000009588462, -2.0266734083244272e-10, 0.04838391945193698, 0.9988288123289548, 6.850272293856818e-10, 0.0, 0.0, 0.0, 1.0]}, {"left_foot_pose": [0.9999999999999999, 5.726083107739948e-11, 2.1921189169438193e-10, 3.703259920939672e-12, -1.7001496302511486e-11, 0.9837733530624654, -0.179415689961151, 1.5063638704460036e-10, -2.259284763883259e-10, 0.179415689961151, 0.9837733530624654, 1.2912500513273528e-09, 0.0, 0.0, 0.0, 1.0], "right_foot_pose": [1.0, 2.1785841243815447e-11, 2.421470801650289e-10, -4.238679893187047e-11, -7.098003288891585e-12, 0.9981686342520467, -0.06049278961500393, -0.2400000001045936, -2.430216209939487e-10, 0.060492789615003914, 0.998168634252047, 8.10583350441263e-10, 0.0, 0.0, 0.0, 1.0]}, {"left_foot_pose": [0.9999999999999999, 7.18063812098236e-11, 2.5793620711533904e-10, 2.180106095650558e-11, -2.1090720714878318e-11, 0.9814984835673619, -0.1914699108344984, 1.6507983348346134e-10, -2.6691291318429386e-10, 0.1914699108344984, 0.9814984835673621, 1.5946968190405642e-09, 0.0, 0.0, 0.0, 1.0], "right_foot_pose": [0.9999999999999999, 3.1583819008005884e-11, 2.8820157371714237e-10, -5.776564296344766e-11, -1.025718767725106e-11, 0.9972803271356576, -0.07370175783655122, -0.24000000011120287, -2.897456212596566e-10, 0.07370175783655121, 0.997280327135658, 9.535122552639663e-10, 0.0, 0.0, 0.0, 1.0]}, {"left_foot_pose": [1.0, 8.929591535574721e-11, 3.009656517061199e-10, 4.7600132169201004e-11, -2.5879446517184205e-11, 0.978878459984692, -0.20444304971800858, 1.7121807617537232e-10, -3.128648113448458e-10, 0.2044430497180085, 0.9788784599846919, 1.9713535387433367e-09, 0.0, 0.0, 0.0, 1.0], "right_foot_pose": [1.0000000000000004, 4.45389959677539e-11, 3.404126980300146e-10, -7.588530151481088e-11, -1.4393433223798879e-11, 0.9961161794683754, -0.0880486059022452, -0.24000000011432587, -3.430123379528704e-10, 0.08804860590224514, 0.9961161794683757, 1.1136566807623538e-09, 0.0, 0.0, 0.0, 1.0]}, {"left_foot_pose": [0.9999999999999998, 1.0235750807803098e-10, 3.2427256019262884e-10, 7.634079826623896e-11, -2.914252685877883e-11, 0.9759091228562162, -0.21817741387690018, 1.4974873598083693e-10, -3.387927938384132e-10, 0.21817741387690026, 0.9759091228562166, 2.2759984452669357e-09, 0.0, 0.0, 0.0, 1.0], "right_foot_pose": [0.9999999999999998, 5.6985877882916346e-11, 3.7141492659214037e-10, -8.96643731485014e-11, -1.8281771873124016e-11, 0.9946413570568444, -0.10338554459942693, -0.24000000010508132, -3.7531624275087226e-10, 0.10338554459942699, 0.9946413570568446, 1.2024168744018127e-09, 0.0, 0.0, 0.0, 1.0]}, {"left_foot_pose": [1.0000000000000007, 9.85160454073226e-11, 2.9515096616750114e-10, 9.158604777348422e-11, -2.7435568185850328e-11, 0.9727775903814362, -0.23174071643042982, 9.160762426407842e-11, -3.0994652835096303e-10, 0.23174071643042987, 0.9727775903814362, 2.24052335018321e-09, 0.0, 0.0, 0.0, 1.0], "right_foot_pose": [1.0000000000000002, 6.014450954700424e-11, 3.420438099422307e-10, -8.721225824848133e-11, -1.9125462609438833e-11, 0.9929324083589098, -0.11868122189536484, -0.24000000007906988, -3.4676449716362424e-10, 0.11868122189536486, 0.9929324083589098, 1.0975183678541e-09, 0.0, 0.0, 0.0, 1.0]}, {"left_foot_pose": [0.9999999999999999, 1.0195313186880049e-10, 2.8639537963393025e-10, -7.198273574426928e-11, -2.8848632590168466e-11, 0.9696603858672093, -0.24445600029423972, -4.5757031844062546e-10, -3.0262943653838433e-10, 0.2444560002942397, 0.969660385867209, 0.0005397569097140148, 0.0, 0.0, 0.0, 1.0], "right_foot_pose": [0.9999999999999998, 5.2610542513046415e-11, 2.680643207409323e-10, -7.082839523220308e-11, -1.6577891115835788e-11, 0.991158506095615, -0.13268314058052133, -0.24000000004960184, -2.726749414352442e-10, 0.13268314058052136, 0.9911585060956151, 8.544353558015416e-10, 0.0, 0.0, 0.0, 1.0]}, {"left_foot_pose": [1.0000000000000004, 1.196669831106446e-10, 3.148972090027957e-10, 5.107591884156992e-10, -3.4499923813961114e-11, 0.9662432871872669, -0.2576313450757646, -2.3961228261953904e-09, -3.35097421968386e-10, 0.2576313450757644, 0.9662432871872666, 0.0037384985665982334, 0.0, 0.0, 0.0, 1.0], "right_foot_pose": [1.0000000000000004, 4.268176715249655e-11, 1.9953130814268694e-10, -5.398757829677692e-11, -1.3331472944504173e-11, 0.9894548619956196, -0.14484155506356688, -0.24000000002914526, -2.0360954905951707e-10, 0.1448415550635668, 0.9894548619956192, 6.332419449917026e-10, 0.0, 0.0, 0.0, 1.0]}, {"left_foot_pose": [0.9999999999999998, 1.3437938444860425e-10, 3.349267026914182e-10, 1.461363710597574e-09, -3.848444894082428e-11, 0.9625029686849299, -0.27127114714377365, -4.463275880828288e-09, -3.588213936602576e-10, 0.27127114714377365, 0.96250296868493, 0.00918940935001046, 0.0, 0.0, 0.0, 1.0], "right_foot_pose": [0.9999999999999999, 3.243561976567578e-11, 1.4175158269405315e-10, -3.89338492001734e-11, -1.0046290670035122e-11, 0.9878866641144891, -0.1551771209449002, -0.24000000001622093, -1.4506803904367375e-10, 0.15517712094490024, 0.9878866641144892, 4.4886207251071397e-10, 0.0, 0.0, 0.0, 1.0]}, {"left_foot_pose": [1.0000000000000004, 1.4282590824658782e-10, 3.3969390494936746e-10, 2.2163713399303564e-09, -4.006311600081912e-11, 0.9585068003295765, -0.2850696646820907, -5.705239449274591e-09, -3.663143320560936e-10, 0.28506966468209066, 0.9585068003295765, 0.016172808484623963, 0.0, 0.0, 0.0, 1.0], "right_foot_pose": [1.0, 2.2905687523275877e-11, 9.501974207461613e-11, -2.6331992142303307e-11, -7.0383027892952634e-12, 0.9865035766228538, -0.16373971207474147, -0.2400000000085901, -9.748802565931455e-11, 0.16373971207474147, 0.9865035766228536, 3.008057136710818e-10, 0.0, 0.0, 0.0, 1.0]}, {"left_foot_pose": [1.0, 1.406565994089885e-10, 3.208119048192515e-10, 2.5550925125683577e-09, -3.8442308565291844e-11, 0.9543760685251373, -0.2986073003570143, -5.879554260124209e-09, -3.481764583940647e-10, 0.2986073003570142, 0.9543760685251377, 0.02396901803019312, 0.0, 0.0, 0.0, 1.0], "right_foot_pose": [1.0, 1.4740069074633557e-11, 5.878850184438737e-11, -1.6337011604639073e-11, -4.494671691413029e-12, 0.9853399788537783, -0.1706022452151128, -0.24000000000439614, -6.044146058249324e-11, 0.17060224521511286, 0.9853399788537788, 1.865093079977953e-10, 0.0, 0.0, 0.0, 1.0]}, {"left_foot_pose": [1.0, 1.2332878436867807e-10, 2.709174828918748e-10, 2.439923964259183e-09, -3.2862230281980286e-11, 0.9503097544309268, -0.3113059116583445, -5.105327055207609e-09, -2.958486327881298e-10, 0.31130591165834465, 0.9503097544309269, 0.031858361051652156, 0.0, 0.0, 0.0, 1.0], "right_foot_pose": [1.0, 8.237328727825326e-12, 3.194650100014172e-11, -8.803752865604864e-12, -2.49188170424045e-12, 0.9844194972562114, -0.17583587069147674, -0.24000000000224997, -3.289739091874674e-11, 0.17583587069147677, 0.9844194972562114, 1.0204098677135676e-10, 0.0, 0.0, 0.0, 1.0]}, {"left_foot_pose": [1.0000000000000002, 8.931048386084239e-11, 1.8980139682156505e-10, 1.925911527478341e-09, -2.334953144097605e-11, 0.946603381789816, -0.3224004304961243, -3.651886565717022e-09, -2.0846052512242982e-10, 0.3224004304961242, 0.9466033817898162, 0.03912116062083017, 0.0, 0.0, 0.0, 1.0], "right_foot_pose": [1.0000000000000002, 3.5506661678409086e-12, 1.3550494060157777e-11, -3.5690478350502985e-12, -1.0611458749864069e-12, 0.9837597293983151, -0.17949037526885833, -0.2400000000012071, -1.3967895926490768e-11, 0.1794903752688583, 0.983759729398315, 4.422645583090912e-11, 0.0, 0.0, 0.0, 1.0]}, {"left_foot_pose": [0.9999999999999998, 4.4962077263294015e-11, 9.269324197092033e-11, 1.1524084152225722e-09, -1.1749899691851727e-11, 0.9436434798642727, -0.3309637184188745, -1.915633289148455e-09, -1.0235025272774658e-10, 0.33096371841887456, 0.9436434798642729, 0.04503773959209974, 0.0, 0.0, 0.0, 1.0], "right_foot_pose": [0.9999999999999998, 8.030599712631821e-13, 3.083144850535928e-12, -5.578454365107177e-13, -2.29965789848444e-13, 0.9833714796260978, -0.18160543234711019, -0.24000000000067476, -3.1778148948893972e-12, 0.18160543234711024, 0.9833714796260979, 1.1363160412614093e-11, 0.0, 0.0, 0.0, 1.0]}, {"left_foot_pose": [1.0000000000000002, 7.712856116300262e-12, 1.4930362501885952e-11, 3.7503204708411175e-10, -2.2484287117810056e-12, 0.9418784083258926, -0.33595396102663355, -4.5558924167965476e-10, -1.6653804794073165e-11, 0.3359539610266335, 0.941878408325893, 0.04888842066963636, 0.0, 0.0, 0.0, 1.0], "right_foot_pose": [1.0000000000000002, 2.0805229030429722e-14, 1.2295719997725265e-13, 2.952638133990604e-13, 1.8680527872520677e-15, 0.9832609974406356, -0.18220266439338448, -0.24000000000032629, -1.248472334278155e-13, 0.18220266439338442, 0.9832609974406356, 2.119096564889844e-12, 0.0, 0.0, 0.0, 1.0]}, {"left_foot_pose": [1.0000000000000002, 2.3792726353258815e-12, 4.97329954995962e-12, 9.864359329370131e-12, -5.676353379704085e-13, 0.9417279814472959, -0.3363753988614562, 6.025570667422819e-12, -5.483941775506246e-12, 0.33637539886145607, 0.941727981447296, 0.050000000022451294, 0.0, 0.0, 0.0, 1.0], "right_foot_pose": [1.0, 1.2249534839016397e-12, 4.603567527184799e-12, -1.0419928808680368e-12, -3.703195627933346e-13, 0.9834303689500179, -0.18128626375661633, -0.24000000000007396, -4.749546068479339e-12, 0.18128626375661627, 0.9834303689500176, 1.6315601647498568e-11, 0.0, 0.0, 0.0, 1.0]}, {"left_foot_pose": [1.0000000000000002, 8.826403916301034e-12, 1.8376217214566282e-11, 2.365903653545054e-11, -2.180867036338774e-12, 0.942558288527886, -0.33404172303379215, 1.9873352963273305e-11, -2.026911252935158e-11, 0.33404172303379215, 0.9425582885278861, 0.05000000008337799, 0.0, 0.0, 0.0, 1.0], "right_foot_pose": [1.0, 4.404259763742377e-12, 1.66985592020587e-11, -4.6706319367650906e-12, -1.3469387619193984e-12, 0.9838765398716487, -0.17884897061541624, -0.24000000000004784, -1.7217202831615254e-11, 0.17884897061541624, 0.9838765398716487, 5.456445018037215e-11, 0.0, 0.0, 0.0, 1.0]}, {"left_foot_pose": [1.0, 1.943866279228869e-11, 4.0930786537884956e-11, 4.251373905694855e-11, -4.832389674784487e-12, 0.9439069289033252, -0.330211613315303, 4.204734477264438e-11, -4.5053756289665486e-11, 0.3302116133153029, 0.9439069289033254, 0.05000000018603194, 0.0, 0.0, 0.0, 1.0], "right_foot_pose": [1.0000000000000002, 9.507189066150037e-12, 3.683722771264585e-11, -1.0765190822104032e-11, -2.919553140473766e-12, 0.9845932117188495, -0.17486053710646904, -0.24000000000061997, -3.79322902210044e-11, 0.17486053710646904, 0.9845932117188492, 1.1832709811976372e-10, 0.0, 0.0, 0.0, 1.0]}, {"left_foot_pose": [1.0000000000000002, 3.438430642464292e-11, 7.359049480903934e-11, 6.649995831775612e-11, -8.6150040331255e-12, 0.9457720203501035, -0.32483116464231854, 7.403274347728139e-11, -8.076900934836763e-11, 0.3248311646423186, 0.9457720203501038, 0.050000000332384095, 0.0, 0.0, 0.0, 1.0], "right_foot_pose": [1.0, 1.6418429496949792e-11, 6.566283627941398e-11, -1.955545794740665e-11, -5.0660404685045816e-12, 0.9855676219392416, -0.16928219807478137, -0.24000000000244498, -6.749464773675371e-11, 0.1692821980747814, 0.9855676219392422, 2.098252682714019e-10, 0.0, 0.0, 0.0, 1.0]}, {"left_foot_pose": [1.0, 5.3983953954782636e-11, 1.1800785348903275e-10, 9.58036185105815e-11, -1.3680297195345269e-11, 0.9481524172264669, -0.3178159745947485, 1.1815191533481872e-10, -1.290464716700424e-10, 0.3178159745947485, 0.9481524172264669, 0.050000000526431415, 0.0, 0.0, 0.0, 1.0], "right_foot_pose": [0.9999999999999998, 2.499238475727261e-11, 1.0432310570964482e-10, -3.139861981527048e-11, -7.756679643929911e-12, 0.9867822654539015, -0.16205172194601186, -0.24000000000655464, -1.0699439269032839e-10, 0.1620517219460119, 0.9867822654539015, 3.330344888752279e-10, 0.0, 0.0, 0.0, 1.0]}, {"left_foot_pose": [1.0000000000000002, 1.0651032609720088e-10, 2.400825094284187e-10, -4.7445825046565915e-11, -2.7199878893850602e-11, 0.9511655453053877, -0.30868123594398594, -2.810170481731822e-10, -2.612359093706797e-10, 0.3086812359439858, 0.9511655453053875, 0.04965510195568047, 0.0, 0.0, 0.0, 1.0], "right_foot_pose": [1.0, 3.486551279645973e-11, 1.5388437746291496e-10, -4.657673899344239e-11, -1.0895729058337477e-11, 0.9882114527817348, -0.15309514881607172, -0.24000000001444405, -1.574082671603068e-10, 0.1530951488160717, 0.9882114527817348, 4.919496754407504e-10, 0.0, 0.0, 0.0, 1.0]}, {"left_foot_pose": [0.9999999999999999, 1.9896666352036715e-10, 4.694017397000039e-10, 1.1385428710930512e-10, -5.163944573406295e-11, 0.955497850988158, -0.29499806229365966, -1.951925669707588e-09, -5.072072302646543e-10, 0.2949980622936597, 0.9554978509881579, 0.0467686388187388, 0.0, 0.0, 0.0, 1.0], "right_foot_pose": [1.0000000000000002, 4.562961409554213e-11, 2.163595691495963e-10, -6.5556105682818e-11, -1.4372863997426462e-11, 0.9898206185606254, -0.14232056447422725, -0.24000000002830693, -2.2065139850066335e-10, 0.14232056447422725, 0.9898206185606252, 6.940513302966522e-10, 0.0, 0.0, 0.0, 1.0]}, {"left_foot_pose": [1.0000000000000002, 2.743898111797313e-10, 6.868099422518981e-10, 6.118050337178271e-10, -7.32402281327349e-11, 0.9608073077048984, -0.2772170944600401, -3.933879062778534e-09, -7.359576014089906e-10, 0.27721709446004006, 0.9608073077048983, 0.04154534044520307, 0.0, 0.0, 0.0, 1.0], "right_foot_pose": [1.0, 5.644810735859875e-11, 2.9345947893948435e-10, -8.853298302802237e-11, -1.7934808600227446e-11, 0.9915641213187816, -0.12961710270374946, -0.24000000005113376, -2.9830072489778624e-10, 0.12961710270374935, 0.9915641213187812, 9.466543521297055e-10, 0.0, 0.0, 0.0, 1.0]}, {"left_foot_pose": [1.0, 3.1853349340350553e-10, 8.588137700993315e-10, 1.0922604626317778e-09, -8.771523520497095e-11, 0.9665792189309376, -0.2563681211283123, -5.60470483045028e-09, -9.117733949252545e-10, 0.2563681211283123, 0.9665792189309378, 0.03470488411243505, 0.0, 0.0, 0.0, 1.0], "right_foot_pose": [1.0, 6.62267480406547e-11, 3.878880827646284e-10, -1.1569366645258761e-10, -2.123374826946221e-11, 0.9933810929873205, -0.11486515614109573, -0.2400000000871037, -3.92927927634589e-10, 0.1148651561410957, 0.9933810929873206, 1.2615500172286076e-09, 0.0, 0.0, 0.0, 1.0]}, {"left_foot_pose": [1.0, 3.3183439135259705e-10, 9.78927938710683e-10, 1.3212881691537781e-09, -9.426065442185654e-11, 0.9723973779614846, -0.23333096522671715, -6.567557249773093e-09, -1.0293343248391931e-09, 0.23333096522671704, 0.9723973779614848, 0.02696694708544073, 0.0, 0.0, 0.0, 1.0], "right_foot_pose": [1.0, 7.326706571375164e-11, 5.025014571114509e-10, -1.4675654441687058e-10, -2.3709002927204155e-11, 0.9951940382030333, -0.09792255268905882, -0.24000000014178213, -5.072611205659258e-10, 0.09792255268905879, 0.9951940382030333, 1.6531399443797667e-09, 0.0, 0.0, 0.0, 1.0]}, {"left_foot_pose": [1.0, 3.2217425597109884e-10, 1.0576614584145716e-09, 1.1858023382660399e-09, -9.426481822055216e-11, 0.9779643532377891, -0.2087719420712355, -6.614662373394253e-09, -1.1016162527222448e-09, 0.20877194207123548, 0.9779643532377891, 0.019051206583939634, 0.0, 0.0, 0.0, 1.0], "right_foot_pose": [1.0, 7.50286774867333e-11, 6.394845208924123e-10, -1.8046954555761552e-10, -2.4501648531209005e-11, 0.9969023635300226, -0.07864907875020974, -0.24000000022199888, -6.434046755875477e-10, 0.07864907875020972, 0.9969023635300227, 2.136936502750153e-09, 0.0, 0.0, 0.0, 1.0]}, {"left_foot_pose": [1.0000000000000002, 2.9904180225890285e-10, 1.114145248282128e-09, 6.995863228997923e-10, -8.997558949020433e-11, 0.9830926057389427, -0.1831090618768439, -5.707133116789054e-09, -1.1500653467286956e-09, 0.18310906187684384, 0.9830926057389427, 0.01167733995520956, 0.0, 0.0, 0.0, 1.0], "right_foot_pose": [1.0, 6.814446876162586e-11, 8.007968455015487e-10, -2.1441993319770702e-10, -2.2454903390679743e-11, 0.9983788873730257, -0.056917459955635935, -0.24000000033573987, -8.033773946939527e-10, 0.0569174599556359, 0.9983788873730257, 2.7326966384189078e-09, 0.0, 0.0, 0.0, 1.0]}, {"left_foot_pose": [1.0000000000000002, 2.686354485864478e-10, 1.164905810702166e-09, 4.8571292821097956e-11, -8.30096028533382e-11, 0.9876769355151971, -0.156506456899744, -3.961218231901542e-09, -1.1925938548645335e-09, 0.15650645689974393, 0.9876769355151973, 0.005565025132118179, 0.0, 0.0, 0.0, 1.0], "right_foot_pose": [1.0, 4.81152168189044e-11, 9.827000740925512e-10, -2.4338891665975915e-10, -1.6025878130360792e-11, 0.9994675532197481, -0.03262836282947535, -0.2400000004888345, -9.837468653740284e-10, 0.03262836282947532, 0.9994675532197482, 3.44788524120343e-09, 0.0, 0.0, 0.0, 1.0]}, {"left_foot_pose": [1.0, 2.256632848326724e-10, 1.1782752759592618e-09, -3.318245019034993e-10, -7.151433738849646e-11, 0.9916159186687873, -0.12922023774416247, -1.5980449828006948e-09, -1.1975568091169353e-09, 0.12922023774416244, 0.991615918668788, 0.0014339410891888171, 0.0, 0.0, 0.0, 1.0], "right_foot_pose": [0.9999999999999996, 1.0627769377638952e-11, 1.1288549262023025e-09, -2.5333178610420504e-10, -3.7570678767689046e-12, 0.9999814765252248, -0.006086592349801628, -0.24000000065283972, -1.128898738816022e-09, 0.006086592349801606, 0.9999814765252247, 4.1070884054805745e-09, 0.0, 0.0, 0.0, 1.0]}, {"left_foot_pose": [0.9999999999999998, 1.7737399229229363e-10, 1.168801416762122e-09, 1.459758841582115e-10, -5.758093263285323e-11, 0.9948145831657776, -0.10170518728512194, 9.901630956127283e-10, -1.1807806113876254e-09, 0.1017051872851219, 0.9948145831657778, 5.1494431496657e-09, 0.0, 0.0, 0.0, 1.0], "right_foot_pose": [1.0, -3.9183675245802266e-11, 1.214763803436516e-09, -2.4218902577866075e-10, 1.2584534280064637e-11, 0.9997604144594772, 0.02188866555585854, -0.24000000079702297, -1.2153305605561646e-09, -0.021888665555858586, 0.9997604144594772, 4.62530941325312e-09, 0.0, 0.0, 0.0, 1.0]}, {"left_foot_pose": [1.0, 1.341527693742802e-10, 1.2174874858272844e-09, 8.490740055488999e-11, -4.4069820908030624e-11, 0.9972811166814167, -0.07369107348022962, 9.77260383727696e-10, -1.2240632470103588e-09, 0.07369107348022957, 0.997281116681417, 5.020880350370405e-09, 0.0, 0.0, 0.0, 1.0], "right_foot_pose": [1.0, -9.213350131168567e-11, 1.2336905247378008e-09, -2.1208141492978783e-10, 2.979035415602846e-11, 0.9987271570323031, 0.050438733193605714, -0.24000000089356147, -1.2367674293330955e-09, -0.05043873319360578, 0.9987271570323027, 4.961353078369868e-09, 0.0, 0.0, 0.0, 1.0]}, {"left_foot_pose": [1.0, 8.155298163070265e-11, 1.1995736765024745e-09, 2.601451692951784e-11, -2.7051825222636408e-11, 0.9989705374715353, -0.04536369984727782, 8.882098997270438e-10, -1.2020383564707115e-09, 0.04536369984727778, 0.9989705374715355, 4.672208397948907e-09, 0.0, 0.0, 0.0, 1.0], "right_foot_pose": [1.0, -1.3807576201742223e-10, 1.1852430426005936e-09, -1.6830310062276865e-10, 4.4352462474477966e-11, 0.9968972767059212, 0.07871352930926143, -0.24000000091983115, -1.1924340341785313e-09, -0.07871352930926151, 0.9968972767059212, 5.078691467375052e-09, 0.0, 0.0, 0.0, 1.0]}, {"left_foot_pose": [0.9999999999999999, 2.952987376405109e-11, 1.1155963236531008e-09, -2.1335586075643675e-11, -9.928608026658951e-12, 0.9998457034765376, -0.017566139004051507, 7.444386409399817e-10, -1.1159429846355162e-09, 0.017566139004051465, 0.9998457034765377, 4.1434484870928046e-09, 0.0, 0.0, 0.0, 1.0], "right_foot_pose": [1.0, -1.6824828426711296e-10, 1.0757495519374326e-09, -1.1971425586954076e-10, 5.3384088972608285e-11, 0.9943771856376342, 0.10589623545423757, -0.24000000086578616, -1.0875177442941498e-09, -0.10589623545423762, 0.9943771856376343, 4.9504568500058355e-09, 0.0, 0.0, 0.0, 1.0]}, {"left_foot_pose": [1.0000000000000004, -1.2669815118332552e-11, 9.733889666518891e-10, -5.2497655528283005e-11, 4.048602875498683e-12, 0.9999607806799304, 0.008856472321761602, 5.743855217843485e-10, -9.734630871426938e-10, -0.008856472321761689, 0.9999607806799305, 3.4812587396126915e-09, 0.0, 0.0, 0.0, 1.0], "right_foot_pose": [1.0000000000000002, -1.7729282873610593e-10, 9.175530960024695e-10, -7.340743984896037e-11, 5.534432937547803e-11, 0.9913513148512384, 0.1312347916625866, -0.24000000073867916, -9.32884608846213e-10, -0.13123479166258664, 0.9913513148512384, 4.563192407269767e-09, 0.0, 0.0, 0.0, 1.0]}, {"left_foot_pose": [0.9999999999999998, -3.878404798236193e-11, 7.887288738794851e-10, -6.412192998794808e-11, 1.2676036633646198e-11, 0.99945288356642, 0.03307466599634497, 4.062897379641939e-10, -7.895801645290097e-10, -0.033074665996345044, 0.9994528835664203, 2.7427503601629155e-09, 0.0, 0.0, 0.0, 1.0], "right_foot_pose": [0.9999999999999925, -1.2357712998193484e-07, -1.881774091074073e-08, 6.246511221687581e-05, 1.2500082595478633e-07, 0.9880482476631685, 0.15414493274100366, -0.24000000616596903, -4.5595255206128073e-10, -0.15414493274100483, 0.9880482476631762, 0.0001923488261652978, 0.0, 0.0, 0.0, 1.0]}, {"left_foot_pose": [1.0000000000000004, -5.015813488075512e-11, 6.172880262500513e-10, -6.255882964434356e-11, 1.6374965922901217e-11, 0.9985079043439299, 0.054607370955721726, 2.757987276058582e-10, -6.191060601020246e-10, -0.05460737095572179, 0.9985079043439296, 2.1071366873570696e-09, 0.0, 0.0, 0.0, 1.0], "right_foot_pose": [0.9999999999982415, -1.8462030548958494e-06, -3.299931079552777e-07, 0.0009376612189782065, 1.875462796144539e-06, 0.984462897942211, 0.1755927178777882, -0.2400000915749361, 6.861591631819802e-10, -0.17559271787809838, 0.984462897943942, 0.0027565762415435735, 0.0, 0.0, 0.0, 1.0]}, {"left_foot_pose": [1.0, -5.1629906929603555e-11, 4.722727764416845e-10, -5.4461300053043615e-11, 1.6776683236232502e-11, 0.9972949576897776, 0.07350351941605884, 1.8289823128236904e-10, -4.747902677764214e-10, -0.07350351941605893, 0.9972949576897774, 1.597377063955463e-09, 0.0, 0.0, 0.0, 1.0], "right_foot_pose": [0.9999999999846192, -5.438165161757745e-06, -1.0901384988300352e-06, 0.002773059885781668, 5.546353619454705e-06, 0.9805627194142782, 0.19620589507992756, -0.24000027314074704, 1.9491077063594313e-09, -0.19620589508295605, 0.9805627194293581, 0.007742310052664542, 0.0, 0.0, 0.0, 1.0]}, {"left_foot_pose": [1.0, -4.696045285851136e-11, 3.5164844647272986e-10, -4.3709078023645986e-11, 1.516622973227568e-11, 0.9959531440029136, 0.08987399485231043, 1.1903231178500562e-10, -3.544459538242386e-10, -0.0898739948523105, 0.9959531440029138, 1.1910527564218398e-09, 0.0, 0.0, 0.0, 1.0], "right_foot_pose": [0.9999999999400111, -1.069395882536062e-05, -2.370013152391982e-06, 0.005476541940201619, 1.095343356094819e-05, 0.976376282653841, 0.21607719581457488, -0.24000054208539728, 3.303996354769637e-09, -0.2160771958275725, 0.9763762827124054, 0.014429869615789293, 0.0, 0.0, 0.0, 1.0]}, {"left_foot_pose": [0.9999999999999998, -3.9025909722338007e-11, 2.5322151320228414e-10, -3.277466839590737e-11, 1.251992935441706e-11, 0.9945938609048813, 0.10384147461550977, 7.677128724403737e-11, -2.559050561880983e-10, -0.10384147461550981, 0.9945938609048813, 8.713035570817595e-10, 0.0, 0.0, 0.0, 1.0], "right_foot_pose": [0.9999999998395716, -1.7409367632764087e-05, -4.21547184976938e-06, 0.008955988560795405, 1.7912461081422372e-05, 0.971975719018554, 0.23508126534777324, -0.240000889480569