{
    "LoopMode": "Wrap",
    "FrameDuration": 0.01670,
    "EnableCycleOffsetPosition": true,
    "EnableCycleOffsetRotation": false,
    "Joints": [
        "left_hip_yaw",
        "left_hip_roll",
        "left_hip_pitch",
        "left_knee",
        "left_ankle",
        "neck_pitch",
        "head_pitch",
        "head_yaw",
        "head_roll",
        "left_antenna",
        "right_antenna",
        "right_hip_yaw",
        "right_hip_roll",
        "right_hip_pitch",
        "right_knee",
        "right_ankle"
    ],
    "Frame_offset": [
        {
            "root_pos": 0,
            "root_quat": 3,
            "joints_pos": 7,
            "left_tos_pos": 23,
            "right_tos_pos": 26,
            "world_linear_vel": 29,
            "world_angular_vel": 32,
            "joints_vel": 35,
            "left_toe_vel": 51,
            "right_toe_vel": 54
        }
    ],
    "Frame_size": [
        {
            "root_pos": 3,
            "root_quat": 4,
            "joints_pos": 16,
            "left_tos_pos": 3,
            "right_tos_pos": 3,
            "world_linear_vel": 3,
            "world_angular_vel": 3,
            "joints_vel": 16,
            "left_toe_vel": 3,
            "right_toe_vel": 3
        }
    ],
    "Debug_info": [
        {
            "left_foot_pose": [
                1.00000,
                -0.00000,
                0.00000,
                -0.00000,
                0.00000,
                0.99756,
                -0.06977,
                0.00000,
                -0.00000,
                0.06977,
                0.99756,
                0.00000,
                0.00000,
                0.00000,
                0.00000,
                1.00000
            ],
            "right_foot_pose": [
                1.00000,
                0.00000,
                -0.00000,
                0.00000,
                -0.00000,
                0.99913,
                0.04163,
                -0.24000,
                0.00000,
                -0.04163,
                0.99913,
                0.00000,
                0.00000,
                0.00000,
                0.00000,
                1.00000
            ]
        },
        {
            "left_foot_pose": [
                1.00000,
                -0.00000,
                0.00000,
                -0.00000,
                0.00000,
                0.99743,
                -0.07162,
                0.00000,
                -0.00000,
                0.07162,
                0.99743,
                0.00000,
                0.00000,
                0.00000,
                0.00000,
                1.00000
            ],
            "right_foot_pose": [
                1.00000,
                0.00000,
                -0.00000,
                0.00000,
                -0.00000,
                0.99921,
                0.03976,
                -0.24000,
                0.00000,
                -0.03976,
                0.99921,
                0.00000,
                0.00000,
                0.00000,
                0.00000,
                1.00000
            ]
        },
        {
            "left_foot_pose": [
                1.00000,
                -0.00000,
                0.00000,
                -0.00000,
                0.00000,
                0.99725,
                -0.07416,
                0.00000,
                -0.00000,
                0.07416,
                0.99725,
                0.00000,
                0.00000,
                0.00000,
                0.00000,
                1.00000
            ],
            "right_foot_pose": [
                1.00000,
                0.00000,
                -0.00000,
                0.00000,
                -0.00000,
                0.99931,
                0.03719,
                -0.24000,
                0.00000,
                -0.03719,
                0.99931,
                0.00000,
                0.00000,
                0.00000,
                0.00000,
                1.00000
            ]
        },
        {
            "left_foot_pose": [
                1.00000,
                -0.00000,
                0.00000,
                -0.00000,
                0.00000,
                0.99700,
                -0.07734,
                0.00000,
                -0.00000,
                0.07734,
                0.99700,
                0.00000,
                0.00000,
                0.00000,
                0.00000,
                1.00000
            ],
            "right_foot_pose": [
                1.00000,
                0.00000,
                -0.00000,
                0.00000,
                0.00000,
                0.99942,
                0.03396,
                -0.24000,
                0.00000,
                -0.03396,
                0.99942,
                0.00000,
                0.00000,
                0.00000,
                0.00000,
                1.00000
            ]
        },
        {
            "left_foot_pose": [
                1.00000,
                -0.00000,
                0.00000,
                -0.00000,
                0.00000,
                0.99670,
                -0.08117,
                0.00000,
                -0.00000,
                0.08117,
                0.99670,
                0.00000,
                0.00000,
                0.00000,
                0.00000,
                1.00000
            ],
            "right_foot_pose": [
                1.00000,
                -0.00000,
                -0.00000,
                0.00000,
                0.00000,
                0.99955,
                0.03007,
                -0.24000,
                0.00000,
                -0.03007,
                0.99955,
                0.00000,
                0.00000,
                0.00000,
                0.00000,
                1.00000
            ]
        },
        {
            "left_foot_pose": [
                1.00000,
                -0.00000,
                0.00000,
                0.00000,
                0.00000,
                0.99633,
                -0.08565,
                0.00000,
                -0.00000,
                0.08565,
                0.99633,
                0.00000,
                0.00000,
                0.00000,
                0.00000,
                1.00000
            ],
            "right_foot_pose": [
                1.00000,
                -0.00000,
                -0.00000,
                0.00000,
                0.00000,
                0.99967,
                0.02551,
                -0.24000,
                0.00000,
                -0.02551,
                0.99967,
                0.00000,
                0.00000,
                0.00000,
                0.00000,
                1.00000
            ]
        },
        {
            "left_foot_pose": [
                1.00000,
                -0.00000,
                0.00000,
                0.00000,
                0.00000,
                0.99587,
                -0.09076,
                0.00000,
                -0.00000,
                0.09076,
                0.99587,
                0.00000,
                0.00000,
                0.00000,
                0.00000,
                1.00000
            ],
            "right_foot_pose": [
                1.00000,
                -0.00000,
                -0.00000,
                0.00000,
                0.00000,
                0.99979,
                0.02027,
                -0.24000,
                0.00000,
                -0.02027,
                0.99979,
                0.00000,
                0.00000,
                0.00000,
                0.00000,
                1.00000
            ]
        },
        {
            "left_foot_pose": [
                1.00000,
                -0.00000,
                0.00000,
                0.00000,
                0.00000,
                0.99533,
                -0.09654,
                0.00000,
                -0.00000,
                0.09654,
                0.99533,
                0.00000,
                0.00000,
                0.00000,
                0.00000,
                1.00000
            ],
            "right_foot_pose": [
                1.00000,
                -0.00000,
                -0.00000,
                0.00000,
                0.00000,
                0.99990,
                0.01433,
                -0.24000,
                0.00000,
                -0.01433,
                0.99990,
                0.00000,
                0.00000,
                0.00000,
                0.00000,
                1.00000
            ]
        },
        {
            "left_foot_pose": [
                1.00000,
                -0.00000,
                0.00000,
                0.00000,
                0.00000,
                0.99468,
                -0.10301,
                0.00000,
                -0.00000,
                0.10301,
                0.99468,
                0.00000,
                0.00000,
                0.00000,
                0.00000,
                1.00000
            ],
            "right_foot_pose": [
                1.00000,
                -0.00000,
                -0.00000,
                0.00000,
                0.00000,
                0.99997,
                0.00765,
                -0.24000,
                0.00000,
                -0.00765,
                0.99997,
                0.00000,
                0.00000,
                0.00000,
                0.00000,
                1.00000
            ]
        },
        {
            "left_foot_pose": [
                1.00000,
                -0.00000,
                0.00000,
                0.00000,
                0.00000,
                0.99391,
                -0.11020,
                0.00000,
                -0.00000,
                0.11020,
                0.99391,
                0.00000,
                0.00000,
                0.00000,
                0.00000,
                1.00000
            ],
            "right_foot_pose": [
                1.00000,
                -0.00000,
                -0.00000,
                0.00000,
                0.00000,
                1.00000,
                0.00020,
                -0.24000,
                0.00000,
                -0.00020,
                1.00000,
                0.00000,
                0.00000,
                0.00000,
                0.00000,
                1.00000
            ]
        },
        {
            "left_foot_pose": [
                1.00000,
                -0.00000,
                0.00000,
                0.00000,
                0.00000,
                0.99299,
                -0.11816,
                0.00000,
                -0.00000,
                0.11816,
                0.99299,
                0.00000,
                0.00000,
                0.00000,
                0.00000,
                1.00000
            ],
            "right_foot_pose": [
                1.00000,
                -0.00000,
                -0.00000,
                0.00000,
                0.00000,
                0.99997,
                -0.00810,
                -0.24000,
                0.00000,
                0.00810,
                0.99997,
                0.00000,
                0.00000,
                0.00000,
                0.00000,
                1.00000
            ]
        },
        {
            "left_foot_pose": [
                1.00000,
                -0.00000,
                0.00000,
                0.00000,
                0.00000,
                0.99191,
                -0.12692,
                0.00000,
                -0.00000,
                0.12692,
                0.99191,
                0.00000,
                0.00000,
                0.00000,
                0.00000,
                1.00000
            ],
            "right_foot_pose": [
                1.00000,
                -0.00000,
                -0.00000,
                0.00000,
                0.00000,
                0.99985,
                -0.01729,
                -0.24000,
                0.00000,
                0.01729,
                0.99985,
                0.00000,
                0.00000,
                0.00000,
                0.00000,
                1.00000
            ]
        },
        {
            "left_foot_pose": [
                1.00000,
                -0.00000,
                0.00000,
                0.00000,
                0.00000,
                0.99064,
                -0.13653,
                0.00000,
                -0.00000,
                0.13653,
                0.99064,
                0.00000,
                0.00000,
                0.00000,
                0.00000,
                1.00000
            ],
            "right_foot_pose": [
                1.00000,
                -0.00000,
                -0.00000,
                0.00000,
                0.00000,
                0.99962,
                -0.02743,
                -0.24000,
                0.00000,
                0.02743,
                0.99962,
                0.00000,
                0.00000,
                0.00000,
                0.00000,
                1.00000
            ]
        },
        {
            "left_foot_pose": [
                1.00000,
                -0.00000,
                0.00000,
                0.00000,
                0.00000,
                0.98914,
                -0.14695,
                0.00000,
                -0.00000,
                0.14695,
                0.98914,
                0.00000,
                0.00000,
                0.00000,
                0.00000,
                1.00000
            ],
            "right_foot_pose": [
                1.00000,
                -0.00000,
                -0.00000,
                0.00000,
                0.00000,
                0.99926,
                -0.03852,
                -0.24000,
                0.00000,
                0.03852,
                0.99926,
                0.00000,
                0.00000,
                0.00000,
                0.00000,
                1.00000
            ]
        },
        {
            "left_foot_pose": [
                1.00000,
                -0.00000,
                0.00000,
                0.00000,
                0.00000,
                0.98745,
                -0.15795,
                0.00000,
                -0.00000,
                0.15795,
                0.98745,
                0.00000,
                0.00000,
                0.00000,
                0.00000,
                1.00000
            ],
            "right_foot_pose": [
                1.00000,
                -0.00000,
                -0.00000,
                0.00000,
                0.00000,
                0.99873,
                -0.05030,
                -0.24000,
                0.00000,
                0.05030,
                0.99873,
                0.00000,
                0.00000,
                0.00000,
                0.00000,
                1.00000
            ]
        },
        {
            "left_foot_pose": [
                1.00000,
                -0.00000,
                -0.00000,
                0.00000,
                0.00000,
                0.98571,
                -0.16843,
                -0.00000,
                0.00000,
                0.16843,
                0.98571,
                0.00013,
                0.00000,
                0.00000,
                0.00000,
                1.00000
            ],
            "right_foot_pose": [
                1.00000,
                -0.00000,
                -0.00000,
                0.00000,
                0.00000,
                0.99811,
                -0.06153,
                -0.24000,
                0.00000,
                0.06153,
                0.99811,
                0.00000,
                0.00000,
                0.00000,
                0.00000,
                1.00000
            ]
        },
        {
            "left_foot_pose": [
                1.00000,
                0.00000,
                -0.00000,
                0.00000,
                -0.00000,
                0.98393,
                -0.17855,
                -0.00000,
                0.00000,
                0.17855,
                0.98393,
                0.00339,
                0.00000,
                0.00000,
                0.00000,
                1.00000
            ],
            "right_foot_pose": [
                1.00000,
                -0.00000,
                -0.00000,
                0.00000,
                0.00000,
                0.99751,
                -0.07048,
                -0.24000,
                0.00000,
                0.07048,
                0.99751,
                0.00000,
                0.00000,
                0.00000,
                0.00000,
                1.00000
            ]
        },
        {
            "left_foot_pose": [
                1.00000,
                0.00000,
                -0.00000,
                0.00000,
                -0.00000,
                0.98219,
                -0.18792,
                -0.00000,
                0.00000,
                0.18792,
                0.98219,
                0.00953,
                0.00000,
                0.00000,
                0.00000,
                1.00000
            ],
            "right_foot_pose": [
                1.00000,
                -0.00000,
                -0.00000,
                0.00000,
                -0.00000,
                0.99707,
                -0.07653,
                -0.24000,
                0.00000,
                0.07653,
                0.99707,
                0.00000,
                0.00000,
                0.00000,
                0.00000,
                1.00000
            ]
        },
        {
            "left_foot_pose": [
                1.00000,
                0.00000,
                -0.00000,
                0.00000,
                -0.00000,
                0.98075,
                -0.19529,
                -0.00000,
                0.00000,
                0.19529,
                0.98075,
                0.01652,
                0.00000,
                0.00000,
                0.00000,
                1.00000
            ],
            "right_foot_pose": [
                1.00000,
                0.00000,
                0.00000,
                0.00000,
                -0.00000,
                0.99683,
                -0.07954,
                -0.24000,
                -0.00000,
                0.07954,
                0.99683,
                0.00000,
                0.00000,
                0.00000,
                0.00000,
                1.00000
            ]
        },
        {
            "left_foot_pose": [
                1.00000,
                0.00000,
                -0.00000,
                0.00000,
                -0.00000,
                0.97996,
                -0.19921,
                -0.00000,
                0.00000,
                0.19921,
                0.97996,
                0.02235,
                0.00000,
                0.00000,
                0.00000,
                1.00000
            ],
            "right_foot_pose": [
                1.00000,
                0.00000,
                0.00000,
                -0.00000,
                -0.00000,
                0.99683,
                -0.07951,
                -0.24000,
                -0.00000,
                0.07951,
                0.99683,
                0.00000,
                0.00000,
                0.00000,
                0.00000,
                1.00000
            ]
        },
        {
            "left_foot_pose": [
                1.00000,
                0.00000,
                -0.00000,
                0.00000,
                -0.00000,
                0.98020,
                -0.19802,
                0.00000,
                0.00000,
                0.19802,
                0.98020,
                0.02499,
                0.00000,
                0.00000,
                0.00000,
                1.00000
            ],
            "right_foot_pose": [
                1.00000,
                0.00000,
                0.00000,
                0.00000,
                -0.00000,
                0.99707,
                -0.07643,
                -0.24000,
                -0.00000,
                0.07643,
                0.99707,
                0.00000,
                0.00000,
                0.00000,
                0.00000,
                1.00000
            ]
        },
        {
            "left_foot_pose": [
                1.00000,
                0.00000,
                -0.00000,
                0.00000,
                -0.00000,
                0.98141,
                -0.19194,
                0.00000,
                0.00000,
                0.19194,
                0.98141,
                0.02500,
                0.00000,
                0.00000,
                0.00000,
                1.00000
            ],
            "right_foot_pose": [
                1.00000,
                0.00000,
                0.00000,
                0.00000,
                -0.00000,
                0.99753,
                -0.07027,
                -0.24000,
                -0.00000,
                0.07027,
                0.99753,
                0.00000,
                0.00000,
                0.00000,
                0.00000,
                1.00000
            ]
        },
        {
            "left_foot_pose": [
                1.00000,
                -0.00000,
                0.00000,
                0.00000,
                0.00000,
                0.98333,
                -0.18182,
                -0.00000,
                -0.00000,
                0.18182,
                0.98333,
                0.02363,
                0.00000,
                0.00000,
                0.00000,
                1.00000
            ],
            "right_foot_pose": [
                1.00000,
                0.00000,
                0.00000,
                0.00000,
                -0.00000,
                0.99814,
                -0.06096,
                -0.24000,
                -0.00000,
                0.06096,
                0.99814,
                0.00000,
                0.00000,
                0.00000,
                0.00000,
                1.00000
            ]
        },
        {
            "left_foot_pose": [
                1.00000,
                -0.00000,
                0.00000,
                0.00000,
                0.00000,
                0.98607,
                -0.16635,
                -0.00000,
                -0.00000,
                0.16635,
                0.98607,
                0.01859,
                0.00000,
                0.00000,
                0.00000,
                1.00000
            ],
            "right_foot_pose": [
                1.00000,
                0.00000,
                0.00000,
                0.00000,
                -0.00000,
                0.99883,
                -0.04843,
                -0.24000,
                -0.00000,
                0.04843,
                0.99883,
                0.00000,
                0.00000,
                0.00000,
                0.00000,
                1.00000
            ]
        },
        {
            "left_foot_pose": [
                1.00000,
                -0.00000,
                0.00000,
                0.00000,
                0.00000,
                0.98912,
                -0.14710,
                -0.00000,
                -0.00000,
                0.14710,
                0.98912,
                0.01175,
                0.00000,
                0.00000,
                0.00000,
                1.00000
            ],
            "right_foot_pose": [
                1.00000,
                0.00000,
                0.00000,
                0.00000,
                -0.00000,
                0.99947,
                -0.03258,
                -0.24000,
                -0.00000,
                0.03258,
                0.99947,
                0.00000,
                0.00000,
                0.00000,
                0.00000,
                1.00000
            ]
        },
        {
            "left_foot_pose": [
                1.00000,
                -0.00000,
                0.00000,
                0.00000,
                0.00000,
                0.99211,
                -0.12535,
                -0.00000,
                -0.00000,
                0.12535,
                0.99211,
                0.00512,
                0.00000,
                0.00000,
                0.00000,
                1.00000
            ],
            "right_foot_pose": [
                1.00000,
                0.00000,
                0.00000,
                0.00000,
                -0.00000,
                0.99991,
                -0.01338,
                -0.24000,
                -0.00000,
                0.01338,
                0.99991,
                0.00000,
                0.00000,
                0.00000,
                0.00000,
                1.00000
            ]
        },
        {
            "left_foot_pose": [
                1.00000,
                -0.00000,
                0.00000,
                0.00000,
                0.00000,
                0.99478,
                -0.10204,
                -0.00000,
                -0.00000,
                0.10204,
                0.99478,
                0.00073,
                0.00000,
                0.00000,
                0.00000,
                1.00000
            ],
            "right_foot_pose": [
                1.00000,
                0.00000,
                0.00000,
                0.00000,
                -0.00000,
                0.99996,
                0.00891,
                -0.24000,
                -0.00000,
                -0.00891,
                0.99996,
                0.00000,
                0.00000,
                0.00000,
                0.00000,
                1.00000
            ]
        },
        {
            "left_foot_pose": [
                1.00000,
                0.00000,
                -0.00000,
                0.00000,
                -0.00000,
                0.99694,
                -0.07822,
                0.00000,
                0.00000,
                0.07822,
                0.99694,
                0.00000,
                0.00000,
                0.00000,
                0.00000,
                1.00000
            ],
            "right_foot_pose": [
                1.00000,
                0.00000,
                0.00000,
                0.00000,
                -0.00000,
                0.99945,
                0.03307,
                -0.24000,
                -0.00000,
                -0.03307,
                0.99945,
                0.00000,
                0.00000,
                0.00000,
                0.00000,
                1.00000
            ]
        },
        {
            "left_foot_pose": [
                1.00000,
                0.00000,
                -0.00000,
                0.00000,
                -0.00000,
                0.99852,
                -0.05440,
                0.00000,
                0.00000,
                0.05440,
                0.99852,
                0.00000,
                0.00000,
                0.00000,
                0.00000,
                1.00000
            ],
            "right_foot_pose": [
                1.00000,
                0.00000,
                0.00000,
                0.00000,
                -0.00000,
                0.99837,
                0.05707,
                -0.24000,
                -0.00000,
                -0.05707,
                0.99837,
                0.00000,
                0.00000,
                0.00000,
                0.00000,
                1.00000
            ]
        },
        {
            "left_foot_pose": [
                1.00000,
                0.00000,
                -0.00000,
                0.00000,
                -0.00000,
                0.99947,
                -0.03244,
                0.00000,
                0.00000,
                0.03244,
                0.99947,
                0.00000,
                0.00000,
                0.00000,
                0.00000,
                1.00000
            ],
            "right_foot_pose": [
                1.00000,
                -0.00000,
                -0.00000,
                0.00000,
                0.00000,
                0.99689,
                0.07885,
                -0.24000,
                0.00000,
                -0.07885,
                0.99689,
                0.00003,
                0.00000,
                0.00000,
                0.00000,
                1.00000
            ]
        },
        {
            "left_foot_pose": [
                1.00000,
                0.00000,
                -0.00000,
                0.00000,
                -0.00000,
                0.99990,
                -0.01385,
                0.00000,
                0.00000,
                0.01385,
                0.99990,
                0.00000,
                0.00000,
                0.00000,
                0.00000,
                1.00000
            ],
            "right_foot_pose": [
                1.00000,
                -0.00002,
                -0.00000,
                0.00000,
                0.00002,
                0.99519,
                0.09794,
                -0.24000,
                0.00000,
                -0.09794,
                0.99519,
                0.00282,
                0.00000,
                0.00000,
                0.00000,
                1.00000
            ]
        },
        {
            "left_foot_pose": [
                1.00000,
                0.00000,
                -0.00000,
                0.00000,
                -0.00000,
                1.00000,
                0.00093,
                0.00000,
                0.00000,
                -0.00093,
                1.00000,
                0.00000,
                0.00000,
                0.00000,
                0.00000,
                1.00000
            ],
            "right_foot_pose": [
                1.00000,
                -0.00008,
                -0.00001,
                0.00000,
                0.00008,
                0.99341,
                0.11465,
                -0.24000,
                0.00000,
                -0.11465,
                0.99341,
                0.00872,
                0.00000,
                0.00000,
                0.00000,
                1.00000
            ]
        },
        {
            "left_foot_pose": [
                1.00000,
                0.00000,
                -0.00000,
                0.00000,
                -0.00000,
                0.99993,
                0.01187,
                0.00000,
                0.00000,
                -0.01187,
                0.99993,
                0.00000,
                0.00000,
                0.00000,
                0.00000,
                1.00000
            ],
            "right_foot_pose": [
                1.00000,
                -0.00017,
                -0.00002,
                0.00000,
                0.00017,
                0.99171,
                0.12852,
                -0.24001,
                0.00000,
                -0.12852,
                0.99171,
                0.01572,
                0.00000,
                0.00000,
                0.00000,
                1.00000
            ]
        },
        {
            "left_foot_pose": [
                1.00000,
                0.00000,
                -0.00000,
                0.00000,
                -0.00000,
                0.99982,
                0.01903,
                0.00000,
                0.00000,
                -0.01903,
                0.99982,
                0.00000,
                0.00000,
                0.00000,
                0.00000,
                1.00000
            ],
            "right_foot_pose": [
                1.00000,
                -0.00028,
                -0.00004,
                0.00000,
                0.00028,
                0.99034,
                0.13866,
                -0.24001,
                0.00000,
                -0.13866,
                0.99034,
                0.02179,
                0.00000,
                0.00000,
                0.00000,
                1.00000
            ]
        },
        {
            "left_foot_pose": [
                1.00000,
                -0.00000,
                0.00000,
                0.00000,
                0.00000,
                0.99975,
                0.02247,
                0.00000,
                -0.00000,
                -0.02247,
                0.99975,
                0.00000,
                0.00000,
                0.00000,
                0.00000,
                1.00000
            ],
            "right_foot_pose": [
                1.00000,
                -0.00040,
                -0.00006,
                0.00000,
                0.00040,
                0.98961,
                0.14379,
                -0.24002,
                0.00000,
                -0.14379,
                0.98961,
                0.02491,
                0.00000,
                0.00000,
                0.00000,
                1.00000
            ]
        },
        {
            "left_foot_pose": [
                1.00000,
                -0.00000,
                0.00000,
                0.00000,
                0.00000,
                0.99975,
                0.02224,
                0.00000,
                -0.00000,
                -0.02224,
                0.99975,
                0.00000,
                0.00000,
                0.00000,
                0.00000,
                1.00000
            ],
            "right_foot_pose": [
                1.00000,
                -0.00052,
                -0.00008,
                0.00000,
                0.00053,
                0.98963,
                0.14362,
                -0.24003,
                0.00000,
                -0.14362,
                0.98963,
                0.02500,
                0.00000,
                0.00000,
                0.00000,
                1.00000
            ]
        },
        {
            "left_foot_pose": [
                1.00000,
                -0.00000,
                0.00000,
                0.00000,
                0.00000,
                0.99983,
                0.01835,
                0.00000,
                -0.00000,
                -0.01835,
                0.99983,
                0.00000,
                0.00000,
                0.00000,
                0.00000,
                1.00000
            ],
            "right_foot_pose": [
                1.00000,
                -0.00065,
                -0.00009,
                0.00000,
                0.00065,
                0.99027,
                0.13914,
                -0.24003,
                0.00000,
                -0.13914,
                0.99027,
                0.02401,
                0.00000,
                0.00000,
                0.00000,
                1.00000
            ]
        },
        {
            "left_foot_pose": [
                1.00000,
                -0.00000,
                0.00000,
                0.00000,
                0.00000,
                0.99994,
                0.01076,
                0.00000,
                -0.00000,
                -0.01076,
                0.99994,
                0.00000,
                0.00000,
                0.00000,
                0.00000,
                1.00000
            ],
            "right_foot_pose": [
                1.00000,
                -0.00076,
                -0.00010,
                0.00000,
                0.00077,
                0.99162,
                0.12915,
                -0.24004,
                0.00000,
                -0.12915,
                0.99162,
                0.01932,
                0.00000,
                0.00000,
                0.00000,
                1.00000
            ]
        },
        {
            "left_foot_pose": [
                1.00000,
                -0.00000,
                0.00000,
                0.00000,
                0.00000,
                1.00000,
                -0.00056,
                0.00000,
                -0.00000,
                0.00056,
                1.00000,
                0.00000,
                0.00000,
                0.00000,
                0.00000,
                1.00000
            ],
            "right_foot_pose": [
                1.00000,
                -0.00086,
                -0.00010,
                0.00000,
                0.00087,
                0.99338,
                0.11485,
                -0.24004,
                0.00000,
                -0.11485,
                0.99338,
                0.01258,
                0.00000,
                0.00000,
                0.00000,
                1.00000
            ]
        },
        {
            "left_foot_pose": [
                1.00000,
                -0.00000,
                0.00000,
                0.00000,
                0.00000,
                0.99988,
                -0.01560,
                0.00000,
                -0.00000,
                0.01560,
                0.99988,
                0.00000,
                0.00000,
                0.00000,
                0.00000,
                1.00000
            ],
            "right_foot_pose": [
                1.00000,
                -0.00094,
                -0.00009,
                0.00000,
                0.00095,
                0.99525,
                0.09738,
                -0.24005,
                0.00000,
                -0.09738,
                0.99525,
                0.00583,
                0.00000,
                0.00000,
                0.00000,
                1.00000
            ]
        },
        {
            "left_foot_pose": [
                1.00000,
                -0.00000,
                0.00000,
                0.00000,
                0.00000,
                0.99942,
                -0.03413,
                0.00000,
                -0.00000,
                0.03413,
                0.99942,
                0.00000,
                0.00000,
                0.00000,
                0.00000,
                1.00000
            ],
            "right_foot_pose": [
                1.00000,
                -0.00099,
                -0.00008,
                0.00000,
                0.00099,
                0.99698,
                0.07762,
                -0.24005,
                0.00000,
                -0.07762,
                0.99698,
                0.00107,
                0.00000,
                0.00000,
                0.00000,
                1.00000
            ]
        },
        {
            "left_foot_pose": [
                1.00000,
                -0.00000,
                0.00000,
                0.00000,
                0.00000,
                0.99848,
                -0.05507,
                0.00000,
                -0.00000,
                0.05507,
                0.99848,
                0.00000,
                0.00000,
                0.00000,
                0.00000,
                1.00000
            ],
            "right_foot_pose": [
                1.00000,
                -0.00100,
                -0.00006,
                0.00000,
                0.00100,
                0.99840,
                0.05658,
                -0.24005,
                0.00000,
                -0.05658,
                0.99840,
                0.00000,
                0.00000,
                0.00000,
                0.00000,
                1.00000
            ]
        },
        {
            "left_foot_pose": [
                1.00000,
