{
    "LoopMode": "Wrap",
    "FrameDuration": 0.01670,
    "EnableCycleOffsetPosition": true,
    "EnableCycleOffsetRotation": false,
    "Joints": [
        "left_hip_yaw",
        "left_hip_roll",
        "left_hip_pitch",
        "left_knee",
        "left_ankle",
        "neck_pitch",
        "head_pitch",
        "head_yaw",
        "head_roll",
        "left_antenna",
        "right_antenna",
        "right_hip_yaw",
        "right_hip_roll",
        "right_hip_pitch",
        "right_knee",
        "right_ankle"
    ],
    "Vel_x": 0.20360,
    "Vel_y": -0.01510,
    "Yaw": -0.00000,
    "Frame_offset": [
        {
            "root_pos": 0,
            "root_quat": 3,
            "joints_pos": 7,
            "left_tos_pos": 23,
            "right_tos_pos": 26,
            "world_linear_vel": 29,
            "world_angular_vel": 32,
            "joints_vel": 35,
            "left_toe_vel": 51,
            "right_toe_vel": 54
        }
    ],
    "Frame_size": [
        {
            "root_pos": 3,
            "root_quat": 4,
            "joints_pos": 16,
            "left_tos_pos": 3,
            "right_tos_pos": 3,
            "world_linear_vel": 3,
            "world_angular_vel": 3,
            "joints_vel": 16,
            "left_toe_vel": 3,
            "right_toe_vel": 3
        }
    ],
    "Debug_info": [
        {
            "left_foot_pose": [
                1.00000,
                -0.00000,
                -0.00000,
                -0.00000,
                0.00000,
                0.99756,
                -0.06974,
                0.00000,
                0.00000,
                0.06974,
                0.99756,
                0.00000,
                0.00000,
                0.00000,
                0.00000,
                1.00000
            ],
            "right_foot_pose": [
                1.00000,
                0.00000,
                -0.00000,
                0.00000,
                -0.00000,
                0.99913,
                0.04162,
                -0.24000,
                0.00000,
                -0.04162,
                0.99913,
                0.00000,
                0.00000,
                0.00000,
                0.00000,
                1.00000
            ]
        },
        {
            "left_foot_pose": [
                1.00000,
                -0.00000,
                -0.00000,
                -0.00000,
                0.00000,
                0.99743,
                -0.07160,
                0.00000,
                0.00000,
                0.07160,
                0.99743,
                0.00000,
                0.00000,
                0.00000,
                0.00000,
                1.00000
            ],
            "right_foot_pose": [
                1.00000,
                0.00000,
                -0.00000,
                0.00000,
                -0.00000,
                0.99921,
                0.03975,
                -0.24000,
                0.00000,
                -0.03975,
                0.99921,
                0.00000,
                0.00000,
                0.00000,
                0.00000,
                1.00000
            ]
        },
        {
            "left_foot_pose": [
                1.00000,
                -0.00000,
                -0.00000,
                -0.00000,
                0.00000,
                0.99725,
                -0.07413,
                0.00000,
                0.00000,
                0.07413,
                0.99725,
                0.00000,
                0.00000,
                0.00000,
                0.00000,
                1.00000
            ],
            "right_foot_pose": [
                1.00000,
                0.00000,
                -0.00000,
                0.00000,
                -0.00000,
                0.99931,
                0.03718,
                -0.24000,
                0.00000,
                -0.03718,
                0.99931,
                0.00000,
                0.00000,
                0.00000,
                0.00000,
                1.00000
            ]
        },
        {
            "left_foot_pose": [
                1.00000,
                -0.00000,
                -0.00000,
                -0.00000,
                0.00000,
                0.99701,
                -0.07732,
                0.00000,
                0.00000,
                0.07732,
                0.99701,
                0.00000,
                0.00000,
                0.00000,
                0.00000,
                1.00000
            ],
            "right_foot_pose": [
                1.00000,
                0.00000,
                -0.00000,
                0.00000,
                -0.00000,
                0.99942,
                0.03395,
                -0.24000,
                0.00000,
                -0.03395,
                0.99942,
                0.00000,
                0.00000,
                0.00000,
                0.00000,
                1.00000
            ]
        },
        {
            "left_foot_pose": [
                1.00000,
                -0.00000,
                -0.00000,
                -0.00000,
                0.00000,
                0.99670,
                -0.08115,
                0.00000,
                0.00000,
                0.08115,
                0.99670,
                0.00000,
                0.00000,
                0.00000,
                0.00000,
                1.00000
            ],
            "right_foot_pose": [
                1.00000,
                0.00000,
                -0.00000,
                0.00000,
                -0.00000,
                0.99955,
                0.03006,
                -0.24000,
                0.00000,
                -0.03006,
                0.99955,
                0.00000,
                0.00000,
                0.00000,
                0.00000,
                1.00000
            ]
        },
        {
            "left_foot_pose": [
                1.00000,
                -0.00000,
                -0.00000,
                -0.00000,
                0.00000,
                0.99633,
                -0.08562,
                0.00000,
                0.00000,
                0.08562,
                0.99633,
                0.00000,
                0.00000,
                0.00000,
                0.00000,
                1.00000
            ],
            "right_foot_pose": [
                1.00000,
                0.00000,
                -0.00000,
                0.00000,
                -0.00000,
                0.99967,
                0.02550,
                -0.24000,
                0.00000,
                -0.02550,
                0.99967,
                0.00000,
                0.00000,
                0.00000,
                0.00000,
                1.00000
            ]
        },
        {
            "left_foot_pose": [
                1.00000,
                -0.00000,
                -0.00000,
                0.00000,
                0.00000,
                0.99588,
                -0.09073,
                0.00000,
                0.00000,
                0.09073,
                0.99588,
                0.00000,
                0.00000,
                0.00000,
                0.00000,
                1.00000
            ],
            "right_foot_pose": [
                1.00000,
                0.00000,
                -0.00000,
                0.00000,
                -0.00000,
                0.99979,
                0.02026,
                -0.24000,
                0.00000,
                -0.02026,
                0.99979,
                0.00000,
                0.00000,
                0.00000,
                0.00000,
                1.00000
            ]
        },
        {
            "left_foot_pose": [
                1.00000,
                -0.00000,
                -0.00000,
                0.00000,
                0.00000,
                0.99533,
                -0.09651,
                0.00000,
                0.00000,
                0.09651,
                0.99533,
                0.00000,
                0.00000,
                0.00000,
                0.00000,
                1.00000
            ],
            "right_foot_pose": [
                1.00000,
                0.00000,
                -0.00000,
                0.00000,
                -0.00000,
                0.99990,
                0.01433,
                -0.24000,
                0.00000,
                -0.01433,
                0.99990,
                0.00000,
                0.00000,
                0.00000,
                0.00000,
                1.00000
            ]
        },
        {
            "left_foot_pose": [
                1.00000,
                -0.00000,
                -0.00000,
                0.00000,
                0.00000,
                0.99468,
                -0.10298,
                0.00000,
                0.00000,
                0.10298,
                0.99468,
                0.00000,
                0.00000,
                0.00000,
                0.00000,
                1.00000
            ],
            "right_foot_pose": [
                1.00000,
                0.00000,
                -0.00000,
                0.00000,
                -0.00000,
                0.99997,
                0.00765,
                -0.24000,
                0.00000,
                -0.00765,
                0.99997,
                0.00000,
                0.00000,
                0.00000,
                0.00000,
                1.00000
            ]
        },
        {
            "left_foot_pose": [
                1.00000,
                -0.00000,
                -0.00000,
                0.00000,
                0.00000,
                0.99391,
                -0.11017,
                0.00000,
                0.00000,
                0.11017,
                0.99391,
                0.00000,
                0.00000,
                0.00000,
                0.00000,
                1.00000
            ],
            "right_foot_pose": [
                1.00000,
                0.00000,
                -0.00000,
                0.00000,
                0.00000,
                1.00000,
                0.00020,
                -0.24000,
                0.00000,
                -0.00020,
                1.00000,
                0.00000,
                0.00000,
                0.00000,
                0.00000,
                1.00000
            ]
        },
        {
            "left_foot_pose": [
                1.00000,
                -0.00000,
                -0.00000,
                0.00000,
                0.00000,
                0.99300,
                -0.11812,
                0.00000,
                0.00000,
                0.11812,
                0.99300,
                0.00000,
                0.00000,
                0.00000,
                0.00000,
                1.00000
            ],
            "right_foot_pose": [
                1.00000,
                -0.00000,
                -0.00000,
                0.00000,
                0.00000,
                0.99997,
                -0.00809,
                -0.24000,
                0.00000,
                0.00809,
                0.99997,
                0.00000,
                0.00000,
                0.00000,
                0.00000,
                1.00000
            ]
        },
        {
            "left_foot_pose": [
                1.00000,
                -0.00000,
                -0.00000,
                0.00000,
                0.00000,
                0.99192,
                -0.12688,
                0.00000,
                0.00000,
                0.12688,
                0.99192,
                0.00000,
                0.00000,
                0.00000,
                0.00000,
                1.00000
            ],
            "right_foot_pose": [
                1.00000,
                -0.00000,
                -0.00000,
                0.00000,
                0.00000,
                0.99985,
                -0.01728,
                -0.24000,
                0.00000,
                0.01728,
                0.99985,
                0.00000,
                0.00000,
                0.00000,
                0.00000,
                1.00000
            ]
        },
        {
            "left_foot_pose": [
                1.00000,
                -0.00000,
                -0.00000,
                0.00000,
                0.00000,
                0.99064,
                -0.13648,
                0.00000,
                0.00000,
                0.13648,
                0.99064,
                0.00000,
                0.00000,
                0.00000,
                0.00000,
                1.00000
            ],
            "right_foot_pose": [
                1.00000,
                -0.00000,
                -0.00000,
                0.00000,
                0.00000,
                0.99962,
                -0.02742,
                -0.24000,
                0.00000,
                0.02742,
                0.99962,
                0.00000,
                0.00000,
                0.00000,
                0.00000,
                1.00000
            ]
        },
        {
            "left_foot_pose": [
                1.00000,
                -0.00000,
                -0.00000,
                0.00000,
                0.00000,
                0.98915,
                -0.14691,
                0.00000,
                0.00000,
                0.14691,
                0.98915,
                0.00000,
                0.00000,
                0.00000,
                0.00000,
                1.00000
            ],
            "right_foot_pose": [
                1.00000,
                -0.00000,
                -0.00000,
                0.00000,
                0.00000,
                0.99926,
                -0.03850,
                -0.24000,
                0.00000,
                0.03850,
                0.99926,
                0.00000,
                0.00000,
                0.00000,
                0.00000,
                1.00000
            ]
        },
        {
            "left_foot_pose": [
                1.00000,
                -0.00000,
                -0.00000,
                0.00000,
                0.00000,
                0.98746,
                -0.15790,
                0.00000,
                0.00000,
                0.15790,
                0.98746,
                0.00000,
                0.00000,
                0.00000,
                0.00000,
                1.00000
            ],
            "right_foot_pose": [
                1.00000,
                -0.00000,
                -0.00000,
                0.00000,
                0.00000,
                0.99874,
                -0.05028,
                -0.24000,
                0.00000,
                0.05028,
                0.99874,
                0.00000,
                0.00000,
                0.00000,
                0.00000,
                1.00000
            ]
        },
        {
            "left_foot_pose": [
                1.00000,
                -0.00000,
                -0.00000,
                0.00000,
                0.00000,
                0.98572,
                -0.16837,
                -0.00000,
                0.00000,
                0.16837,
                0.98572,
                0.00013,
                0.00000,
                0.00000,
                0.00000,
                1.00000
            ],
            "right_foot_pose": [
                1.00000,
                -0.00000,
                -0.00000,
                0.00000,
                0.00000,
                0.99811,
                -0.06151,
                -0.24000,
                0.00000,
                0.06151,
                0.99811,
                0.00000,
                0.00000,
                0.00000,
                0.00000,
                1.00000
            ]
        },
        {
            "left_foot_pose": [
                1.00000,
                -0.00000,
                -0.00000,
                0.00000,
                0.00000,
                0.98394,
                -0.17849,
                -0.00000,
                0.00000,
                0.17849,
                0.98394,
                0.00339,
                0.00000,
                0.00000,
                0.00000,
                1.00000
            ],
            "right_foot_pose": [
                1.00000,
                -0.00000,
                -0.00000,
                0.00000,
                0.00000,
                0.99751,
                -0.07045,
                -0.24000,
                0.00000,
                0.07045,
                0.99751,
                0.00000,
                0.00000,
                0.00000,
                0.00000,
                1.00000
            ]
        },
        {
            "left_foot_pose": [
                1.00000,
                -0.00000,
                -0.00000,
                0.00000,
                0.00000,
                0.98220,
                -0.18785,
                -0.00000,
                0.00000,
                0.18785,
                0.98220,
                0.00953,
                0.00000,
                0.00000,
                0.00000,
                1.00000
            ],
            "right_foot_pose": [
                1.00000,
                -0.00000,
                -0.00000,
                0.00000,
                0.00000,
                0.99707,
                -0.07650,
                -0.24000,
                0.00000,
                0.07650,
                0.99707,
                0.00000,
                0.00000,
                0.00000,
                0.00000,
                1.00000
            ]
        },
        {
            "left_foot_pose": [
                1.00000,
                -0.00000,
                -0.00000,
                0.00000,
                0.00000,
                0.98076,
                -0.19522,
                -0.00000,
                0.00000,
                0.19522,
                0.98076,
                0.01652,
                0.00000,
                0.00000,
                0.00000,
                1.00000
            ],
            "right_foot_pose": [
                1.00000,
                -0.00000,
                -0.00000,
                0.00000,
                0.00000,
                0.99683,
                -0.07951,
                -0.24000,
                0.00000,
                0.07951,
                0.99683,
                0.00000,
                0.00000,
                0.00000,
                0.00000,
                1.00000
            ]
        },
        {
            "left_foot_pose": [
                1.00000,
                -0.00000,
                -0.00000,
                0.00000,
                -0.00000,
                0.97997,
                -0.19914,
                -0.00000,
                0.00000,
                0.19914,
                0.97997,
                0.02235,
                0.00000,
                0.00000,
                0.00000,
                1.00000
            ],
            "right_foot_pose": [
                1.00000,
                -0.00000,
                -0.00000,
                -0.00000,
                0.00000,
                0.99684,
                -0.07948,
                -0.24000,
                0.00000,
                0.07948,
                0.99684,
                0.00000,
                0.00000,
                0.00000,
                0.00000,
                1.00000
            ]
        },
        {
            "left_foot_pose": [
                1.00000,
                -0.00000,
                -0.00000,
                0.00000,
                0.00000,
                0.98021,
                -0.19795,
                0.00000,
                0.00000,
                0.19795,
                0.98021,
                0.02499,
                0.00000,
                0.00000,
                0.00000,
                1.00000
            ],
            "right_foot_pose": [
                1.00000,
                -0.00000,
                -0.00000,
                0.00000,
                0.00000,
                0.99708,
                -0.07640,
                -0.24000,
                0.00000,
                0.07640,
                0.99708,
                0.00000,
                0.00000,
                0.00000,
                0.00000,
                1.00000
            ]
        },
        {
            "left_foot_pose": [
                1.00000,
                -0.00000,
                -0.00000,
                0.00000,
                0.00000,
                0.98142,
                -0.19188,
                0.00000,
                0.00000,
                0.19188,
                0.98142,
                0.02500,
                0.00000,
                0.00000,
                0.00000,
                1.00000
            ],
            "right_foot_pose": [
                1.00000,
                -0.00000,
                -0.00000,
                0.00000,
                0.00000,
                0.99753,
                -0.07024,
                -0.24000,
                0.00000,
                0.07024,
                0.99753,
                0.00000,
                0.00000,
                0.00000,
                0.00000,
                1.00000
            ]
        },
        {
            "left_foot_pose": [
                1.00000,
                -0.00000,
                -0.00000,
                0.00000,
                0.00000,
                0.98334,
                -0.18175,
                -0.00000,
                0.00000,
                0.18175,
                0.98334,
                0.02363,
                0.00000,
                0.00000,
                0.00000,
                1.00000
            ],
            "right_foot_pose": [
                1.00000,
                -0.00000,
                -0.00000,
                0.00000,
                0.00000,
                0.99814,
                -0.06094,
                -0.24000,
                0.00000,
                0.06094,
                0.99814,
                0.00000,
                0.00000,
                0.00000,
                0.00000,
                1.00000
            ]
        },
        {
            "left_foot_pose": [
                1.00000,
                -0.00000,
                -0.00000,
                0.00000,
                0.00000,
                0.98608,
                -0.16629,
                -0.00000,
                0.00000,
                0.16629,
                0.98608,
                0.01859,
                0.00000,
                0.00000,
                0.00000,
                1.00000
            ],
            "right_foot_pose": [
                1.00000,
                -0.00000,
                -0.00000,
                0.00000,
                0.00000,
                0.99883,
                -0.04841,
                -0.24000,
                0.00000,
                0.04841,
                0.99883,
                0.00000,
                0.00000,
                0.00000,
                0.00000,
                1.00000
            ]
        },
        {
            "left_foot_pose": [
                1.00000,
                -0.00000,
                -0.00000,
                0.00000,
                0.00000,
                0.98913,
                -0.14704,
                -0.00000,
                0.00000,
                0.14704,
                0.98913,
                0.01175,
                0.00000,
                0.00000,
                0.00000,
                1.00000
            ],
            "right_foot_pose": [
                1.00000,
                -0.00000,
                -0.00000,
                0.00000,
                0.00000,
                0.99947,
                -0.03257,
                -0.24000,
                0.00000,
                0.03257,
                0.99947,
                0.00000,
                0.00000,
                0.00000,
                0.00000,
                1.00000
            ]
        },
        {
            "left_foot_pose": [
                1.00000,
                -0.00000,
                -0.00000,
                0.00000,
                0.00000,
                0.99212,
                -0.12530,
                -0.00000,
                0.00000,
                0.12530,
                0.99212,
                0.00512,
                0.00000,
                0.00000,
                0.00000,
                1.00000
            ],
            "right_foot_pose": [
                1.00000,
                -0.00000,
                -0.00000,
                0.00000,
                0.00000,
                0.99991,
                -0.01337,
                -0.24000,
                0.00000,
                0.01337,
                0.99991,
                0.00000,
                0.00000,
                0.00000,
                0.00000,
                1.00000
            ]
        },
        {
            "left_foot_pose": [
                1.00000,
                -0.00000,
                -0.00000,
                0.00000,
                0.00000,
                0.99478,
                -0.10200,
                -0.00000,
                0.00000,
                0.10200,
                0.99478,
                0.00073,
                0.00000,
                0.00000,
                0.00000,
                1.00000
            ],
            "right_foot_pose": [
                1.00000,
                0.00000,
                -0.00000,
                0.00000,
                -0.00000,
                0.99996,
                0.00892,
                -0.24000,
                0.00000,
                -0.00892,
                0.99996,
                0.00000,
                0.00000,
                0.00000,
                0.00000,
                1.00000
            ]
        },
        {
            "left_foot_pose": [
                1.00000,
                -0.00000,
                -0.00000,
                0.00000,
                0.00000,
                0.99694,
                -0.07818,
                0.00000,
                0.00000,
                0.07818,
                0.99694,
                0.00000,
                0.00000,
                0.00000,
                0.00000,
                1.00000
            ],
            "right_foot_pose": [
                1.00000,
                0.00000,
                -0.00000,
                0.00000,
                -0.00000,
                0.99945,
                0.03307,
                -0.24000,
                0.00000,
                -0.03307,
                0.99945,
                0.00000,
                0.00000,
                0.00000,
                0.00000,
                1.00000
            ]
        },
        {
            "left_foot_pose": [
                1.00000,
                -0.00000,
                -0.00000,
                0.00000,
                0.00000,
                0.99852,
                -0.05438,
                0.00000,
                0.00000,
                0.05438,
                0.99852,
                0.00000,
                0.00000,
                0.00000,
                0.00000,
                1.00000
            ],
            "right_foot_pose": [
                1.00000,
                0.00000,
                -0.00000,
                0.00000,
                -0.00000,
                0.99837,
                0.05706,
                -0.24000,
                0.00000,
                -0.05706,
                0.99837,
                0.00000,
                0.00000,
                0.00000,
                0.00000,
                1.00000
            ]
        },
        {
            "left_foot_pose": [
                1.00000,
                -0.00000,
                -0.00000,
                0.00000,
                0.00000,
                0.99947,
                -0.03242,
                0.00000,
                0.00000,
                0.03242,
                0.99947,
                0.00000,
                0.00000,
                0.00000,
                0.00000,
                1.00000
            ],
            "right_foot_pose": [
                1.00000,
                0.00000,
                -0.00000,
                0.00001,
                -0.00000,
                0.99689,
                0.07884,
                -0.24000,
                0.00000,
                -0.07884,
                0.99689,
                0.00003,
                0.00000,
                0.00000,
                0.00000,
                1.00000
            ]
        },
        {
            "left_foot_pose": [
                1.00000,
                -0.00000,
                -0.00000,
                0.00000,
                0.00000,
                0.99990,
                -0.01383,
                0.00000,
                0.00000,
                0.01383,
                0.99990,
                0.00000,
                0.00000,
                0.00000,
                0.00000,
                1.00000
            ],
            "right_foot_pose": [
                1.00000,
                0.00000,
                -0.00000,
                0.00124,
                -0.00000,
                0.99519,
                0.09792,
                -0.24000,
                0.00000,
                -0.09792,
                0.99519,
                0.00282,
                0.00000,
                0.00000,
                0.00000,
                1.00000
            ]
        },
        {
            "left_foot_pose": [
                1.00000,
                0.00000,
                -0.00000,
                0.00000,
                0.00000,
                1.00000,
                0.00094,
                0.00000,
                0.00000,
                -0.00094,
                1.00000,
                0.00000,
                0.00000,
                0.00000,
                0.00000,
                1.00000
            ],
            "right_foot_pose": [
                1.00000,
                0.00000,
                -0.00000,
                0.00423,
                -0.00000,
                0.99341,
                0.11461,
                -0.24000,
                0.00000,
                -0.11461,
                0.99341,
                0.00872,
                0.00000,
                0.00000,
                0.00000,
                1.00000
            ]
        },
        {
            "left_foot_pose": [
                1.00000,
                0.00000,
                -0.00000,
                0.00000,
                -0.00000,
                0.99993,
                0.01188,
                0.00000,
                0.00000,
                -0.01188,
                0.99993,
                0.00000,
                0.00000,
                0.00000,
                0.00000,
                1.00000
            ],
            "right_foot_pose": [
                1.00000,
                0.00000,
                -0.00000,
                0.00861,
                -0.00000,
                0.99171,
                0.12847,
                -0.24000,
                0.00000,
                -0.12847,
                0.99171,
                0.01572,
                0.00000,
                0.00000,
                0.00000,
                1.00000
            ]
        },
        {
            "left_foot_pose": [
                1.00000,
                0.00000,
                -0.00000,
                0.00000,
                -0.00000,
                0.99982,
                0.01904,
                0.00000,
                0.00000,
                -0.01904,
                0.99982,
                0.00000,
                0.00000,
                0.00000,
                0.00000,
                1.00000
            ],
            "right_foot_pose": [
                1.00000,
                0.00000,
                -0.00000,
                0.01402,
                -0.00000,
                0.99035,
                0.13858,
                -0.24000,
                0.00000,
                -0.13858,
                0.99035,
                0.02179,
                0.00000,
                0.00000,
                0.00000,
                1.00000
            ]
        },
        {
            "left_foot_pose": [
                1.00000,
                -0.00000,
                -0.00000,
                -0.00000,
                0.00000,
                0.99975,
                0.02249,
                0.00000,
                0.00000,
                -0.02249,
                0.99975,
                0.00000,
                0.00000,
                0.00000,
                0.00000,
                1.00000
            ],
            "right_foot_pose": [
                1.00000,
                0.00000,
                -0.00000,
                0.02008,
                0.00000,
                0.98962,
                0.14369,
                -0.24000,
                0.00000,
                -0.14369,
                0.98962,
                0.02491,
                0.00000,
                0.00000,
                0.00000,
                1.00000
            ]
        },
        {
            "left_foot_pose": [
                1.00000,
                -0.00000,
                -0.00000,
                -0.00000,
                0.00000,
                0.99975,
                0.02227,
                0.00000,
                0.00000,
                -0.02227,
                0.99975,
                0.00000,
                0.00000,
                0.00000,
                0.00000,
                1.00000
            ],
            "right_foot_pose": [
                1.00000,
                0.00000,
                -0.00000,
                0.02642,
                0.00000,
                0.98965,
                0.14351,
                -0.24000,
                0.00000,
                -0.14351,
                0.98965,
                0.02500,
                0.00000,
                0.00000,
                0.00000,
                1.00000
            ]
        },
        {
            "left_foot_pose": [
                1.00000,
                0.00000,
                -0.00000,
                -0.00000,
                -0.00000,
                0.99983,
                0.01837,
                0.00000,
                0.00000,
                -0.01837,
                0.99983,
                0.00000,
                0.00000,
                0.00000,
                0.00000,
                1.00000
            ],
            "right_foot_pose": [
                1.00000,
                0.00000,
                -0.00000,
                0.03269,
                -0.00000,
                0.99029,
                0.13900,
                -0.24000,
                0.00000,
                -0.13900,
                0.99029,
                0.02401,
                0.00000,
                0.00000,
                0.00000,
                1.00000
            ]
        },
        {
            "left_foot_pose": [
                1.00000,
                0.00000,
                -0.00000,
                -0.00000,
                -0.00000,
                0.99994,
                0.01079,
                0.00000,
                0.00000,
                -0.01079,
                0.99994,
                0.00000,
                0.00000,
                0.00000,
                0.00000,
                1.00000
            ],
            "right_foot_pose": [
                1.00000,
                0.00000,
                -0.00000,
                0.03850,
                -0.00000,
                0.99164,
                0.12901,
                -0.24000,
                0.00000,
                -0.12901,
                0.99164,
                0.01932,
                0.00000,
                0.00000,
                0.00000,
                1.00000
            ]
        },
        {
            "left_foot_pose": [
                1.00000,
                -0.00000,
                -0.00000,
                -0.00000,
                0.00000,
                1.00000,
                -0.00052,
                0.00000,
                0.00000,
                0.00052,
                1.00000,
                0.00000,
                0.00000,
                0.00000,
                0.00000,
                1.00000
            ],
            "right_foot_pose": [
                1.00000,
                0.00000,
                -0.00000,
                0.04349,
                -0.00000,
                0.99340,
                0.11470,
                -0.24000,
                0.00000,
                -0.11470,
                0.99340,
                0.01258,
                0.00000,
                0.00000,
                0.00000,
                1.00000
            ]
        },
        {
            "left_foot_pose": [
                1.00000,
                -0.00000,
                -0.00000,
                -0.00000,
                0.00000,
                0.99988,
                -0.01555,
                0.00000,
                0.00000,
                0.01555,
                0.99988,
                0.00000,
                0.00000,
                0.00000,
                0.00000,
                1.00000
            ],
            "right_foot_pose": [
                1.00000,
                0.00000,
                -0.00000,
                0.04730,
                -0.00000,
                0.99526,
                0.09723,
                -0.24000,
                0.00000,
                -0.09723,
                0.99526,
                0.00583,
                0.00000,
                0.00000,
                0.00000,
                1.00000
            ]
        },
        {
            "left_foot_pose": [
                1.00000,
                -0.00000,
                -0.00000,
                0.00000,
                0.00000,
                0.99942,
                -0.03407,
                0.00000,
                0.00000,
                0.03407,
                0.99942,
                0.00000,
                0.00000,
                0.00000,
                0.00000,
                1.00000
            ],
            "right_foot_pose": [
                1.00000,
                0.00000,
                -0.00000,
                0.04955,
                -0.00000,
                0.99699,
                0.07748,
                -0.24000,
                0.00000,
                -0.07748,
                0.99699,
                0.00107,
                0.00000,
                0.00000,
                0.00000,
                1.00000
            ]
        },
        {
            "left_foot_pose": [
                1.00000,
                -0.00000,
                -0.00000,
                0.00000,
                0.00000,
                0.99849,
                -0.05499,
                0.00000,
                0.00000,
                0.05499,
                0.99849,
                0.00000,
                0.00000,
                0.00000,
                0.00000,
                1.00000
            ],
            "right_foot_pose": [
                1.00000,
                0.00000,
                -0.00000,
                0.05000,
                -0.00000,
                0.99841,
                0.05644,
                -0.24000,
                0.00000,
                -0.05644,
                0.99841,
                0.00000,
                0.00000,
                0.00000,
                0.00000,
                1.00000
            ]
