{
    "LoopMode": "Wrap",
    "FrameDuration": 0.01670,
    "EnableCycleOffsetPosition": true,
    "EnableCycleOffsetRotation": false,
    "Joints": [
        "left_hip_yaw",
        "left_hip_roll",
        "left_hip_pitch",
        "left_knee",
        "left_ankle",
        "neck_pitch",
        "head_pitch",
        "head_yaw",
        "head_roll",
        "left_antenna",
        "right_antenna",
        "right_hip_yaw",
        "right_hip_roll",
        "right_hip_pitch",
        "right_knee",
        "right_ankle"
    ],
    "Vel_x": -0.01440,
    "Vel_y": -0.00930,
    "Yaw": -0.20930,
    "Placo": {
        "dx": 0,
        "dy": 0,
        "dtheta": -0.10000,
        "duration": 8,
        "hardware": true,
        "double_support_ratio": 0.20000,
        "startend_double_support_ratio": 1.50000,
        "planned_timesteps": 48,
        "replan_timesteps": 10,
        "walk_com_height": 0.27000,
        "walk_foot_height": 0.04000,
        "walk_trunk_pitch": -10.00000,
        "walk_foot_rise_ratio": 0.10000,
        "single_support_duration": 0.35000,
        "single_support_timesteps": 10,
        "foot_length": 0.16000,
        "feet_spacing": 0.24000,
        "zmp_margin": 0.00000,
        "foot_zmp_target_x": 0.00000,
        "foot_zmp_target_y": 0.00000,
        "walk_max_dtheta": 1.00000,
        "walk_max_dy": 0.10000,
        "walk_max_dx_forward": 0.10000,
        "walk_max_dx_backward": 0.10000
    },
    "Frame_offset": [
        {
            "root_pos": 0,
            "root_quat": 3,
            "joints_pos": 7,
            "left_toe_pos": 23,
            "right_toe_pos": 26,
            "world_linear_vel": 29,
            "world_angular_vel": 32,
            "joints_vel": 35,
            "left_toe_vel": 51,
            "right_toe_vel": 54
        }
    ],
    "Frame_size": [
        {
            "root_pos": 3,
            "root_quat": 4,
            "joints_pos": 16,
            "left_toe_pos": 3,
            "right_toe_pos": 3,
            "world_linear_vel": 3,
            "world_angular_vel": 3,
            "joints_vel": 16,
            "left_toe_vel": 3,
            "right_toe_vel": 3
        }
    ],
    "Debug_info": [
        {
            "left_foot_pose": [
                1.00000,
                -0.00000,
                -0.00000,
                0.00000,
                0.00000,
                0.99768,
                -0.06815,
                -0.00000,
                0.00000,
                0.06815,
                0.99768,
                0.00000,
                0.00000,
                0.00000,
                0.00000,
                1.00000
            ],
            "right_foot_pose": [
                1.00000,
                0.00000,
                -0.00000,
                0.00000,
                -0.00000,
                0.99906,
                0.04325,
                -0.24000,
                0.00000,
                -0.04325,
                0.99906,
                0.00000,
                0.00000,
                0.00000,
                0.00000,
                1.00000
            ]
        },
        {
            "left_foot_pose": [
                1.00000,
                -0.00000,
                -0.00000,
                -0.00000,
                0.00000,
                0.99766,
                -0.06843,
                -0.00000,
                0.00000,
                0.06843,
                0.99766,
                0.00000,
                0.00000,
                0.00000,
                0.00000,
                1.00000
            ],
            "right_foot_pose": [
                1.00000,
                0.00000,
                -0.00000,
                0.00000,
                -0.00000,
                0.99908,
                0.04296,
                -0.24000,
                0.00000,
                -0.04296,
                0.99908,
                0.00000,
                0.00000,
                0.00000,
                0.00000,
                1.00000
            ]
        },
        {
            "left_foot_pose": [
                1.00000,
                -0.00000,
                -0.00000,
                -0.00000,
                0.00000,
                0.99762,
                -0.06893,
                -0.00000,
                0.00000,
                0.06893,
                0.99762,
                0.00000,
                0.00000,
                0.00000,
                0.00000,
                1.00000
            ],
            "right_foot_pose": [
                1.00000,
                0.00000,
                -0.00000,
                0.00000,
                -0.00000,
                0.99910,
                0.04246,
                -0.24000,
                0.00000,
                -0.04246,
                0.99910,
                0.00000,
                0.00000,
                0.00000,
                0.00000,
                1.00000
            ]
        },
        {
            "left_foot_pose": [
                1.00000,
                -0.00000,
                -0.00000,
                -0.00000,
                0.00000,
                0.99757,
                -0.06965,
                -0.00000,
                0.00000,
                0.06965,
                0.99757,
                0.00000,
                0.00000,
                0.00000,
                0.00000,
                1.00000
            ],
            "right_foot_pose": [
                1.00000,
                0.00000,
                -0.00000,
                0.00000,
                -0.00000,
                0.99913,
                0.04173,
                -0.24000,
                0.00000,
                -0.04173,
                0.99913,
                0.00000,
                0.00000,
                0.00000,
                0.00000,
                1.00000
            ]
        },
        {
            "left_foot_pose": [
                1.00000,
                -0.00000,
                -0.00000,
                -0.00000,
                0.00000,
                0.99751,
                -0.07059,
                -0.00000,
                0.00000,
                0.07059,
                0.99751,
                0.00000,
                0.00000,
                0.00000,
                0.00000,
                1.00000
            ],
            "right_foot_pose": [
                1.00000,
                0.00000,
                -0.00000,
                0.00000,
                -0.00000,
                0.99917,
                0.04078,
                -0.24000,
                0.00000,
                -0.04078,
                0.99917,
                0.00000,
                0.00000,
                0.00000,
                0.00000,
                1.00000
            ]
        },
        {
            "left_foot_pose": [
                1.00000,
                -0.00000,
                -0.00000,
                -0.00000,
                0.00000,
                0.99742,
                -0.07176,
                -0.00000,
                0.00000,
                0.07176,
                0.99742,
                0.00000,
                0.00000,
                0.00000,
                0.00000,
                1.00000
            ],
            "right_foot_pose": [
                1.00000,
                0.00000,
                -0.00000,
                0.00000,
                -0.00000,
                0.99922,
                0.03960,
                -0.24000,
                0.00000,
                -0.03960,
                0.99922,
                0.00000,
                0.00000,
                0.00000,
                0.00000,
                1.00000
            ]
        },
        {
            "left_foot_pose": [
                1.00000,
                -0.00000,
                -0.00000,
                -0.00000,
                0.00000,
                0.99732,
                -0.07316,
                -0.00000,
                0.00000,
                0.07316,
                0.99732,
                0.00000,
                0.00000,
                0.00000,
                0.00000,
                1.00000
            ],
            "right_foot_pose": [
                1.00000,
                0.00000,
                -0.00000,
                0.00000,
                -0.00000,
                0.99927,
                0.03819,
                -0.24000,
                0.00000,
                -0.03819,
                0.99927,
                0.00000,
                0.00000,
                0.00000,
                0.00000,
                1.00000
            ]
        },
        {
            "left_foot_pose": [
                1.00000,
                -0.00000,
                -0.00000,
                -0.00000,
                0.00000,
                0.99720,
                -0.07480,
                -0.00000,
                0.00000,
                0.07480,
                0.99720,
                0.00000,
                0.00000,
                0.00000,
                0.00000,
                1.00000
            ],
            "right_foot_pose": [
                1.00000,
                0.00000,
                -0.00000,
                0.00000,
                -0.00000,
                0.99933,
                0.03652,
                -0.24000,
                0.00000,
                -0.03652,
                0.99933,
                0.00000,
                0.00000,
                0.00000,
                0.00000,
                1.00000
            ]
        },
        {
            "left_foot_pose": [
                1.00000,
                -0.00000,
                -0.00000,
                -0.00000,
                0.00000,
                0.99705,
                -0.07669,
                -0.00000,
                0.00000,
                0.07669,
                0.99705,
                0.00000,
                0.00000,
                0.00000,
                0.00000,
                1.00000
            ],
            "right_foot_pose": [
                1.00000,
                0.00000,
                -0.00000,
                0.00000,
                -0.00000,
                0.99940,
                0.03461,
                -0.24000,
                0.00000,
                -0.03461,
                0.99940,
                0.00000,
                0.00000,
                0.00000,
                0.00000,
                1.00000
            ]
        },
        {
            "left_foot_pose": [
                1.00000,
                -0.00000,
                -0.00000,
                -0.00000,
                0.00000,
                0.99689,
                -0.07885,
                0.00000,
                0.00000,
                0.07885,
                0.99689,
                0.00000,
                0.00000,
                0.00000,
                0.00000,
                1.00000
            ],
            "right_foot_pose": [
                1.00000,
                0.00000,
                -0.00000,
                0.00000,
                -0.00000,
                0.99947,
                0.03241,
                -0.24000,
                0.00000,
                -0.03241,
                0.99947,
                0.00000,
                0.00000,
                0.00000,
                0.00000,
                1.00000
            ]
        },
        {
            "left_foot_pose": [
                1.00000,
                -0.00000,
                -0.00000,
                -0.00000,
                0.00000,
                0.99669,
                -0.08129,
                0.00000,
                0.00000,
                0.08129,
                0.99669,
                0.00000,
                0.00000,
                0.00000,
                0.00000,
                1.00000
            ],
            "right_foot_pose": [
                1.00000,
                0.00000,
                -0.00000,
                0.00000,
                -0.00000,
                0.99955,
                0.02993,
                -0.24000,
                0.00000,
                -0.02993,
                0.99955,
                0.00000,
                0.00000,
                0.00000,
                0.00000,
                1.00000
            ]
        },
        {
            "left_foot_pose": [
                1.00000,
                -0.00000,
                -0.00000,
                -0.00000,
                0.00000,
                0.99646,
                -0.08404,
                0.00000,
                0.00000,
                0.08404,
                0.99646,
                0.00000,
                0.00000,
                0.00000,
                0.00000,
                1.00000
            ],
            "right_foot_pose": [
                1.00000,
                0.00000,
                -0.00000,
                0.00000,
                -0.00000,
                0.99963,
                0.02713,
                -0.24000,
                0.00000,
                -0.02713,
                0.99963,
                0.00000,
                0.00000,
                0.00000,
                0.00000,
                1.00000
            ]
        },
        {
            "left_foot_pose": [
                1.00000,
                -0.00000,
                -0.00000,
                -0.00000,
                0.00000,
                0.99620,
                -0.08711,
                0.00000,
                0.00000,
                0.08711,
                0.99620,
                0.00000,
                0.00000,
                0.00000,
                0.00000,
                1.00000
            ],
            "right_foot_pose": [
                1.00000,
                0.00000,
                -0.00000,
                0.00000,
                -0.00000,
                0.99971,
                0.02399,
                -0.24000,
                0.00000,
                -0.02399,
                0.99971,
                0.00000,
                0.00000,
                0.00000,
                0.00000,
                1.00000
            ]
        },
        {
            "left_foot_pose": [
                1.00000,
                -0.00000,
                -0.00000,
                -0.00000,
                0.00000,
                0.99589,
                -0.09054,
                0.00000,
                0.00000,
                0.09054,
                0.99589,
                0.00000,
                0.00000,
                0.00000,
                0.00000,
                1.00000
            ],
            "right_foot_pose": [
                1.00000,
                0.00000,
                -0.00000,
                0.00000,
                -0.00000,
                0.99979,
                0.02047,
                -0.24000,
                0.00000,
                -0.02047,
                0.99979,
                0.00000,
                0.00000,
                0.00000,
                0.00000,
                1.00000
            ]
        },
        {
            "left_foot_pose": [
                1.00000,
                -0.00000,
                -0.00000,
                -0.00000,
                0.00000,
                0.99554,
                -0.09436,
                0.00000,
                0.00000,
                0.09436,
                0.99554,
                0.00000,
                0.00000,
                0.00000,
                0.00000,
                1.00000
            ],
            "right_foot_pose": [
                1.00000,
                0.00000,
                -0.00000,
                0.00000,
                -0.00000,
                0.99986,
                0.01655,
                -0.24000,
                0.00000,
                -0.01655,
                0.99986,
                0.00000,
                0.00000,
                0.00000,
                0.00000,
                1.00000
            ]
        },
        {
            "left_foot_pose": [
                1.00000,
                -0.00000,
                -0.00000,
                -0.00000,
                0.00000,
                0.99513,
                -0.09861,
                0.00000,
                0.00000,
                0.09861,
                0.99513,
                0.00000,
                0.00000,
                0.00000,
                0.00000,
                1.00000
            ],
            "right_foot_pose": [
                1.00000,
                0.00000,
                -0.00000,
                0.00000,
                -0.00000,
                0.99993,
                0.01218,
                -0.24000,
                0.00000,
                -0.01218,
                0.99993,
                0.00000,
                0.00000,
                0.00000,
                0.00000,
                1.00000
            ]
        },
        {
            "left_foot_pose": [
                1.00000,
                -0.00000,
                -0.00000,
                -0.00000,
                0.00000,
                0.99465,
                -0.10332,
                0.00000,
                0.00000,
                0.10332,
                0.99465,
                0.00000,
                0.00000,
                0.00000,
                0.00000,
                1.00000
            ],
            "right_foot_pose": [
                1.00000,
                0.00000,
                -0.00000,
                0.00000,
                -0.00000,
                0.99997,
                0.00732,
                -0.24000,
                0.00000,
                -0.00732,
                0.99997,
                0.00000,
                0.00000,
                0.00000,
                0.00000,
                1.00000
            ]
        },
        {
            "left_foot_pose": [
                1.00000,
                -0.00000,
                -0.00000,
                0.00000,
                0.00000,
                0.99409,
                -0.10854,
                0.00000,
                0.00000,
                0.10854,
                0.99409,
                0.00000,
                0.00000,
                0.00000,
                0.00000,
                1.00000
            ],
            "right_foot_pose": [
                1.00000,
                0.00000,
                -0.00000,
                0.00000,
                -0.00000,
                1.00000,
                0.00191,
                -0.24000,
                0.00000,
                -0.00191,
                1.00000,
                0.00000,
                0.00000,
                0.00000,
                0.00000,
                1.00000
            ]
        },
        {
            "left_foot_pose": [
                1.00000,
                -0.00000,
                -0.00000,
                0.00000,
                0.00000,
                0.99345,
                -0.11431,
                0.00000,
                0.00000,
                0.11431,
                0.99345,
                0.00000,
                0.00000,
                0.00000,
                0.00000,
                1.00000
            ],
            "right_foot_pose": [
                1.00000,
                -0.00000,
                -0.00000,
                0.00000,
                0.00000,
                0.99999,
                -0.00410,
                -0.24000,
                0.00000,
                0.00410,
                0.99999,
                0.00000,
                0.00000,
                0.00000,
                0.00000,
                1.00000
            ]
        },
        {
            "left_foot_pose": [
                1.00000,
                -0.00000,
                -0.00000,
                0.00000,
                0.00000,
                0.99269,
                -0.12070,
                0.00000,
                0.00000,
                0.12070,
                0.99269,
                0.00000,
                0.00000,
                0.00000,
                0.00000,
                1.00000
            ],
            "right_foot_pose": [
                1.00000,
                -0.00000,
                -0.00000,
                0.00000,
                0.00000,
                0.99994,
                -0.01077,
                -0.24000,
                0.00000,
                0.01077,
                0.99994,
                0.00000,
                0.00000,
                0.00000,
                0.00000,
                1.00000
            ]
        },
        {
            "left_foot_pose": [
                1.00000,
                -0.00000,
                -0.00000,
                0.00000,
                0.00000,
                0.99181,
                -0.12775,
                0.00000,
                0.00000,
                0.12775,
                0.99181,
                0.00000,
                0.00000,
                0.00000,
                0.00000,
                1.00000
            ],
            "right_foot_pose": [
                1.00000,
                -0.00000,
                -0.00000,
                0.00000,
                0.00000,
                0.99983,
                -0.01818,
                -0.24000,
                0.00000,
                0.01818,
                0.99983,
                0.00000,
                0.00000,
                0.00000,
                0.00000,
                1.00000
            ]
        },
        {
            "left_foot_pose": [
                1.00000,
                -0.00000,
                -0.00000,
                0.00000,
                0.00000,
                0.99077,
                -0.13554,
                0.00000,
                0.00000,
                0.13554,
                0.99077,
                0.00000,
                0.00000,
                0.00000,
                0.00000,
                1.00000
            ],
            "right_foot_pose": [
                1.00000,
                -0.00000,
                -0.00000,
                0.00000,
                0.00000,
                0.99965,
                -0.02641,
                -0.24000,
                0.00000,
                0.02641,
                0.99965,
                0.00000,
                0.00000,
                0.00000,
                0.00000,
                1.00000
            ]
        },
        {
            "left_foot_pose": [
                1.00000,
                -0.00000,
                -0.00000,
                0.00000,
                0.00000,
                0.98956,
                -0.14414,
                0.00000,
                0.00000,
                0.14414,
                0.98956,
                0.00000,
                0.00000,
                0.00000,
                0.00000,
                1.00000
            ],
            "right_foot_pose": [
                1.00000,
                -0.00000,
                -0.00000,
                0.00000,
                0.00000,
                0.99937,
                -0.03553,
                -0.24000,
                0.00000,
                0.03553,
                0.99937,
                0.00000,
                0.00000,
                0.00000,
                0.00000,
                1.00000
            ]
        },
        {
            "left_foot_pose": [
                1.00000,
                -0.00000,
                -0.00000,
                0.00000,
                0.00000,
                0.98813,
                -0.15361,
                0.00000,
                0.00000,
                0.15361,
                0.98813,
                0.00000,
                0.00000,
                0.00000,
                0.00000,
                1.00000
            ],
            "right_foot_pose": [
                1.00000,
                -0.00000,
                -0.00000,
                0.00000,
                0.00000,
                0.99896,
                -0.04565,
                -0.24000,
                0.00000,
                0.04565,
                0.99896,
                0.00000,
                0.00000,
                0.00000,
                0.00000,
                1.00000
            ]
        },
        {
            "left_foot_pose": [
                1.00000,
                -0.00000,
                -0.00000,
                0.00000,
                0.00000,
                0.98646,
                -0.16403,
                0.00000,
                0.00000,
                0.16403,
                0.98646,
                0.00000,
                0.00000,
                0.00000,
                0.00000,
                1.00000
            ],
            "right_foot_pose": [
                1.00000,
                -0.00000,
                -0.00000,
                0.00000,
                0.00000,
                0.99838,
                -0.05687,
                -0.24000,
                0.00000,
                0.05687,
                0.99838,
                0.00000,
                0.00000,
                0.00000,
                0.00000,
                1.00000
            ]
        },
        {
            "left_foot_pose": [
                1.00000,
                -0.00000,
                -0.00000,
                0.00000,
                0.00000,
                0.98448,
                -0.17547,
                0.00000,
                0.00000,
                0.17547,
                0.98448,
                0.00000,
                0.00000,
                0.00000,
                0.00000,
                1.00000
            ],
            "right_foot_pose": [
                1.00000,
                -0.00000,
                -0.00000,
                0.00000,
                0.00000,
                0.99760,
                -0.06929,
                -0.24000,
                0.00000,
                0.06929,
                0.99760,
                0.00000,
                0.00000,
                0.00000,
                0.00000,
                1.00000
            ]
        },
        {
            "left_foot_pose": [
                1.00000,
                -0.00000,
                -0.00000,
                0.00000,
                0.00000,
                0.98217,
                -0.18799,
                0.00000,
                0.00000,
                0.18799,
                0.98217,
                0.00000,
                0.00000,
                0.00000,
                0.00000,
                1.00000
            ],
            "right_foot_pose": [
                1.00000,
                -0.00000,
                -0.00000,
                0.00000,
                0.00000,
                0.99655,
                -0.08299,
                -0.24000,
                0.00000,
                0.08299,
                0.99655,
                0.00000,
                0.00000,
                0.00000,
                0.00000,
                1.00000
            ]
        },
        {
            "left_foot_pose": [
                1.00000,
                -0.00000,
                -0.00000,
                0.00000,
                0.00000,
                0.97948,
                -0.20154,
                0.00000,
                0.00000,
                0.20154,
                0.97948,
                0.00000,
                0.00000,
                0.00000,
                0.00000,
                1.00000
            ],
            "right_foot_pose": [
                1.00000,
                -0.00000,
                -0.00000,
                0.00000,
                0.00000,
                0.99519,
                -0.09795,
                -0.24000,
                0.00000,
                0.09795,
                0.99519,
                0.00000,
                0.00000,
                0.00000,
                0.00000,
                1.00000
            ]
        },
        {
            "left_foot_pose": [
                1.00000,
                -0.00000,
                -0.00000,
                0.00000,
                0.00000,
                0.97644,
                -0.21580,
                0.00000,
                0.00000,
                0.21580,
                0.97644,
                0.00000,
                0.00000,
                0.00000,
                0.00000,
                1.00000
            ],
            "right_foot_pose": [
                1.00000,
                -0.00000,
                -0.00000,
                0.00000,
                0.00000,
                0.99350,
                -0.11384,
                -0.24000,
                0.00000,
                0.11384,
                0.99350,
                0.00000,
                0.00000,
                0.00000,
                0.00000,
                1.00000
            ]
        },
        {
            "left_foot_pose": [
                1.00000,
                -0.00000,
                -0.00000,
                0.00000,
                0.00000,
                0.97331,
                -0.22950,
                -0.00000,
                0.00000,
                0.22950,
                0.97331,
                0.00000,
                0.00000,
                0.00000,
                0.00000,
                1.00000
            ],
            "right_foot_pose": [
                1.00000,
                -0.00000,
                -0.00000,
                0.00000,
                0.00000,
                0.99161,
                -0.12926,
                -0.24000,
                0.00000,
                0.12926,
                0.99161,
                0.00000,
                0.00000,
                0.00000,
                0.00000,
                1.00000
            ]
        },
        {
            "left_foot_pose": [
                1.00000,
                -0.00000,
                -0.00000,
                0.00000,
                0.00000,
                0.97017,
                -0.24242,
                -0.00000,
                0.00000,
                0.24242,
                0.97017,
                0.00127,
                0.00000,
                0.00000,
                0.00000,
                1.00000
            ],
            "right_foot_pose": [
                1.00000,
                -0.00000,
                -0.00000,
                0.00000,
                0.00000,
                0.98975,
                -0.14285,
                -0.24000,
                0.00000,
                0.14285,
                0.98975,
                0.00000,
                0.00000,
                0.00000,
                0.00000,
                1.00000
            ]
        },
        {
            "left_foot_pose": [
                1.00000,
                -0.00000,
                -0.00000,
                0.00000,
                0.00000,
                0.96688,
                -0.25522,
                -0.00000,
                0.00000,
                0.25522,
                0.96688,
                0.00474,
                0.00000,
                0.00000,
                0.00000,
                1.00000
            ],
            "right_foot_pose": [
                1.00000,
                -0.00000,
                -0.00000,
                0.00000,
                0.00000,
                0.98802,
                -0.15430,
                -0.24000,
                0.00000,
                0.15430,
                0.98802,
                0.00000,
                0.00000,
                0.00000,
                0.00000,
                1.00000
            ]
        },
        {
            "left_foot_pose": [
                1.00000,
                -0.00000,
                -0.00000,
                0.00000,
                0.00000,
                0.96352,
                -0.26763,
                -0.00000,
                0.00000,
                0.26763,
                0.96352,
                0.00980,
                0.00000,
                0.00000,
                0.00000,
                1.00000
            ],
            "right_foot_pose": [
                1.00000,
                -0.00000,
                -0.00000,
                0.00000,
                0.00000,
                0.98653,
                -0.16361,
                -0.24000,
                0.00000,
                0.16361,
                0.98653,
                0.00000,
                0.00000,
                0.00000,
                0.00000,
                1.00000
            ]
        },
        {
            "left_foot_pose": [
                1.00000,
                -0.00000,
                -0.00000,
                0.00000,
                0.00000,
                0.96019,
                -0.27936,
                -0.00000,
                0.00000,
                0.27936,
                0.96019,
                0.01586,
                0.00000,
                0.00000,
                0.00000,
                1.00000
            ],
            "right_foot_pose": [
                1.00000,
                -0.00000,
                -0.00000,
                0.00000,
                0.00000,
                0.98530,
                -0.17085,
                -0.24000,
                0.00000,
                0.17085,
                0.98530,
                0.00000,
                0.00000,
                0.00000,
                0.00000,
                1.00000
            ]
        },
        {
            "left_foot_pose": [
                1.00000,
                -0.00000,
                -0.00000,
                0.00000,
                0.00000,
                0.95702,
                -0.29002,
                -0.00000,
                0.00000,
                0.29002,
                0.95702,
                0.02230,
                0.00000,
                0.00000,
                0.00000,
                1.00000
            ],
            "right_foot_pose": [
                1.00000,
                -0.00000,
                -0.00000,
                0.00000,
                0.00000,
                0.98437,
                -0.17609,
                -0.24000,
                0.00000,
                0.17609,
                0.98437,
                0.00000,
                0.00000,
                0.00000,
                0.00000,
                1.00000
            ]
        },
        {
            "left_foot_pose": [
                1.00000,
                -0.00000,
                -0.00000,
                0.00000,
                0.00000,
                0.95424,
                -0.29905,
                -0.00000,
                0.00000,
                0.29905,
                0.95424,
                0.02853,
                0.00000,
                0.00000,
                0.00000,
                1.00000
            ],
            "right_foot_pose": [
                1.00000,
                -0.00000,
                -0.00000,
                0.00000,
                0.00000,
                0.98378,
                -0.17940,
                -0.24000,
                0.00000,
                0.17940,
                0.98378,
                0.00000,
                0.00000,
                0.00000,
                0.00000,
                1.00000
            ]
        },
        {
            "left_foot_pose": [
                1.00000,
                -0.00000,
                -0.00000,
                0.00000,
                0.00000,
                0.95210,
                -0.30579,
                -0.00000,
                0.00000,
                0.30579,
                0.95210,
                0.03394,
                0.00000,
                0.00000,
                0.00000,
                1.00000
            ],
            "right_foot_pose": [
                1.00000,
                -0.00000,
                -0.00000,
                0.00000,
                0.00000,
                0.98352,
                -0.18082,
                -0.24000,
                0.00000,
                0.18082,
                0.98352,
                0.00000,
                0.00000,
                0.00000,
                0.00000,
                1.00000
            ]
        },
        {
            "left_foot_pose": [
                1.00000,
                -0.00000,
                -0.00000,
                0.00000,
                0.00000,
                0.95090,
                -0.30948,
                -0.00000,
                0.00000,
                0.30948,
                0.95090,
                0.03793,
                0.00000,
                0.00000,
                0.00000,
                1.00000
            ],
            "right_foot_pose": [
                1.00000,
                -0.00000,
                -0.00000,
                0.00000,
                0.00000,
                0.98360,
                -0.18036,
                -0.24000,
                0.00000,
                0.18036,
                0.98360,
                0.00000,
                0.00000,
                0.00000,
                0.00000,
                1.00000
            ]
        },
        {
            "left_foot_pose": [
                1.00000,
                -0.00000,
                -0.00000,
                0.00000,
                0.00000,
                0.95095,
                -0.30934,
                0.00000,
                0.00000,
                0.30934,
                0.95095,
                0.03990,
                0.00000,
                0.00000,
                0.00000,
                1.00000
            ],
            "right_foot_pose": [
                1.00000,
                -0.00000,
                -0.00000,
                0.00000,
                0.00000,
                0.98403,
                -0.17802,
                -0.24000,
                0.00000,
                0.17802,
                0.98403,
                0.00000,
                0.00000,
                0.00000,
                0.00000,
                1.00000
            ]
        },
        {
            "left_foot_pose": [
                1.00000,
                -0.00000,
                -0.00000,
                0.00000,
                0.00000,
                0.95222,
                -0.30541,
                0.00000,
                0.00000,
                0.30541,
                0.95222,
                0.04000,
                0.00000,
                0.00000,
                0.00000,
                1.00000
            ],
            "right_foot_pose": [
                1.00000,
                -0.00000,
                -0.00000,
                0.00000,
                0.00000,
                0.98479,
                -0.17377,
                -0.24000,
                0.00000,
                0.17377,
                0.98479,
                0.00000,
                0.00000,
                0.00000,
                0.00000,
                1.00000
            ]
        },
        {
            "left_foot_pose": [
                1.00000,
                -0.00000,
                -0.00000,
                0.00000,
                0.00000,
                0.95410,
                -0.29949,
                0.00000,
                0.00000,
                0.29949,
                0.95410,
                0.04000,
                0.00000,
                0.00000,
                0.00000,
                1.00000
            ],
            "right_foot_pose": [
                1.00000,
                -0.00000,
                -0.00000,
                0.00000,
                0.00000,
                0.98586,
                -0.16756,
                -0.24000,
                0.00000,
                0.16756,
                0.98586,
                0.00000,
                0.00000,
                0.00000,
                0.00000,
                1.00000
            ]
        },
        {
            "left_foot_pose": [
