{"LoopMode": "Wrap", "FrameDuration": 0.0167, "EnableCycleOffsetPosition": true, "EnableCycleOffsetRotation": false, "Debug_info": [{"left_foot_pose": [1.0, 3.623410016088792e-15, 5.5250942709861306e-14, 2.1371793224034263e-14, 7.32989860386131e-16, 0.9970004831836502, -0.07739532629022118, -7.376217692200981e-14, -5.53689887923277e-14, 0.07739532629022113, 0.9970004831836504, 4.260064523364804e-13, 0.0, 0.0, 0.0, 1.0], "right_foot_pose": [1.0000000000000002, -5.438113767499972e-15, 3.414629690112322e-14, -2.6742497105658458e-14, 3.545674429549259e-15, 0.9988519829664855, 0.04790319534145732, -0.24000000000013402, -3.4353147023485053e-14, -0.04790319534145738, 0.9988519829664855, -6.092348847630547e-14, 0.0, 0.0, 0.0, 1.0]}, {"left_foot_pose": [1.0000000000000002, 1.250634615308289e-14, 1.4786089019835913e-13, 3.98361899023314e-14, -9.010255616630825e-16, 0.9969823583194377, -0.07762845612154086, -8.780476346004207e-14, -1.483682123822462e-13, 0.07762845612154082, 0.9969823583194384, 9.40844624430781e-13, 0.0, 0.0, 0.0, 1.0], "right_foot_pose": [0.9999999999999999, -1.2871687535855896e-14, 1.1248640907622993e-13, -4.7521014900908654e-14, 7.264586652499984e-15, 0.99886323803916, 0.04766793150458633, -0.24000000000027294, -1.1292830705694676e-13, -0.0476679315045864, 0.9988632380391602, 1.1300682611903312e-13, 0.0, 0.0, 0.0, 1.0]}, {"left_foot_pose": [1.0, 2.557034882492134e-14, 2.778784147228208e-13, 6.029204913104991e-14, -3.699320111324432e-15, 0.9969549553316428, -0.07797959373889875, -7.217837438844299e-14, -2.790177885347866e-13, 0.07797959373889873, 0.9969549553316432, 1.6013579351437102e-12, 0.0, 0.0, 0.0, 1.0], "right_foot_pose": [0.9999999999999998, -2.3168308004744666e-14, 2.292749323728843e-13, -6.907668881339646e-14, 1.2101497280621097e-14, 0.9988800892456898, 0.04731350027765875, -0.24000000000044, -2.3012572406157905e-13, -0.04731350027765881, 0.9988800892456897, 4.4653170050423796e-13, 0.0, 0.0, 0.0, 1.0]}, {"left_foot_pose": [0.9999999999999998, 4.281585028475939e-14, 4.3951647876738775e-13, 8.2798351508373e-14, -8.136772282792206e-15, 0.996918578007162, -0.07844328412413432, -3.076185139949672e-14, -4.4147861059079784e-13, 0.07844328412413432, 0.9969185780071622, 2.384620279016758e-12, 0.0, 0.0, 0.0, 1.0], "right_foot_pose": [0.9999999999999997, -3.5243370759461065e-14, 3.788913627289224e-13, -9.144421331264141e-14, 1.720803446377779e-14, 0.9989021556335277, 0.04684531428748098, -0.24000000000063001, -3.8010033074097944e-13, -0.046845314287481024, 0.9989021556335278, 9.160727731938323e-13, 0.0, 0.0, 0.0, 1.0]}, {"left_foot_pose": [0.9999999999999998, 6.387597381584251e-14, 6.306101474340409e-13, 1.0767428615388042e-13, -1.3707274936936256e-14, 0.9968734574343915, -0.07901461803238798, 3.40092537465253e-14, -6.336535602287945e-13, 0.07901461803238793, 0.9968734574343917, 3.28501115198776e-12, 0.0, 0.0, 0.0, 1.0], "right_foot_pose": [0.9999999999999999, -4.9040737043679826e-14, 5.589348428535923e-13, -1.1506073871458966e-13, 2.295035270963459e-14, 0.9989290528107515, 0.04626821209660225, -0.24000000000084173, -5.60547657465016e-13, -0.0462682120966023, 0.9989290528107515, 1.5104306694269098e-12, 0.0, 0.0, 0.0, 1.0]}, {"left_foot_pose": [1.0000000000000002, 8.80504595260709e-14, 8.516867766594771e-13, 1.353951672999898e-13, -1.9791097967930063e-14, 0.9968196148812191, -0.07969099941687594, 1.2147054195832396e-13, -8.559878345521332e-13, 0.07969099941687588, 0.996819614881219, 4.3078735023627246e-12, 0.0, 0.0, 0.0, 1.0], "right_foot_pose": [1.0000000000000002, -6.533412170683542e-14, 7.697453785481849e-13, -1.4032872086566783e-13, 2.996818560020573e-14, 0.9989604784103745, 0.045584674772534965, -0.24000000000107588, -7.71907575552231e-13, -0.04558467477253501, 0.9989604784103744, 2.2275931099713375e-12, 0.0, 0.0, 0.0, 1.0]}, {"left_foot_pose": [1.0, 1.1707395652540276e-13, 1.1007410261054673e-12, 1.665022286712059e-13, -2.8038831124090078e-14, 0.9967569970538903, -0.08047042204507932, 2.3053781106341376e-13, -1.1065781264371864e-12, 0.08047042204507927, 0.9967569970538902, 5.4472398813842915e-12, 0.0, 0.0, 0.0, 1.0], "right_foot_pose": [1.0000000000000002, -8.203660594707328e-14, 1.0095604907611094e-12, -1.678102101720924e-13, 3.649151906235423e-14, 0.9989961299612368, 0.04479656596742847, -0.24000000000133084, -1.0122207005799143e-12, -0.04479656596742851, 0.9989961299612365, 3.0605101786207456e-12, 0.0, 0.0, 0.0, 1.0]}, {"left_foot_pose": [1.0000000000000002, 1.5087876853738162e-13, 1.3832164580396267e-12, 2.0204671269397068e-13, -3.768914865650262e-14, 0.9966854538414281, -0.08135174307234021, 3.6368304201506163e-13, -1.3909053617379517e-12, 0.08135174307234015, 0.9966854538414284, 6.729131141192113e-12, 0.0, 0.0, 0.0, 1.0], "right_foot_pose": [1.0, -1.0020126029101246e-13, 1.2836676166471423e-12, -1.9834134334928422e-13, 4.35887696037842e-14, 0.9990357169319595, 0.043904855019093005, -0.24000000000161148, -1.286811083551563e-12, -0.04390485501909307, 0.9990357169319594, 4.0254466426858926e-12, 0.0, 0.0, 0.0, 1.0]}, {"left_foot_pose": [1.0000000000000002, 1.9056709049645329e-13, 1.706312174887259e-12, 2.4344068427772925e-13, -4.9303887029147845e-14, 0.9966045572987783, -0.08233684698425245, 5.250088558339527e-13, -1.7161783427347573e-12, 0.0823368469842524, 0.9966045572987783, 8.18725642837137e-12, 0.0, 0.0, 0.0, 1.0], "right_foot_pose": [0.9999999999999997, -1.2004337439562278e-13, 1.5992485113968272e-12, -2.331294879365231e-13, 5.1119592205284186e-14, 0.9990790524403399, 0.04290742330779614, -0.2400000000019244, -1.6028808136390578e-12, -0.042907423307796205, 0.9990790524403399, 5.147479664735499e-12, 0.0, 0.0, 0.0, 1.0]}, {"left_foot_pose": [1.0000000000000002, 2.365578063025095e-13, 2.0725574034763383e-12, 2.91700691379404e-13, -6.274622346011226e-14, 0.9965137858568052, -0.08342826018406192, 7.168311083605161e-13, -2.0850464291299604e-12, 0.08342826018406188, 0.9965137858568055, 9.834549841158946e-12, 0.0, 0.0, 0.0, 1.0], "right_foot_pose": [0.9999999999999998, -1.416142790394311e-13, 1.959106488147343e-12, -2.7290322779371934e-13, 5.935846931305967e-14, 0.999125936540866, 0.04180147044470126, -0.2400000000022709, -1.963276999752749e-12, -0.04180147044470129, 0.9991259365408661, 6.436212673932573e-12, 0.0, 0.0, 0.0, 1.0]}, {"left_foot_pose": [0.9999999999999999, 2.9124053874929696e-13, 2.4946364418632072e-12, 3.4922412184279494e-13, -7.906328479733024e-14, 0.9964124913297089, -0.08462946958432789, 9.469352385549357e-13, -2.5102969520185273e-12, 0.08462946958432786, 0.996412491329709, 1.172886787692562e-11, 0.0, 0.0, 0.0, 1.0], "right_foot_pose": [0.9999999999999997, -1.6487245476510376e-13, 2.3759882950001666e-12, -3.1954300316883177e-13, 6.800547857509444e-14, 0.9991761631403795, 0.04058318632230809, -0.24000000000266186, -2.3807134790127196e-12, -0.040583186322308146, 0.9991761631403797, 7.937109303135514e-12, 0.0, 0.0, 0.0, 1.0]}, {"left_foot_pose": [1.0, 3.5574336465126794e-13, 2.9854417549213252e-12, 4.185402024958762e-13, -9.780057989784887e-14, 0.9962997275550629, -0.08594680257990689, 1.2242672153828238e-12, -3.004944012520287e-12, 0.0859468025799068, 0.9962997275550631, 1.3928858066947214e-11, 0.0, 0.0, 0.0, 1.0], "right_foot_pose": [1.0000000000000002, -1.9105516231125964e-13, 2.863223547144704e-12, -3.7493966265067513e-13, 7.825814448044728e-14, 0.9992295854720875, 0.03924583439401404, -0.24000000000310717, -2.8684602265943916e-12, -0.039245834394014086, 0.9992295854720874, 9.697020963983505e-12, 0.0, 0.0, 0.0, 1.0]}, {"left_foot_pose": [1.0000000000000002, 4.3341805117064724e-13, 3.5525853092632786e-12, 5.023863269837392e-13, -1.2116251581404848e-13, 0.9961744320845715, -0.08738707490803824, 1.5552698018339584e-12, -3.5768506438159457e-12, 0.08738707490803821, 0.9961744320845717, 1.6472184727334138e-11, 0.0, 0.0, 0.0, 1.0], "right_foot_pose": [1.0000000000000002, -2.1824243598204593e-13, 3.4289515671302387e-12, -4.4108813823662274e-13, 8.836262669042693e-14, 0.9992860006471199, 0.037782124221458865, -0.24000000000361177, -3.4347267175637905e-12, -0.03778212422145892, 0.9992860006471199, 1.1746062456019501e-11, 0.0, 0.0, 0.0, 1.0]}, {"left_foot_pose": [0.9999999999999999, 5.271655694882952e-13, 4.218958515878057e-12, 6.054080847750498e-13, -1.4965043608897452e-13, 0.9960353559462982, -0.0889582469753818, 1.955684746091091e-12, -4.249102519635101e-12, 0.08895824697538174, 0.9960353559462981, 1.9462279010618033e-11, 0.0, 0.0, 0.0, 1.0], "right_foot_pose": [0.9999999999999998, -2.477350451191446e-13, 4.096750716442247e-12, -5.214231824091087e-13, 9.913273213413255e-14, 0.9993451615235571, 0.03618353409297005, -0.2400000000041934, -4.102986194994605e-12, -0.03618353409297009, 0.9993451615235571, 1.4167680917331893e-11, 0.0, 0.0, 0.0, 1.0]}, {"left_foot_pose": [1.0, 6.402652716938328e-13, 5.005596631635356e-12, 7.32924138047153e-13, -1.837260049205849e-13, 0.9958808877502913, -0.09067114984212618, 2.4414506874514963e-12, -5.042997594220528e-12, 0.09067114984212615, 0.9958808877502915, 2.2997631576870958e-11, 0.0, 0.0, 0.0, 1.0], "right_foot_pose": [1.0000000000000002, -2.8012037880590403e-13, 4.888603410968306e-12, -6.198028201787054e-13, 1.1131830277114159e-13, 0.9994068176600868, 0.034438536765369794, -0.24000000000486707, -4.895283007736717e-12, -0.03443853676536983, 0.9994068176600867, 1.7040771571608104e-11, 0.0, 0.0, 0.0, 1.0]}, {"left_foot_pose": [1.0, 7.772854955803187e-13, 5.928521562559297e-12, 8.908533633000815e-13, -2.2519226258261539e-13, 0.9957092465971967, -0.09253699930754727, 3.0262658698432254e-12, -5.975045981186526e-12, 0.09253699930754723, 0.9957092465971966, 2.7156901727387606e-11, 0.0, 0.0, 0.0, 1.0], "right_foot_pose": [1.0000000000000002, -3.1374958776915936e-13, 5.821940152195033e-12, -7.403695712060454e-13, 1.2399420061606837e-13, 0.9994705932578353, 0.03253510738929923, -0.24000000000564228, -5.8290491182579695e-12, -0.032535107389299274, 0.9994705932578352, 2.0425341973329125e-11, 0.0, 0.0, 0.0, 1.0]}, {"left_foot_pose": [1.0, 9.455562701042234e-13, 7.027245105262203e-12, 1.0893508317622036e-12, -2.7667212501111285e-13, 0.9955183592999635, -0.09456847411643479, 3.739310076855684e-12, -7.085137310546059e-12, 0.09456847411643474, 0.9955183592999637, 3.2124747306738755e-11, 0.0, 0.0, 0.0, 1.0], "right_foot_pose": [1.0, -3.485254770164187e-13, 6.938033481062868e-12, -8.90287843446913e-13, 1.3681023383950015e-13, 0.9995359985879309, 0.030459604837046177, -0.24000000000654712, -6.945394778877478e-12, -0.03045960483704622, 0.9995359985879312, 2.446830238422848e-11, 0.0, 0.0, 0.0, 1.0]}, {"left_foot_pose": [1.0000000000000002, 1.1519377648373191e-12, 8.336569282119122e-12, 1.3400010268060925e-12, -3.396106342082312e-13, 0.9953056644672884, -0.09678137361771505, 4.608723992716168e-12, -8.408873557086963e-12, 0.096781373617715, 0.9953056644672883, 3.8070449570604126e-11, 0.0, 0.0, 0.0, 1.0], "right_foot_pose": [1.0, -3.839132499385974e-13, 8.274145257835793e-12, -1.0775408343377535e-12, 1.5024658523908692e-13, 0.9996024406533288, 0.02819504637183511, -0.2400000000076036, -8.281681571703939e-12, -0.028195046371835165, 0.999602440653329, 2.9298896642160344e-11, 0.0, 0.0, 0.0, 1.0]}, {"left_foot_pose": [0.9999999999999998, 1.4051409576434974e-12, 9.886690424676381e-12, 1.656275810946184e-12, -4.1749156775513045e-13, 0.9950683328744372, -0.09919179860497485, 5.661028937287149e-12, -9.977269597708984e-12, 0.09919179860497483, 0.9950683328744372, 4.5149911587216707e-11, 0.0, 0.0, 0.0, 1.0], "right_foot_pose": [0.9999999999999999, -4.165568495393607e-13, 9.86370013444893e-12, -1.3111421670597423e-12, 1.6241055297448294e-13, 0.999669084379844, 0.025723952557209766, -0.2400000000088275, -9.871092716921525e-12, -0.025723952557209804, 0.9996690843798441, 3.5029854017487594e-11, 0.0, 0.0, 0.0, 1.0]}, {"left_foot_pose": [1.0, 1.7186207520270403e-12, 1.1746105824106401e-11, 2.060691894900657e-12, -5.136965745870059e-13, 0.9948030629822877, -0.10181780728861026, 6.949928479937917e-12, -1.186001317671988e-11, 0.10181780728861016, 0.9948030629822879, 5.369631128626651e-11, 0.0, 0.0, 0.0, 1.0], "right_foot_pose": [1.0000000000000002, -4.4537283294431587e-13, 1.177957731357502e-11, -1.6061145469148386e-12, 1.7372572523217246e-13, 0.9997348523163663, 0.02302661642480335, -0.24000000001026292, -1.1786643863909729e-11, -0.023026616424803373, 0.9997348523163666, 4.1914319237612574e-11, 0.0, 0.0, 0.0, 1.0]}, {"left_foot_pose": [1.0, 2.1069649738477857e-12, 1.3973011983581252e-11, 2.579162577953653e-12, -6.326201700712604e-13, 0.9945058500004015, -0.10468101219887511, 8.524738207005278e-12, -1.4116774207623629e-11, 0.10468101219887506, 0.9945058500004016, 6.40118652528443e-11, 0.0, 0.0, 0.0, 1.0], "right_foot_pose": [1.0000000000000002, -4.6599872165944e-13, 1.4085739519220283e-11, -1.97923621936269e-12, 1.8281139396996522e-13, 0.9997983883682604, 0.020079407765954616, -0.24000000001194038, -1.4092241456772586e-11, -0.02007940776595466, 0.9997983883682604, 5.0167231480102714e-11, 0.0, 0.0, 0.0, 1.0]}, {"left_foot_pose": [1.0000000000000002, 2.5877229569757497e-12, 1.6622692805556838e-11, 3.2433708496704128e-12, -7.805409990797878e-13, 0.9941722507171409, -0.10780322770685605, 1.0435189171098536e-11, -1.6804767139748195e-11, 0.10780322770685602, 0.994172250717141, 7.640339749759306e-11, 0.0, 0.0, 0.0, 1.0], "right_foot_pose": [1.0000000000000002, -4.70307696414654e-13, 1.684463679651989e-11, -2.450074865212315e-12, 1.8607417696313024e-13, 0.9998578911639274, 0.01685815758692697, -0.24000000001388272, -1.6850174622299877e-11, -0.016858157586927006, 0.9998578911639272, 5.99904848019861e-11, 0.0, 0.0, 0.0, 1.0]}, {"left_foot_pose": [1.0000000000000004, 3.1883577982728916e-12, 1.9814087870440034e-11, 4.104633299917282e-12, -9.649779305953183e-13, 0.9937970473417124, -0.11120894161395685, 1.2777808325314943e-11, -2.0045762028413765e-11, 0.11120894161395682, 0.9937970473417123, 9.148616586518443e-11, 0.0, 0.0, 0.0, 1.0], "right_foot_pose": [1.0, -4.516192747354831e-13, 2.0185915439174448e-11, -3.050521640846071e-12, 1.821655308864442e-13, 0.9999110775996704, 0.013335549987457793, -0.24000000001615518, -2.0190102461654716e-11, -0.01333554998745783, 0.99991107759967, 7.182220096435543e-11, 0.0, 0.0, 0.0, 1.0]}, {"left_foot_pose": [1.0, 3.938871630795388e-12, 2.3644722464688517e-11, 5.223266263953974e-12, -1.1952781308686355e-12, 0.9933739671200221, -0.11492676558674918, 1.563798743275946e-11, -2.3940799027110624e-11, 0.11492676558674911, 0.993373967120022, 1.0981843212576337e-10, 0.0, 0.0, 0.0, 1.0], "right_foot_pose": [1.0, -3.960687222884035e-13, 2.4220188354906156e-11, -3.815746330015912e-12, 1.6622289735417267e-13, 0.9999550682902745, 0.009479525335938259, -0.24000000001879476, -2.4222888584630372e-11, -0.009479525335938311, 0.9999550682902741, 8.601813705766403e-11, 0.0, 0.0, 0.0, 1.0]}, {"left_foot_pose": [1.0000000000000002, 4.8739400034020175e-12, 2.8213894762152414e-11, 6.674882868651366e-12, -1.4821779593192511e-12, 0.9928960100593055, -0.11898534871282908, 1.910395626414374e-11, -2.8593344188198165e-11, 0.11898534871282901, 0.9928960100593055, 1.32013108777862e-10, 0.0, 0.0, 0.0, 1.0], "right_foot_pose": [0.9999999999999997, -2.8457065518754274e-13, 2.9063369766379794e-11, -4.787451685084321e-12, 1.3155007739856965e-13, 0.9999861797334344, 0.005257408309541522, -0.2400000000218268, -2.906442213057939e-11, -0.005257408309541565, 0.9999861797334344, 1.0293650654080722e-10, 0.0, 0.0, 0.0, 1.0]}, {"left_foot_pose": [0.9999999999999998, 6.051411524654621e-12, 3.37276083797744e-11, 8.58069171272291e-12, -1.8424762630909033e-12, 0.9923548994409394, -0.12341699054654166, 2.3344387187207438e-11, -3.421658525062848e-11, 0.12341699054654165, 0.9923548994409395, 1.5923974638898386e-10, 0.0, 0.0, 0.0, 1.0], "right_foot_pose": [0.9999999999999999, -9.311462859598575e-14, 3.4946566473958924e-11, -6.032872118533206e-12, 7.082299585584625e-14, 0.999999800257108, 0.0006320488477940107, -0.24000000002533742, -3.494660347196154e-11, -0.0006320488477940488, 0.999999800257108, 1.233333712935547e-10, 0.0, 0.0, 0.0, 1.0]}, {"left_foot_pose": [0.9999999999999998, 7.531986242692228e-12, 4.03489316204474e-11, 1.1084438922281947e-11, -2.2945414811371826e-12, 0.9917407402818894, -0.1282587387476248, 2.8496814283296423e-11, -4.0981708439302745e-11, 0.1282587387476248, 0.9917407402818897, 1.9257462291477623e-10, 0.0, 0.0, 0.0, 1.0], "right_foot_pose": [1.0, 2.1522405353423817e-13, 4.206290177277711e-11, -7.624414988249839e-12, -2.86680124327025e-14, 0.9999901454148381, -0.004439490197360412, -0.24000000002935343, -4.206346275440698e-11, 0.004439490197360397, 0.9999901454148383, 1.4779828749755808e-10, 0.0, 0.0, 0.0, 1.0]}, {"left_foot_pose": [1.0, 9.386916254803898e-12, 4.825391301810367e-11, 1.4372298490217261e-11, -2.8584841769595987e-12, 0.9910424314645134, -0.13354736626720434, 3.470307548270046e-11, -4.9075283610540515e-11, 0.1335473662672043, 0.9910424314645137, 2.3328743103956384e-10, 0.0, 0.0, 0.0, 1.0], "right_foot_pose": [0.9999999999999998, 6.883661279512792e-13, 5.062656543986021e-11, -9.64902810429713e-12, -1.8217712242338348e-13, 0.9999499902204187, -0.010000852872935981, -0.24000000003387903, -5.063088412954468e-11, 0.010000852872935964, 0.9999499902204187, 1.7696671905653716e-10, 0.0, 0.0, 0.0, 1.0]}, {"left_foot_pose": [0.9999999999999999, 1.1736709516901943e-11, 5.779755580387347e-11, 1.8739381574262026e-11, -3.56954236411684e-12, 0.9902467731213155, -0.13932454314593645, 4.223088545529663e-11, -5.886904492473875e-11, 0.13932454314593642, 0.9902467731213155, 2.836911122683361e-10, 0.0, 0.0, 0.0, 1.0], "right_foot_pose": [0.9999999999999999, 1.3954504135218307e-12, 6.105070615714081e-11, -1.2244465857902398e-11, -4.124712421889696e-13, 0.9998703544319278, -0.01610199764541012, -0.24000000003899494, -6.10652063603485e-11, 0.0161019976454101, 0.9998703544319277, 2.121413877897993e-10, 0.0, 0.0, 0.0, 1.0]}, {"left_foot_pose": [1.0000000000000002, 1.470441453630683e-11, 6.924983503298066e-11, 2.4541441795422614e-11, -4.462168697388565e-12, 0.9893380631662211, -0.1456372094298436, 5.125906123171209e-11, -7.065297627922242e-11, 0.14563720942984354, 0.9893380631662213, 3.459956071649728e-10, 0.0, 0.0, 0.0, 1.0], "right_foot_pose": [1.0, 2.4301937879843384e-12, 7.367381010814548e-11, -1.5554210697210635e-11, -7.500122469465603e-13, 0.9997400491201958, -0.02279987248100205, -0.2400000000446581, -7.371001500733646e-11, 0.02279987248100203, 0.9997400491201959, 2.5430803296533355e-10, 0.0, 0.0, 0.0, 1.0]}, {"left_foot_pose": [1.0, 1.8442671868220804e-11, 8.291893213718815e-11, 3.225390440841913e-11, -5.578936066894152e-12, 0.9882986233337181, -0.15253141026254027, 6.194619990573802e-11, -8.476172101406546e-11, 0.15253141026254027, 0.9882986233337183, 4.229902400565422e-10, 0.0, 0.0, 0.0, 1.0], "right_foot_pose": [1.0, 3.91790075738857e-12, 8.889151220659341e-11, -1.9750739238544313e-11, -1.2359791372610878e-12, 0.9995453202319771, -0.030152160823992878, -0.24000000005077168, -8.896925289160568e-11, 0.030152160823992857, 0.9995453202319771, 3.0460417521638306e-10, 0.0, 0.0, 0.0, 1.0]}, {"left_foot_pose": [1.0000000000000002, 2.319824293907539e-11, 9.940867226609917e-11, 4.262488972894829e-11, -6.987777687800626e-12, 0.9871073671551848, -0.16005950677158132, 7.459680095855958e-11, -1.0184017473495625e-10, 0.16005950677158123, 0.9871073671551847, 5.195499863663855e-10, 0.0, 0.0, 0.0, 1.0], "right_foot_pose": [1.0, 6.039534631494945e-12, 1.0744169443022624e-10, -2.5101653394754564e-11, -1.9283788148372873e-12, 0.9992691483670887, -0.03822524194450201, -0.24000000005730393, -1.0759404883186484e-10, 0.038225241944501956, 0.9992691483670884, 3.6528581548456174e-10, 0.0, 0.0, 0.0, 1.0]}, {"left_foot_pose": [1.0000000000000002, 2.9223222650087643e-11, 1.1915904374326658e-10, 5.65801121232834e-11, -8.754427171907233e-12, 0.9857393690636683, -0.16827922117113392, 8.922695568513994e-11, -1.2237744043523022e-10, 0.16827922117113386, 0.9857393690636682, 6.406618846543921e-10, 0.0, 0.0, 0.0, 1.0], "right_foot_pose": [1.0, 9.030507537157658e-12, 1.299184926306723e-10, -3.1869000494122446e-11, -2.9024169492124335e-12, 0.9988904799918479, -0.047093619330624586, -0.2400000000639648, -1.3019959005072926e-10, 0.04709361933062455, 0.9988904799918477, 4.3803610738635257e-10, 0.0, 0.0, 0.0, 1.0]}, {"left_foot_pose": [1.0000000000000002, 3.68342459051899e-11, 1.426947102145526e-10, 7.539856239358045e-11, -1.095882120075173e-11, 0.9841665614628686, -0.17724609811884637, 1.0564272200086489e-10, -1.4696417270759088e-10, 0.17724609811884637, 0.9841665614628687, 7.930545942169687e-10, 0.0, 0.0, 0.0, 1.0], "right_foot_pose": [1.0000000000000002, 1.3203070028227597e-11, 1.5704561262542763e-10, -4.03583139130248e-11, -4.256686170142909e-12, 0.9983837438873171, -0.05683220866327602, -0.24000000007032307, -1.5754214268084266e-10, 0.05683220866327598, 0.998383743887317, 5.24924353983991e-10, 0.0, 0.0, 0.0, 1.0]}, {"left_foot_pose": [1.0, 4.6527069151504825e-11, 1.7099072158188733e-10, 1.0108205245051849e-10, -1.3726865796342943e-11, 0.9823556024628255, -0.1870226465161393, 1.2351418846034967e-10, -1.766753760965291e-10, 0.18702264651613934, 0.9823556024628259, 9.879981555105388e-10, 0.0, 0.0, 0.0, 1.0], "right_foot_pose": [1.0, 1.9014307842151356e-11, 1.900966328794036e-10, -5.1022550767720887e-11, -6.1345279496621255e-12, 0.997717471076503, -0.0675266459163269, -0.24000000007589456, -1.9094672876656652e-10, 0.06752664591632689, 0.9977174710765029, 6.298039589847093e-10, 0.0, 0.0, 0.0, 1.0]}, {"left_foot_pose": [1.0, 5.88008556074186e-11, 2.0473154421773998e-10, 1.3622997174778106e-10, -1.7170050165455507e-11, 0.9802675548151504, -0.19767529177094587, 1.4141902579534182e-10, -2.1231519889949158e-10, 0.1976752917709458, 0.9802675548151499, 1.2384975267565324e-09, 0.0, 0.0, 0.0, 1.0], "right_foot_pose": [1.0000000000000002, 2.7032264656759325e-11, 2.300943602318243e-10, -6.424312470887372e-11, -8.707657507743134e-12, 0.9968531356672373, -0.07927058666616413, -0.24000000007968475, -2.3151316632598086e-10, 0.0792705866661641, 0.9968531356672374, 7.556412023879133e-10, 0.0, 0.0, 0.0, 1.0]}, {"left_foot_pose": [1.0, 7.420359866516037e-11, 2.444841204485293e-10, 1.844020075525421e-10, -2.1398782811601396e-11, 0.9778591308126106, -0.20926423556453272, 1.5636301801957853e-10, -2.5459917184067746e-10, 0.20926423556453272, 0.9778591308126103, 1.561801035721011e-09, 0.0, 0.0, 0.0, 1.0], "right_foot_pose": [0.9999999999999999, 3.7967622039801427e-11, 2.780022323456723e-10, -8.031982023926076e-11, -1.218696637167544e-11, 0.9957446741375685, -0.09215499946649035, -0.24000000008024577, -2.803181844829221e-10, 0.09215499946649033, 0.9957446741375688, 9.052673610732143e-10, 0.0, 0.0, 0.0, 1.0]}, {"left_foot_pose": [1.0000000000000002, 9.327057566660522e-11, 2.905372609163237e-10, 2.504418374071893e-10, -2.6494772127043315e-11, 0.9750838977549341, -0.22183640895724827, 1.6261461621702722e-10, -3.039890661124219e-10, 0.22183640895724824, 0.9750838977549339, 1.981034683518068e-09, 0.0, 0.0, 0.0, 1.0], "right_foot_pose": [1.0000000000000004, 5.265263441685609e-11, 3.3453848025115376e-10, -9.933620939706067e-11, -1.6806565393175866e-11, 0.9943383414844734, -0.10626035316103738, -0.24000000007560707, -3.38239333597509e-10, 0.10626035316103732, 0.9943383414844732, 1.0809189099347805e-09, 0.0, 0.0, 0.0, 1.0]}, {"left_foot_pose": [1.0000000000000002, 1.1667777014659362e-10, 3.434159623338928e-10, 3.4169175822107434e-10, -3.2548869386203435e-11, 0.9718921627295986, -0.2354264726507746, 1.501012543425606e-10, -3.6123242465446055e-10, 0.23542647265077457, 0.9718921627295983, 2.533445134234036e-09, 0.0, 0.0, 0.0, 1.0], "right_foot_pose": [1.0, 7.214028732716986e-11, 4.007634224479379e-10, -1.2121845541224197e-10, -2.28488119714789e-11, 0.9925721537975221, -0.12165738574270592, -0.24000000006340605, -4.0656306500028496e-10, 0.12165738574270585, 0.9925721537975223, 1.2863348025637933e-09, 0.0, 0.0, 0.0, 1.0]}, {"left_foot_pose": [1.0, 1.4047382066095214e-10, 3.9081528291351475e-10, 4.5431919337701743e-10, -3.8308051125844254e-11, 0.9682450609151686, -0.25000300400872005, 9.690056396172153e-11, -4.1352393457557336e-10, 0.25000300400872, 0.9682450609151682, 3.1743939560291423e-09, 0.0, 0.0, 0.0, 1.0], "right_foot_pose": [1.0, 9.451499711038494e-11, 4.6253788299484846e-10, -1.4088642752430047e-10, -2.961680258146651e-11, 0.9903841481487048, -0.13834463883998602, -0.24000000003966027, -4.711659056835417e-10, 0.13834463883998593, 0.9903841481487046, 1.477410527250811e-09, 0.0, 0.0, 0.0, 1.0]}, {"left_foot_pose": [0.9999999999999999, 1.486436618103193e-10, 3.9225378500873376e-10, 5.377403626549704e-10, -3.940972809464101e-11, 0.964266006629021, -0.2649359704904618, -1.4626787628313487e-11, -4.1761817188226517e-10, 0.2649359704904619, 0.9642660066290211, 3.574475507250874e-09, 0.0, 0.0, 0.0, 1.0], "right_foot_pose": [0.9999999999999997, 1.0792559631473174e-10, 4.706278700084855e-10, -1.423607585981923e-10, -3.336961591526626e-11, 0.9878162811663235, -0.1556245310442311, -0.2400000000058844, -4.816897553240619e-10, 0.1556245310442311, 0.9878162811663234, 1.5000561487399366e-09, 0.0, 0.0, 0.0, 1.0]}, {"left_foot_pose": [1.0000000000000002, 1.373169795885987e-10, 3.4607877674730503e-10, 5.611642331371236e-10, -3.5201070077268313e-11, 0.9602103925154122, -0.27927764340419386, -1.5305630200745934e-10, -3.706580136247957e-10, 0.2792776434041939, 0.9602103925154121, 3.594021386055246e-09, 0.0, 0.0, 0.0, 1.0], "right_foot_pose": [1.0, 1.0646618399771453e-10, 4.2027348268200547e-10, -1.2438420432525632e-10, -3.241937707552012e-11, 0.9850278920135147, -0.17239504620322973, -0.23999999997629118, -4.323353556691232e-10, 0.17239504620322973, 0.9850278920135147, 1.341251165687396e-09, 0.0, 0.0, 0.0, 1.0]}, {"left_foot_pose": [1.0000000000000002, 1.3015781267250378e-10, 3.120051994542905e-10, 8.641443463575094e-11, -3.319425771060512e-11, 0.9562571697896337, -0.2925273068038636, -1.886575513865285e-10, -3.3643200219989905e-10, 0.29252730680386363, 0.9562571697896338, 0.0003529130427177424, 0.0, 0.0, 0.0, 1.0], "right_foot_pose": [1.0, 9.252180251901224e-11, 3.3603907156905657e-10, -9.94977850110601e-11, -2.782033134637925e-11, 0.9822357025821247, -0.1876513377863358, -0.24000000000848704, -3.4743150526195894e-10, 0.18765133778633578, 0.9822357025821247, 1.0565870678380662e-09, 0.0, 0.0, 0.0, 1.0]}, {"left_foot_pose": [1.0000000000000002, 1.279043661109485e-10, 2.914194996428421e-10, -7.255318568155644e-11, -3.28493730620963e-11, 0.9522776455311447, -0.30523316631988406, -5.068092421428583e-10, -3.1655306541578095e-10, 0.3052331663198839, 0.9522776455311447, 0.0017996138784521915, 0.0, 0.0, 0.0, 1.0], "right_foot_pose": [1.0, 7.745150019278081e-11, 2.6260950358742465e-10, -7.586445707752354e-11, -2.3053742405047436e-11, 0.979567154851476, -0.20111735165366992, -0.24000000004556396, -2.7282058160166733e-10, 0.20111735165366995, 0.9795671548514759, 8.073574864209121e-10, 0.0, 0.0, 0.0, 1.0]}, {"left_foot_pose": [1.0000000000000002, 1.2422283596050571e-10, 2.7027327598183604e-10, 1.1577380720773078e-10, -3.200742778334926e-11, 0.9482839941055736, -0.3174231663303463, -1.082941810878757e-09, -2.9572708951909093e-10, 0.3174231663303463, 0.9482839941055737, 0.004159266989258198, 0.0, 0.0, 0.0, 1.0], "right_foot_pose": [1.0, 6.266165535795857e-11, 2.007524563252758e-10, -5.3016133150229905e-11, -1.848803824951108e-11, 0.9770769583534152, -0.21288639565467818, -0.240000000068122, -2.0949046735175373e-10, 0.21288639565467818, 0.9770769583534152, 6.041309813520357e-10, 0.0, 0.0, 0.0, 1.0]}, {"left_foot_pose": [1.0, 1.1819565206065096e-10, 2.470356003092533e-10, 4.2537816671850415e-10, -3.032681987812287e-11, 0.9443130345465068, -0.32904846570918705, -1.6615502012456984e-09, -2.721711567515145e-10, 0.3290484657091871, 0.9443130345465068, 0.007210786473888911, 0.0, 0.0, 0.0, 1.0], "right_foot_pose": [1.0000000000000002, 4.88485921764758e-11, 1.4935989944845896e-10, -3.2586253140287624e-11, -1.4303035797050223e-11, 0.9748065026279478, -0.22305219665869822, -0.24000000007772038, -1.5649281120385685e-10, 0.2230521966586982, 0.974806502627948, 4.410166676294125e-10, 0.0, 0.0, 0.0, 1.0]}, {"left_foot_pose": [1.0000000000000002, 1.0910174279517053e-10, 2.202956844721271e-10, 6.943005233239763e-10, -2.7696145044117506e-11, 0.9404180233831944, -0.3400205012878605, -2.0374848058724027e-09, -2.4426679007804526e-10, 0.3400205012878604, 0.9404180233831942, 0.01073308671705861, 0.0, 0.0, 0.0, 1.0], "right_foot_pose": [0.9999999999999999, 3.650115260272585e-11, 1.0740400235856437e-10, -1.5953821597136653e-11, -1.0621903057086802e-11, 0.9727858177200429, -0.2317061778260336, -0.24000000007693006, -1.1293868496722898e-10, 0.23170617782603362, 0.9727858177200428, 3.1176894399465027e-10, 0.0, 0.0, 0.0, 1.0]}, {"left_foot_pose": [1.0000000000000002, 9.646063389699718e-11, 1.890413936500579e-10, 8.458135233868624e-10, -2.4147144767881874e-11, 0.9366703706810185, -0.3502122452003725, -2.133239262319675e-09, -2.1085124273481722e-10, 0.35021224520037253, 0.9366703706810185, 0.014505082526032193, 0.0, 0.0, 0.0, 1.0], "right_foot_pose": [1.0000000000000002, 2.591328562683968e-11, 7.387994382936748e-11, -3.75266137608854e-12, -7.510355654609458e-12, 0.9710351745746723, -0.23893658099742207, -0.24000000006860295, -7.793173229912968e-11, 0.23893658099742202, 0.9710351745746721, 2.109573904451878e-10, 0.0, 0.0, 0.0, 1.0]}, {"left_foot_pose": [1.0, 8.002098628516988e-11, 1.5274188858160898e-10, 8.629542219695807e-10, -1.9768320550767506e-11, 0.9331617646867557, -0.35945670243674965, -1.9644342697661132e-09, -1.7129699515343962e-10, 0.3594567024367497, 0.9331617646867558, 0.01830568895779308, 0.0, 0.0, 0.0, 1.0], "right_foot_pose": [1.0, 1.7147322313425657e-11, 4.762086558419948e-11, 4.076430165644851e-12, -4.9668993138479875e-12, 0.9695673576905666, -0.24482471056030064, -0.24000000005537586, -5.0369819404278025e-11, 0.24482471056030067, 0.9695673576905663, 1.3353178285324674e-10, 0.0, 0.0, 0.0, 1.0]}, {"left_foot_pose": [1.0000000000000002, 6.017156316045294e-11, 1.1210503358949353e-10, 7.608050023311108e-10, -1.4757482114579514e-11, 0.930009765670462, -0.36753480890600626, -1.5924619782559102e-09, -1.263740079463247e-10, 0.3675348089060062, 0.930009765670462, 0.021913821150467166, 0.0, 0.0, 0.0, 1.0], "right_foot_pose": [0.9999999999999999, 1.0170263982938874e-11, 2.7610025377108624e-11, 7.980890254222217e-12, -2.9622687357304294e-12, 0.9683934008685479, -0.2494277874541048, -0.24000000003960928, -2.927419755578493e-11, 0.2494277874541047, 0.9683934008685476, 7.549341707324686e-11, 0.0, 0.0, 0.0, 1.0]}, {"left_foot_pose": [1.0, 3.871007838324872e-11, 7.037195132175711e-11, 5.69603354066972e-10, -9.565134483942028e-12, 0.9273513072131739, -0.3741918665738463, -1.1001949351552298e-09, -7.974453309998706e-11, 0.37419186657384645, 0.9273513072131742, 0.02510839423930833, 0.0, 0.0, 0.0, 1.0], "right_foot_pose": [1.0, 5.044987829901225e-12, 1.338090749314747e-11, 8.486027852638856e-12, -1.4987287933098041e-12, 0.967520288493321, -0.2527933767997148, -0.24000000002370142, -1.4221681753994166e-11, 0.2527933767997149, 0.9675202884933212, 3.48039652653398e-11, 0.0, 0.0, 0.0, 1.0]}, {"left_foot_pose": [1.0, 1.8571570854919528e-11, 3.2640438962783236e-11, 3.350008569158458e-10, -4.809368161725536e-12, 0.9253359087000043, -0.3791483299057761, -5.869632974109251e-10, -3.72447115980505e-11, 0.37914832990577624, 0.9253359087000047, 0.027668323344406998, 0.0, 0.0, 0.0, 1.0], "right_foot_pose": [0.9999999999999999, 1.7227668860606306e-12, 4.389599794764311e-12, 6.470150804016583e-12, -5.469477122146249e-13, 0.9669506965263704, -0.2549634297054554, -0.24000000000996918, -4.683780044397541e-12, 0.25496342970545555, 0.9669506965263704, 9.531347933133816e-12, 0.0, 0.0, 0.0, 1.0]}, {"left_foot_pose": [1.0000000000000004, 4.05282171838909e-12, 6.309354080857865e-12, 1.1850952857939134e-10, -1.3344082377040312e-12, 0.9241222882296561, -0.3820968416477516, -1.7108470196092185e-10, -7.379223379958962e-12, 0.38209684164775143, 0.9241222882296561, 0.02937252357682489, 0.0, 0.0, 0.0, 1.0], "right_foot_pose": [1.0000000000000002, 1.665777808318425e-13, 2.909061880275388e-13, 3.103784590452463e-12, -8.674671039047885e-14, 0.9666879602800537, -0.25595778450672546, -0.24000000000086716, -3.239605908475491e-13, 0.2559577845067254, 0.9666879602800537, -1.2905371216120898e-12, 0.0, 0.0, 0.0, 1.0]}, {"left_foot_pose": [1.0, 4.621838106709576e-13, 6.767112911698625e-13, 1.9228091341361164e-12, -1.679544073015071e-13, 0.9238604032524609, -0.38272961121685206, 2.037339047467057e-12, -8.020806267822882e-13, 0.38272961121685195, 0.9238604032524608, 0.02999991006442071, 0.0, 0.0, 0.0, 1.0], "right_foot_pose": [1.0, 3.724359360432857e-13, 9.689193891662852e-13, -7.421840919619171e-14, -1.1247128338481439e-13, 0.9667328537681196, -0.2557881729974044, -0.23999999999923277, -1.0320205269058065e-12, 0.25578817299740436, 0.9667328537681193, 2.5189156316329786e-12, 0.0, 0.0, 0.0, 1.0]}, {"left_foot_pose": [1.0, 3.1576952175350458e-12, 5.502352046216075e-12, 9.47743966639436e-12, -8.190209025520047e-13, 0.924332572398175, -0.3815878609229793, 5.105846301312056e-12, -6.2909050981846664e-12, 0.3815878609229794, 0.9243325723981751, 0.030000000036400493, 0.0, 0.0, 0.0, 1.0], "right_foot_pose": [1.0000000000000002, 2.398840129494712e-12, 6.404751728974161e-12, -1.1343842531985615e-12, -6.903553959683856e-13, 0.9670839863903052, -0.2544573898856897, -0.23999999999685834, -6.80431787196206e-12, 0.2544573898856896, 0.9670839863903055, 1.9103496562422606e-11, 0.0, 0.0, 0.0, 1.0]}, {"left_foot_pose": [1.0, 8.2466653553341e-12, 1.483439304554579e-11, 2.4815594024119036e-11, -2.001291275944813e-12, 0.925221052913621, -0.37942852191870424, 9.320183513850111e-12, -1.6854097974037734e-11, 0.3794285219187043, 0.9252210529136211, 0.030000000102071767, 0.0, 0.0, 0.0, 1.0], "right_foot_pose": [0.9999999999999999, 6.228680891165162e-12, 1.6869436403337767e-11, -3.306115797796494e-12, -1.7778084495519965e-12, 0.9677417285970775, -0.25194433260532434, -0.23999999999279797, -1.78945864577296e-11, 0.2519443326053244, 0.9677417285970775, 5.1684892476977495e-11, 0.0, 0.0, 0.0, 1.0]}, {"left_foot_pose": [0.9999999999999999, 1.584737944065441e-11, 2.907645652028279e-11, 4.7276297460152605e-11, -3.743771706272711e-12, 0.9265293928693088, -0.376222386560439, 1.5543594189537657e-11, -3.290228386434564e-11, 0.3762223865604389, 0.9265293928693086, 0.030000000200756882, 0.0, 0.0, 0.0, 1.0], "right_foot_pose": [0.9999999999999998, 1.1855111318942062e-11, 3.2639529967691227e-11, -6.7916124113498455e-12, -3.3824642285557244e-12, 0.9687033277995264, -0.24822139857418668, -0.23999999998729346, -3.456076487808537e-11, 0.24822139857418665, 0.9687033277995264, 1.0107299719397389e-10, 0.0, 0.0, 0.0, 1.0]}, {"left_foot_pose": [1.0000000000000002, 2.6193173311133006e-11, 4.8899611790331754e-11, 7.69252300747425e-11, -6.126858689060006e-12, 0.9282609753335707, -0.3719295116991539, 2.5388961766292795e-11, -5.51336066073555e-11, 0.3719295116991539, 0.9282609753335702, 0.0300000003336776, 0.0, 0.0, 0.0, 1.0], "right_foot_pose": [1.0000000000000002, 1.9333536730947207e-11, 5.433535565925608e-11, -1.1891321261003895e-11, -5.535889578049517e-12, 0.9699630719001593, -0.2432522130423658, -0.23999999998055477, -5.740621958438344e-11, 0.24325221304236572, 0.9699630719001594, 1.6906973043795404e-10, 0.0, 0.0, 0.0, 1.0]}, {"left_foot_pose": [0.9999999999999999, 3.959909831556835e-11, 7.525856327017522e-11, 1.138383658172426e-10, -9.262714944614381e-12, 0.9304238359195536, -0.3664853142388454, 4.100246704663579e-11, -8.45348240756192e-11, 0.36648531423884545, 0.9304238359195538, 0.030000000502689098, 0.0, 0.0, 0.0, 1.0], "right_foot_pose": [0.9999999999999998, 2.8721709175278496e-11, 8.282552421692349e-11, -1.9015823637946738e-11, -8.276135948576291e-12, 0.9715154820048305, -0.23697609209564532, -0.23999999997294377, -8.727266369975789e-11, 0.23697609209564538, 0.9715154820048304, 2.5822122218244203e-10, 0.0, 0.0, 0.0, 1.0]}, {"left_foot_pose": [1.0000000000000002, 5.876184963628215e-11, 1.1398143193175336e-10, 1.2352237635515628e-10, -1.3815093967154167e-11, 0.9330272929869663, -0.35980560104230674, 5.40710618640583e-11, -1.2749062713792585e-10, 0.3598056010423068, 0.9330272929869664, 0.029992754391268528, 0.0, 0.0, 0.0, 1.0], "right_foot_pose": [1.0, 3.990026364438345e-11, 1.1882041184299974e-10, -2.944032864715673e-11, -1.1588597834638076e-11, 0.9733499170046579, -0.22932496389845486, -0.23999999996907556, -1.2480396574791748e-10, 0.22932496389845483, 0.973349917004658, 3.6941341652330095e-10, 0.0, 0.0, 0.0, 1.0]}, {"left_foot_pose": [1.0, 1.0514542463728128e-10, 2.1067541461361472e-10, -3.848417418073069e-11, -2.4520995159174503e-11, 0.936394291408791, -0.3509497556873783, -2.0634302426436602e-10, -2.341759991601691e-10, 0.3509497556873782, 0.936394291408791, 0.029254595606539174, 0.0, 0.0, 0.0, 1.0], "right_foot_pose": [1.0, 5.274433151246559e-11, 1.6352742771012807e-10, -4.6773071527006493e-11, -1.5436729860318566e-11, 0.9754490149190062, -0.22022538294561553, -0.2400000000036282, -1.711283213328407e-10, 0.22022538294561542, 0.9754490149190059, 4.997218749913657e-10, 0.0, 0.0, 0.0, 1.0]}, {"left_foot_pose": [0.9999999999999998, 1.5481148317560198e-10, 3.206184068238471e-10, -5.505399608418671e-11, -3.6772887426145394e-11, 0.940612181128293, -0.3394830256626643, -6.707541830991426e-10, -3.5413341006309913e-10, 0.33948302566266436, 0.940612181128293, 0.027460431116071368, 0.0, 0.0, 0.0, 1.0], "right_foot_pose": [1.0, 6.721174633462101e-11, 2.187201947335105e-10, -6.252901668668542e-11, -1.9880573157594287e-11, 0.9777921850821302, -0.20957681835621797, -0.2400000000452725, -2.279489247913313e-10, 0.2095768183562179, 0.9777921850821302, 6.664761242891615e-10, 0.0, 0.0, 0.0, 1.0]}, {"left_foot_pose": [1.0000000000000002, 2.0202153108164296e-10, 4.3502628582769987e-10, -9.55312912109818e-12, -4.934789780361325e-11, 0.945493733771435, -0.3256402914243765, -1.1928834361268903e-09, -4.771009433113912e-10, 0.3256402914243763, 0.9454937337714353, 0.024831345777322072, 0.0, 0.0, 0.0, 1.0], "right_foot_pose": [0.9999999999999999, 8.279555168090044e-11, 2.8575686261695836e-10, -7.839278184929022e-11, -2.479805620226584e-11, 0.9803495535564375, -0.1972682256261643, -0.24000000009343425, -2.9647455941471203e-10, 0.19726822562616436, 0.9803495535564377, 8.744645285663211e-10, 0.0, 0.0, 0.0, 1.0]}, {"left_foot_pose": [0.9999999999999999, 2.4347939530500855e-10, 5.492961085984405e-10, 3.729484429615404e-11, -6.142857900764817e-11, 0.9508535657909768, -0.30964091529154636, -1.6636308181744441e-09, -5.976913316271348e-10, 0.30964091529154625, 0.9508535657909769, 0.02158842449687684, 0.0, 0.0, 0.0, 1.0], "right_foot_pose": [1.0000000000000002, 9.904121044252103e-11, 3.6736133579581363e-10, -9.58758940294846e-11, -3.007407813276476e-11, 0.9830802456929909, -0.18317540917986264, -0.24000000014818013, -3.792875638995748e-10, 0.18317540917986264, 0.9830802456929912, 1.1334775340543501e-09, 0.0, 0.0, 0.0, 1.0]}, {"left_foot_pose": [1.0000000000000002, 2.774616888263613e-10, 6.615892477954133e-10, 4.54094505053515e-11, -7.244192482549416e-11, 0.9565232550170031, -0.2916560690465391, -2.0036825497393718e-09, -7.137488415549553e-10, 0.2916560690465391, 0.956523255017003, 0.017952752206534126, 0.0, 0.0, 0.0, 1.0], "right_foot_pose": [1.0000000000000002, 1.1496124031795896e-10, 4.66222324635537e-10, -1.1602158470069845e-10, -3.5417221199509344e-11, 0.9859322326629325, -0.1671455431541233, -0.2400000002105036, -4.788788853099036e-10, 0.16714554315412328, 0.9859322326629325, 1.4542218401691898e-09, 0.0, 0.0, 0.0, 1.0]}, {"left_foot_pose": [1.0000000000000002, 3.03267627594025e-10, 7.72087567491031e-10, -3.302517981307318e-12, -8.198447149020897e-11, 0.9623495275508847, -0.27181498638336943, -2.1597529580724695e-09, -8.254507948530045e-10, 0.27181498638336943, 0.9623495275508845, 0.014145413864760287, 0.0, 0.0, 0.0, 1.0], "right_foot_pose": [1.0, 1.288248897336404e-10, 5.845204320565811e-10,