{"LoopMode": "Wrap", "FrameDuration": 0.0167, "EnableCycleOffsetPosition": true, "EnableCycleOffsetRotation": false, "Debug_info": [{"left_foot_pose": [1.0, 3.6977843623275564e-13, 3.362417982932797e-12, 3.7756950344025597e-13, -1.0329570322833751e-13, 0.9968829936683872, -0.07889421356953864, 1.4097577272220718e-12, -3.3810822466621764e-12, 0.07889421356953862, 0.9968829936683875, 1.527504511766864e-11, 0.0, 0.0, 0.0, 1.0], "right_foot_pose": [0.9999999999999999, -2.4863055191417584e-13, 3.2142968842128444e-12, -3.466914255678688e-13, 9.899376262526194e-14, 0.9989234112365281, 0.04638985323947407, -0.2400000000035506, -3.2223178656131184e-12, -0.046389853239474116, 0.9989234112365283, 1.1091433327337086e-11, 0.0, 0.0, 0.0, 1.0]}, {"left_foot_pose": [1.0, 7.97760644940509e-13, 6.952743936139427e-12, 7.282265068742078e-13, -2.3415901140190105e-13, 0.9967392747526167, -0.0806896410057039, 3.5415923665960136e-12, -6.99443887912025e-12, 0.08068964100570386, 0.9967392747526168, 3.0630317726654255e-11, 0.0, 0.0, 0.0, 1.0], "right_foot_pose": [1.0000000000000002, -4.879318479024048e-13, 6.773324956465711e-12, -6.212773351332856e-13, 1.8519613137102974e-13, 0.9990060487846553, 0.04457481903129285, -0.24000000000683636, -6.788327821311361e-12, -0.04457481903129289, 0.9990060487846555, 2.4397983633406284e-11, 0.0, 0.0, 0.0, 1.0]}, {"left_foot_pose": [0.9999999999999999, 1.3808881945950613e-12, 1.155919804318728e-11, 1.2264286808338909e-12, -4.1519198467660286e-13, 0.9965397446142509, -0.08311761187717866, 6.466964116991214e-12, -1.1633946373444142e-11, 0.08311761187717864, 0.996539744614251, 5.0282167318727033e-11, 0.0, 0.0, 0.0, 1.0], "right_foot_pose": [0.9999999999999996, -7.625559536781891e-13, 1.1386218357056172e-11, -1.000994426236801e-12, 2.8216108023958616e-13, 0.9991127128233027, 0.04211635163285611, -0.2400000000108797, -1.1408178255161146e-11, -0.042116351632856146, 0.9991127128233028, 4.174964540748505e-11, 0.0, 0.0, 0.0, 1.0]}, {"left_foot_pose": [0.9999999999999999, 2.1240219999900706e-12, 1.704598615037689e-11, 1.9164461684262335e-12, -6.475989679584037e-13, 0.9962824640824757, -0.0861466874682487, 1.01216760667322e-11, -1.71655606481599e-11, 0.0861466874682487, 0.996282464082476, 7.384087785666793e-11, 0.0, 0.0, 0.0, 1.0], "right_foot_pose": [0.9999999999999997, -1.0417136476518316e-12, 1.6929097013117794e-11, -1.5223378113660146e-12, 3.7971646175170043e-13, 0.9992375394573415, 0.039042793691530284, -0.2400000000155254, -1.695680605391916e-11, -0.03904279369153032, 0.9992375394573414, 6.253610129736131e-11, 0.0, 0.0, 0.0, 1.0]}, {"left_foot_pose": [1.0000000000000002, 3.0456110448411877e-12, 2.337053814360779e-11, 2.8600871671002892e-12, -9.35677978153383e-13, 0.9959640881031234, -0.08975263343721913, 1.4507270384989113e-11, -2.354959435292917e-11, 0.08975263343721906, 0.9959640881031238, 1.0132987504629654e-10, 0.0, 0.0, 0.0, 1.0], "right_foot_pose": [1.0, -1.297800221615376e-12, 2.3374066571156895e-11, -2.2308682678939817e-12, 4.698960967428797e-13, 0.999374124766201, 0.03537454943588044, -0.24000000002068844, -2.3405332744908408e-11, -0.03537454943588048, 0.9993741247662011, 8.650968830181682e-11, 0.0, 0.0, 0.0, 1.0]}, {"left_foot_pose": [0.9999999999999999, 4.179804813426662e-12, 3.0559759583992374e-11, 4.139383280588049e-12, -1.2910449733154004e-12, 0.9955797707610142, -0.09391975325482936, 1.9676320468786646e-11, -3.081721897665598e-11, 0.09391975325482933, 0.9955797707610142, 1.3309925384064059e-10, 0.0, 0.0, 0.0, 1.0], "right_foot_pose": [0.9999999999999999, -1.4995704231227323e-12, 3.076678495306121e-11, -3.1820587831354885e-12, 5.411008712398139e-13, 0.9995155702400454, 0.031122738435398218, -0.24000000002632915, -3.0798486884253843e-11, -0.031122738435398256, 0.9995155702400459, 1.1369764851831832e-10, 0.0, 0.0, 0.0, 1.0]}, {"left_foot_pose": [1.0, 5.570132495847071e-12, 3.869661188704576e-11, 5.8613044973121475e-12, -1.7258304844271828e-12, 0.9951231042327067, -0.09864079998795178, 2.5723903909757873e-11, -3.9057305089747966e-11, 0.09864079998795176, 0.9951231042327068, 1.6979184724874585e-10, 0.0, 0.0, 0.0, 1.0], "right_foot_pose": [1.0, -1.6154878581434948e-12, 3.921400704154237e-11, -4.442182732766753e-12, 5.837820008217882e-13, 0.9996543786079752, 0.026289224596863694, -0.2400000000324354, -3.924286216379121e-11, -0.02628922459686373, 0.9996543786079757, 1.4434661799178627e-10, 0.0, 0.0, 0.0, 1.0]}, {"left_foot_pose": [1.0, 7.275675345170751e-12, 4.790947499833109e-11, 8.166453624447456e-12, -2.257656537825013e-12, 0.9945860047773272, -0.1039166930818914, 3.2779650521730375e-11, -4.840613859531767e-11, 0.10391669308189135, 0.9945860047773276, 2.1232970937035134e-10, 0.0, 0.0, 0.0, 1.0], "right_foot_pose": [0.9999999999999998, -1.6049854531201802e-12, 4.8874571056954756e-11, -6.091835369481657e-12, 5.844943511669605e-13, 0.9997822648592919, 0.020866788752136666, -0.24000000003900696, -4.8897394850717573e-11, -0.0208667887521367, 0.999782264859292, 1.788796333279663e-10, 0.0, 0.0, 0.0, 1.0]}, {"left_foot_pose": [1.0, 9.375179698570687e-12, 5.838729846829871e-11, 1.1243790620785177e-11, -2.9100989600516747e-12, 0.9939585581970671, -0.10975602300925702, 4.1017488017214276e-11, -5.906357936575942e-11, 0.10975602300925699, 0.9939585581970679, 2.6202276459663665e-10, 0.0, 0.0, 0.0, 1.0], "right_foot_pose": [1.0000000000000002, -1.416272778389586e-12, 5.99775715204298e-11, -8.23158208262953e-12, 5.258379139421094e-13, 0.9998898889966545, 0.014839470417080584, -0.240000000046057, -5.999199315370587e-11, -0.014839470417080614, 0.9998898889966543, 2.1795143467784328e-10, 0.0, 0.0, 0.0, 1.0]}, {"left_foot_pose": [1.0000000000000002, 1.1968715864376417e-11, 7.037449789581984e-11, 1.5347407372745536e-11, -3.711864361398784e-12, 0.9932288114217287, -0.11617455901264204, 5.064787998720899e-11, -7.128845772056006e-11, 0.116174559012642, 0.9932288114217289, 3.2060602783712255e-10, 0.0, 0.0, 0.0, 1.0], "right_foot_pose": [1.0000000000000002, -9.82275107142946e-13, 7.281972941308646e-11, -1.098669766275151e-11, 3.861324139751625e-13, 0.9999665198076667, 0.00818286403072988, -0.24000000005359412, -7.28253236496178e-11, -0.008182864030729924, 0.9999665198076668, 2.6242610862148297e-10, 0.0, 0.0, 0.0, 1.0]}, {"left_foot_pose": [1.0, 1.518584065700144e-11, 8.417231495139177e-11, 2.0821316892849495e-11, -4.700518383769647e-12, 0.9923824989951946, -0.12319486875700046, 6.191127992216661e-11, -8.540194239941445e-11, 0.1231948687570004, 0.9923824989951948, 3.903337375543714e-10, 0.0, 0.0, 0.0, 1.0], "right_foot_pose": [1.0, -2.1093788823077843e-13, 8.777151228045438e-11, -1.4513314161579416e-11, 1.3480568944339344e-13, 0.9999996265290899, 0.0008642578798596735, -0.2400000000616056, -8.777167473463648e-11, -0.000864257879859716, 0.9999996265290896, 3.1338480421805315e-10, 0.0, 0.0, 0.0, 1.0]}, {"left_foot_pose": [1.0, 1.918812884788447e-11, 1.0012522039769267e-10, 2.812792707085343e-11, -5.922108644496162e-12, 0.9914027141738668, -0.13084593355810442, 7.504988124018563e-11, -1.0177514356752844e-10, 0.1308459335581044, 0.9914027141738669, 4.740357828492137e-10, 0.0, 0.0, 0.0, 1.0], "right_foot_pose": [1.0, 1.022823348881088e-12, 1.0526692018064746e-10, -1.9001002160567992e-11, -2.696212019038393e-13, 0.9999743864453915, -0.007157265760368452, -0.2400000000700246, -1.052714974305008e-10, 0.007157265760368402, 0.9999743864453916, 3.720762586922888e-10, 0.0, 0.0, 0.0, 1.0]}, {"left_foot_pose": [0.9999999999999999, 2.417326024186045e-11, 1.186211155343453e-10, 3.788949362593108e-11, -7.43027317199957e-12, 0.9902695822704476, -0.13916233121758972, 9.027642695891291e-11, -1.2083090130426997e-10, 0.13916233121758967, 0.990269582270448, 5.752829740357512e-10, 0.0, 0.0, 0.0, 1.0], "right_foot_pose": [0.9999999999999999, 2.8850824754947956e-12, 1.2580918251625891e-10, -2.4676212462271252e-11, -8.806748154294799e-13, 0.9998731044500649, -0.015930316926884708, -0.2400000000787028, -1.2583915552251855e-10, 0.01593031692688468, 0.999873104450065, 4.3992832987616026e-10, 0.0, 0.0, 0.0, 1.0]}, {"left_foot_pose": [1.0000000000000002, 3.036127587488172e-11, 1.3998569317608123e-10, 5.090626878367921e-11, -9.282789553012749e-12, 0.9889602448541622, -0.1481810854933829, 1.0763456792517445e-10, -1.429392238610135e-10, 0.14818108549338285, 0.9889602448541625, 6.981007438788822e-10, 0.0, 0.0, 0.0, 1.0], "right_foot_pose": [1.0, 5.5932746581967834e-12, 1.4986300395092745e-10, -3.177929447373273e-11, -1.7689568091649382e-12, 0.9996746123318803, -0.025508223362412225, -0.2400000000873135, -1.4995696130201128e-10, 0.0255082233624122, 0.9996746123318804, 5.181696044465056e-10, 0.0, 0.0, 0.0, 1.0]}, {"left_foot_pose": [1.0, 3.7850171605556495e-11, 1.6387421281072179e-10, 6.794709586643854e-11, -1.1494649404230224e-11, 0.9874505566974662, -0.15792845873326955, 1.2641740605723317e-10, -1.677952836313757e-10, 0.15792845873326952, 0.9874505566974662, 8.440940862941559e-10, 0.0, 0.0, 0.0, 1.0], "right_foot_pose": [1.0000000000000002, 9.382609088248983e-12, 1.7719394007632195e-10, -4.039973910963113e-11, -3.0092523582234767e-12, 0.9993541233834722, -0.03593516490088448, -0.2400000000949975, -1.7741669484574972e-10, 0.035935164900884435, 0.9993541233834722, 6.055991264020122e-10, 0.0, 0.0, 0.0, 1.0]}, {"left_foot_pose": [1.0, 4.5620273821676025e-11, 1.8551760475049583e-10, 8.78049993824348e-11, -1.3734311397459764e-11, 0.9857247568805032, -0.1683647934482593, 1.420571577037677e-10, -1.9055011867627023e-10, 0.16836479344825925, 0.9857247568805035, 9.92108784014789e-10, 0.0, 0.0, 0.0, 1.0], "right_foot_pose": [0.9999999999999998, 1.4140837714525839e-11, 2.0270217448993278e-10, -4.938619652117282e-11, -4.560564076682366e-12, 0.9988861090370497, -0.04718623923163327, -0.24000000009858846, -2.031436533632296e-10, 0.047186239231633245, 0.9988861090370499, 6.846857386610949e-10, 0.0, 0.0, 0.0, 1.0]}, {"left_foot_pose": [1.0000000000000002, 4.7585922137925076e-11, 1.8235635917962512e-10, 9.834669884023484e-11, -1.4145854042680815e-11, 0.9838208457461893, -0.17915508219209073, 1.360031497144032e-10, -1.8793134996594718e-10, 0.1791550821920907, 0.9838208457461896, 1.0182803350522462e-09, 0.0, 0.0, 0.0, 1.0], "right_foot_pose": [1.0000000000000002, 1.754563791918064e-11, 2.012790351058197e-10, -5.2037658904158235e-11, -5.6572118928160795e-12, 0.9982630534090936, -0.058914142600520907, -0.24000000008773748, -2.0196313711950132e-10, 0.05891414260052089, 0.9982630534090939, 6.720542594651491e-10, 0.0, 0.0, 0.0, 1.0]}, {"left_foot_pose": [1.0000000000000002, 5.02764142341931e-11, 1.7765205972963827e-10, 3.549163324345628e-10, -1.573761709102241e-11, 0.9819191203907373, -0.1893009271268445, -1.0973143296788557e-09, -1.839573170415738e-10, 0.1893009271268445, 0.9819191203907374, 0.0006652960199079738, 0.0, 0.0, 0.0, 1.0], "right_foot_pose": [1.0000000000000002, 1.4220057978562593e-11, 1.3625660322259553e-10, 5.537903469132743e-12, -4.709603953597542e-12, 0.9975786533947568, -0.06954732411175363, -0.24000000014706793, -1.3691566354729003e-10, 0.06954732411175356, 0.9975786533947567, 4.676314890872391e-10, 0.0, 0.0, 0.0, 1.0]}, {"left_foot_pose": [0.9999999999999999, 6.212769274741249e-11, 2.0294996846276225e-10, 4.451916175984838e-09, -2.0218241883312974e-11, 0.9797351928324586, -0.20029715905510714, -4.743093647008312e-09, -2.1128124195823464e-10, 0.20029715905510723, 0.9797351928324589, 0.005804998340710951, 0.0, 0.0, 0.0, 1.0], "right_foot_pose": [1.0, 8.591257070886165e-12, 7.086990716499001e-11, 1.300288245131842e-10, -3.0576887299589515e-12, 0.996975489007886, -0.07771662832037728, -0.24000000019890036, -7.132323132843605e-11, 0.07771662832037728, 0.9969754890078865, 3.1919829279747347e-10, 0.0, 0.0, 0.0, 1.0]}, {"left_foot_pose": [1.0, 5.724296634982432e-11, 1.767171062261319e-10, 7.198241988581877e-09, -1.8608462261698722e-11, 0.9774194188752515, -0.21130849392669485, -5.98440409727008e-09, -1.8482262996047314e-10, 0.21130849392669482, 0.9774194188752511, 0.013875949820165642, 0.0, 0.0, 0.0, 1.0], "right_foot_pose": [0.9999999999999998, 3.5900955872039825e-12, 2.561187373295866e-11, 1.8062833520571253e-10, -1.447434248087953e-12, 0.9965344023975402, -0.08318163762621578, -0.24000000014146558, -2.582170913566451e-11, 0.08318163762621576, 0.99653440239754, 2.0148489821014692e-10, 0.0, 0.0, 0.0, 1.0]}, {"left_foot_pose": [1.0, 3.240512885380014e-11, 9.484943386262046e-11, 5.988253559685575e-09, -1.0684564628489164e-11, 0.9753678859087503, -0.22058442179332743, -4.043596853187115e-09, -9.966112108591167e-11, 0.22058442179332743, 0.9753678859087507, 0.02228276725685932, 0.0, 0.0, 0.0, 1.0], "right_foot_pose": [1.0, 7.035401366282789e-13, 2.9924118738483582e-12, 1.3693430417349717e-10, -4.440310027574024e-13, 0.9963001537846875, -0.08594186156122727, -0.2400000000459019, -3.0418079741935688e-12, 0.08594186156122724, 0.9963001537846877, 9.589527782960516e-11, 0.0, 0.0, 0.0, 1.0]}, {"left_foot_pose": [1.0000000000000002, 3.264312415603772e-12, 7.454578621057806e-12, 2.04493978347986e-09, -1.4961658203166242e-12, 0.9741612831992976, -0.22585347975070036, -8.909324979156086e-10, -7.999126396538486e-12, 0.22585347975070036, 0.9741612831992975, 0.0284300742507637, 0.0, 0.0, 0.0, 1.0], "right_foot_pose": [0.9999999999999999, 4.457772426149872e-13, 2.2180035585964916e-12, 4.2523404936156695e-11, -2.534259807677375e-13, 0.9962908403619811, -0.08604976124789142, -0.23999999998425325, -2.2480482654633734e-12, 0.08604976124789142, 0.9962908403619813, 3.427863548566279e-11, 0.0, 0.0, 0.0, 1.0]}, {"left_foot_pose": [1.0000000000000002, 7.65536925775161e-12, 2.3350890665518875e-11, 3.8074442904045824e-11, -2.210603062255937e-12, 0.9744097560683481, -0.22477906325728944, 2.7113046183191436e-11, -2.4473948061111003e-11, 0.22477906325728936, 0.974409756068348, 0.03000000010115575, 0.0, 0.0, 0.0, 1.0], "right_foot_pose": [1.0, 2.7851673132210862e-12, 2.2235407959316767e-11, -1.0695971885965605e-11, -9.174845553895902e-13, 0.9965020989899744, -0.08356773724695962, -0.24000000000487742, -2.2390343212567627e-11, 0.08356773724695957, 0.9965020989899743, 8.640377302526758e-11, 0.0, 0.0, 0.0, 1.0]}, {"left_foot_pose": [0.9999999999999999, 2.248916752341237e-11, 6.983287559325646e-11, 8.830736489273683e-11, -6.5977074143819234e-12, 0.9755687570495716, -0.21969433372018404, 7.79350126101086e-11, -7.306735178451075e-11, 0.21969433372018404, 0.9755687570495719, 0.030000000292009027, 0.0, 0.0, 0.0, 1.0], "right_foot_pose": [1.0, 7.696170087891734e-12, 6.558209530994118e-11, -2.8130719975649754e-11, -2.5310299140451693e-12, 0.9969220246397558, -0.07839946931052418, -0.2400000000176141, -6.598356557566613e-11, 0.07839946931052413, 0.9969220246397558, 2.3648412394994267e-10, 0.0, 0.0, 0.0, 1.0]}, {"left_foot_pose": [1.0, 4.472236225572773e-11, 1.4378624679789453e-10, 1.5556434612706838e-10, -1.3249458117307855e-11, 0.9773068862738183, -0.21182835042027884, 1.5612004744536279e-10, -1.4999656218639222e-10, 0.21182835042027884, 0.977306886273818, 0.030000000587927206, 0.0, 0.0, 0.0, 1.0], "right_foot_pose": [1.0, 1.407345207579693e-11, 1.3346460048248028e-10, -5.377499140424291e-11, -4.635868098733566e-12, 0.9975151506117328, -0.07045228385264621, -0.2400000000420061, -1.3412444366603625e-10, 0.07045228385264618, 0.9975151506117331, 4.712667339701326e-10, 0.0, 0.0, 0.0, 1.0]}, {"left_foot_pose": [1.0, 1.1271853912414943e-10, 3.856346492137064e-10, 4.4675610780253727e-10, -3.3340179273727046e-11, 0.9798088976176603, -0.19993630022901449, -2.1344982656379408e-09, -4.0038473931422606e-10, 0.19993630022901446, 0.9798088976176609, 0.028526428544675797, 0.0, 0.0, 0.0, 1.0], "right_foot_pose": [0.9999999999999999, 1.9863853296511066e-11, 2.2378143088587677e-10, -5.05925371041549e-11, -6.470218751737466e-12, 0.9982167133417453, -0.05969416391244117, -0.24000000025524243, -2.245680782612101e-10, 0.05969416391244115, 0.9982167133417457, 8.453416994180785e-10, 0.0, 0.0, 0.0, 1.0]}, {"left_foot_pose": [1.0, 1.78244835867086e-10, 6.700539845194697e-10, 3.2885762932255425e-09, -5.334935474350345e-11, 0.9833067770967895, -0.18195543991737784, -6.2413395562899154e-09, -6.913011417999939e-10, 0.1819554399173778, 0.9833067770967898, 0.022463537625082602, 0.0, 0.0, 0.0, 1.0], "right_foot_pose": [1.0, 2.3340640885560062e-11, 3.4158322004264793e-10, 1.8735468038100223e-11, -7.560282352226711e-12, 0.9989356397620652, -0.04612578035280532, -0.24000000055284226, -3.4229614503015967e-10, 0.04612578035280529, 0.9989356397620656, 1.3984608054906644e-09, 0.0, 0.0, 0.0, 1.0]}, {"left_foot_pose": [1.0, 1.9811498525022878e-10, 8.444081059377773e-10, 4.537444243252198e-09, -6.028107079904407e-11, 0.9870844075611254, -0.1602010372928459, -8.160012915370274e-09, -8.652401906199763e-10, 0.16020103729284585, 0.9870844075611256, 0.014080069005878298, 0.0, 0.0, 0.0, 1.0], "right_foot_pose": [1.0000000000000002, 2.154337975439334e-11, 4.919966170580274e-10, 6.204257246844591e-11, -6.97424057488184e-12, 0.9995620154866025, -0.029593533015890832, -0.24000000079610453, -4.924186279205071e-10, 0.02959353301589081, 0.9995620154866026, 2.0645267440055903e-09, 0.0, 0.0, 0.0, 1.0]}, {"left_foot_pose": [1.0000000000000002, 1.8324460386546143e-10, 9.126643000373358e-10, 2.5213684924640933e-09, -5.684219671070269e-11, 0.9906241211947546, -0.13661570373541307, -6.521532504993877e-09, -9.291413234936381e-10, 0.136615703735413, 0.9906241211947548, 0.005971400203592228, 0.0, 0.0, 0.0, 1.0], "right_foot_pose": [1.0, 9.94815283550495e-12, 6.70054532692096e-10, 1.0406769196391608e-11, -3.2436456934766265e-12, 0.9999499430622831, -0.010005566937407102, -0.24000000091038048, -6.701204914900892e-10, 0.010005566937407055, 0.9999499430622827, 2.782677324675298e-09, 0.0, 0.0, 0.0, 1.0]}, {"left_foot_pose": [1.0, 1.484828288979794e-10, 8.914409297539061e-10, -2.3381143895995216e-10, -4.728279988755849e-11, 0.9936554318153076, -0.11246725222897623, -1.9392401573448126e-09, -9.02484488035208e-10, 0.11246725222897622, 0.9936554318153078, 0.0007329148051983397, 0.0, 0.0, 0.0, 1.0], "right_foot_pose": [1.0, -1.5131079678098626e-11, 8.32263712807745e-10, -1.6809004535489613e-10, 4.784703336354927e-12, 0.9999227458681551, 0.012429895232476602, -0.2400000007869884, -8.323874119500108e-10, -0.01242989523247663, 0.9999227458681552, 3.381591132112227e-09, 0.0, 0.0, 0.0, 1.0]}, {"left_foot_pose": [1.0000000000000002, 1.1343648245614202e-10, 8.562009330692621e-10, 3.8098398741359674e-10, -3.6945218460634825e-11, 0.9960481988009197, -0.088814332545177, 6.771707248762193e-10, -8.628921025017572e-10, 0.08881433254517697, 0.9960481988009199, 3.532637321557175e-09, 0.0, 0.0, 0.0, 1.0], "right_foot_pose": [1.0000000000000002, -4.7055216818622396e-11, 8.783025366026669e-10, -2.9494596695545106e-10, 1.5034857636027443e-11, 0.9993365253202264, 0.036421273466178294, -0.2400000006379028, -8.79433555737602e-10, -0.03642127346617833, 0.9993365253202264, 3.669166595554607e-09, 0.0, 0.0, 0.0, 1.0]}, {"left_foot_pose": [1.0, 7.606309497538029e-11, 7.779146354858213e-10, 3.2611175218577593e-10, -2.4949001428492172e-11, 0.997852795137171, -0.06549655897019903, 5.657429229949384e-10, -7.812260681347146e-10, 0.06549655897019899, 0.9978527951371713, 3.120620442609301e-09, 0.0, 0.0, 0.0, 1.0], "right_foot_pose": [0.9999999999999998, -6.897387085862046e-11, 7.811083134467442e-10, -3.1016232984737435e-10, 2.200921110458366e-11, 0.9982003955034685, 0.059966410737348826, -0.24000000060143167, -7.838386686871204e-10, -0.05996641073734886, 0.9982003955034688, 3.570273937603119e-09, 0.0, 0.0, 0.0, 1.0]}, {"left_foot_pose": [1.0000000000000002, 4.005029326089955e-11, 6.094299821735039e-10, 2.44670662202795e-10, -1.3184096994530265e-11, 0.9990306331401395, -0.04402038218387348, 4.0473774332028256e-10, -6.106021563524143e-10, 0.044020382183873406, 0.9990306331401395, 2.443272584251588e-09, 0.0, 0.0, 0.0, 1.0], "right_foot_pose": [1.0000000000000004, -7.169099884479674e-11, 6.004397708203033e-10, -2.9539958673607813e-10, 2.2644107943029026e-11, 0.9966905447596691, 0.08128934731362682, -0.24000000046537784, -6.042802757072626e-10, -0.08128934731362684, 0.9966905447596693, 3.0593750449670054e-09, 0.0, 0.0, 0.0, 1.0]}, {"left_foot_pose": [1.0000000000000002, 1.545390347017196e-11, 4.1381348347968583e-10, 3.588084100669686e-10, -4.823011466766368e-12, 0.9996702740321856, -0.02567767934252034, 5.067688213511445e-10, -4.1407372521588855e-10, 0.025677679342520302, 0.9996702740321856, 1.7987058786861354e-09, 0.0, 0.0, 0.0, 1.0], "right_foot_pose": [0.9999999999305401, -1.172641748512667e-05, -1.1878186265124087e-06, 0.0011786165967436688, 1.1786421607246961e-05, 0.9949665930909856, 0.10020717785667363, -0.24000058596524596, 6.768649601194702e-09, -0.10020717786371341, 0.9949665931600878, 0.0025540202240473125, 0.0, 0.0, 0.0, 1.0]}, {"left_foot_pose": [1.0, 3.549298842157078e-12, 2.572703959591305e-10, 3.853085663030331e-10, -7.563833652537697e-13, 0.9999410824838141, -0.010855024693661985, 4.513371013731282e-10, -2.572936007960818e-10, 0.010855024693661935, 0.9999410824838144, 1.2413959443735578e-09, 0.0, 0.0, 0.0, 1.0], "right_foot_pose": [0.9999999988458061, -4.770998424459065e-05, -5.6695927555143065e-06, 0.004804502774347286, 4.804567229992732e-05, 0.9930520152425658, 0.11767621983346246, -0.2400023963296449, 1.5869917406896525e-08, -0.11767621997004084, 0.99305201638865, 0.009396435252370897, 0.0, 0.0, 0.0, 1.0]}, {"left_foot_pose": [1.0, -7.568062003288597e-13, 1.421296864922983e-10, 3.13648239325115e-10, 6.81135754948569e-13, 0.9999998578316723, 0.0005332322541157765, 2.9984076679867577e-10, -1.4212987140351722e-10, -0.0005332322541158281, 0.9999998578316724, 7.999522572132989e-10, 0.0, 0.0, 0.0, 1.0], "right_foot_pose": [0.9999999945482385, -0.00010348570836778076, -1.393665741600152e-05, 0.010441877034739921, 0.00010441992924068623, 0.9910853437648122, 0.13322848971246337, -0.24000521509951495, 2.5172273579675567e-08, -0.13322849044139828, 0.9910853491676218, 0.01794874276823473, 0.0, 0.0, 0.0, 1.0]}, {"left_foot_pose": [1.0, -1.4198291522801298e-12, 6.406049649076984e-11, 1.7050687250996788e-10, 8.670399115572056e-13, 0.9999627800616091, 0.008627774421004547, 1.3458640799046684e-10, -6.407015697912259e-11, -0.00862777442100459, 0.9999627800616094, 5.229350008573164e-10, 0.0, 0.0, 0.0, 1.0], "right_foot_pose": [0.9999999844274648, -0.0001745917035805122, -2.574503647456677e-05, 0.017647796926637076, 0.00017647965531438585, 0.9893297966801781, 0.14569324711767037, -0.24000882040244287, 3.3499486610054394e-08, -0.1456932493923324, 0.9893298120856888, 0.025615562434926464, 0.0, 0.0, 0.0, 1.0]}, {"left_foot_pose": [1.0000000000000002, -9.18304787816417e-13, 1.877474564704329e-11, -1.731173537855568e-11, 6.635456344590594e-13, 0.9999079477258811, 0.01356820086154004, 1.8674770063675794e-11, -1.8785228804697613e-11, -0.013568200861540106, 0.999907947725881, 4.792523183860808e-10, 0.0, 0.0, 0.0, 1.0], "right_foot_pose": [0.999999966253207, -0.00025671881365580106, -3.986271567675107e-05, 0.0259793226645148, 0.0002597952729112517, 0.9881814022663143, 0.15328877558842569, -0.2400129887393746, 3.9481659844428926e-08, -0.15328878077156616, 0.9881814356126952, 0.02980151718712383, 0.0, 0.0, 0.0, 1.0]}, {"left_foot_pose": [0.9999999999999998, -5.96347584787969e-13, 1.8555643133133515e-12, -1.0001167255468957e-10, 5.676505902710084e-13, 0.9998812277428046, 0.015412021526829594, 9.961385882828466e-12, -1.8642907129530283e-12, -0.015412021526829647, 0.9998812277428047, 5.687945808796613e-10, 0.0, 0.0, 0.0, 1.0], "right_foot_pose": [0.9999999387719625, -0.00034568526492433413, -5.438537445881186e-05, 0.03499350481302611, 0.00034993723660753265, 0.9878679725205122, 0.15529567415786152, -0.24001749604248523, 4.214333848375185e-08, -0.15529568368087984, 0.9878680330034415, 0.03000000436100292, 0.0, 0.0, 0.0, 1.0]}, {"left_foot_pose": [0.9999999999999998, -9.029587324447864e-13, 1.521040238205984e-11, -1.5037441083998182e-10, 6.89210171996433e-13, 0.9999011896095451, 0.014057418590134494, 3.007379414943223e-11, -1.5221344720236726e-11, -0.014057418590134565, 0.9999011896095451, 7.604541857331171e-10, 0.0, 0.0, 0.0, 1.0], "right_foot_pose": [0.9999999021074384, -0.0004372013810648745, -6.811803066537879e-05, 0.044247396580310634, 0.0004424761145619523, 0.9880934987712634, 0.15385396290265865, -0.24002212303462953, 4.181818617127545e-08, -0.1538539779821018, 0.9880935954954283, 0.03000000417655288, 0.0, 0.0, 0.0, 1.0]}, {"left_foot_pose": [1.0000000000000002, -1.4611331030162612e-12, 5.934189251100008e-11, -2.2715961403574347e-10, 8.977457650343693e-13, 0.999954940810701, 0.009492963092169964, 7.953657524262248e-11, -5.935287364887924e-11, -0.009492963092170037, 0.9999549408107011, 1.1480787154294347e-09, 0.0, 0.0, 0.0, 1.0], "right_foot_pose": [0.999999857964835, -0.0005270261049185714, -7.945938921907932e-05, 0.053298056035376004, 0.0005329824652960242, 0.9888351140249707, 0.1490128625351425, -0.24002664827485493, 3.8565673940995405e-08, -0.1490128837205372, 0.9888352544712843, 0.029910820613326353, 0.0, 0.0, 0.0, 1.0]}, {"left_foot_pose": [1.0, -1.0879758833931384e-12, 1.324999276963723e-10, -3.3401845872527147e-10, 8.500910098786464e-13, 0.9999983878128923, 0.0017956535353321518, 2.622462230011946e-10, -1.3250143739187025e-10, -0.0017956535353322186, 0.9999983878128916, 1.9659133071447954e-09, 0.0, 0.0, 0.0, 1.0], "right_foot_pose": [0.9999998096389212, -0.0006110512224974331, -8.566519186407784e-05, 0.061702541184176646, 0.0006170268394308137, 0.9903225120659356, 0.1387837936262611, -0.24003084767688956, 3.216124509698271e-08, -0.138783820064951, 0.9903227005820782, 0.026127193734436213, 0.0, 0.0, 0.0, 1.0]}, {"left_foot_pose": [0.9999999999999998, 2.3517155248899246e-12, 2.3957272277108643e-10, -3.6301237363312033e-10, -1.7481747147415825e-13, 0.999958729053395, -0.009085163175240498, 4.4896390424820076e-10, -2.395838958674206e-10, 0.00908516317524045, 0.9999587290533949, 2.9695372688598454e-09, 0.0, 0.0, 0.0, 1.0], "right_foot_pose": [0.9999997618258335, -0.0006848792915339373, -8.537348829761244e-05, 0.06901789755634666, 0.000690179886635396, 0.9923239838208779, 0.12366339307000816, -0.24003450274121893, 2.3662985537408865e-08, -0.12366342253964716, 0.9923242201648521, 0.01864896588731217, 0.0, 0.0, 0.0, 1.0]}, {"left_foot_pose": [1.0000000000000002, 1.2179197520216342e-11, 3.824102978722266e-10, -3.530502279414094e-10, -3.280064685929892e-12, 0.999729391639871, -0.023262491082759316, 5.638440148808543e-10, -3.825898315780173e-10, 0.023262491082759264, 0.9997293916398711, 4.110265891532627e-09, 0.0, 0.0, 0.0, 1.0], "right_foot_pose": [0.9999997202387694, -0.0007438393893467577, -7.890086417964457e-05, 0.07480118186539306, 0.0007480122882013629, 0.9944231212879235, 0.10546134991361553, -0.24003739411265107, 1.4537510185097066e-08, -0.1054613794284345, 0.9944233994878904, 0.010071513803101173, 0.0, 0.0, 0.0, 1.0]}, {"left_foot_pose": [0.9999999999999999, 3.236041222255867e-11, 5.53410400838672e-10, -3.3508328750597727e-10, -9.78708649071974e-12, 0.9991697492381701, -0.04074079291489161, 5.102246316418535e-10, -5.542690014580648e-10, 0.04074079291489156, 0.9991697492381705, 5.269608832625394e-09, 0.0, 0.0, 0.0, 1.0], "right_foot_pose": [0.999999691027531, -0.0007832223243724455, -6.71389077816327e-05, 0.07860945298124877, 0.0007860946776924113, 0.9963463973752924, 0.08540045955634717, -0.24003930076218774, 6.062455468479747e-09, -0.08540048594749446, 0.9963467052185869, 0.0029902177016953857, 0.0, 0.0, 0.0, 1.0]}, {"left_foot_pose": [0.9999999999999999, 6.12565389186563e-11, 6.881809566650077e-10, -3.2072135572325244e-10, -1.9164463886981062e-11, 0.9981378635005372, -0.060998405279029, 1.7916613331836473e-10, -6.90635675444449e-10, 0.06099840527902896, 0.9981378635005372, 5.962994389929754e-09, 0.0, 0.0, 0.0, 1.0], "right_foot_pose": [0.9999996800018394, -0.0007983376322854306, -5.1509641937447695e-05, 0.07999977092053813, 0.000799997636455789, 0.9979246208130879, 0.06438797386809131, -0.2400400003613804, -6.02707185840827e-10, -0.06438799447164996, 0.9979249401472642, 4.6866983220705816e-07, 0.0, 0.0, 0.0, 1.0]}, {"left_foot_pose": [0.9999999999999998, 8.63100259149179e-11, 7.177636818234134e-10, -6.837900731748725e-11, -2.676529019949015e-11, 0.996587085671374, -0.08254805069193741, 1.0913782204358125e-10, -7.224383216882661e-10, 0.08254805069193741, 0.9965870856713744, 6.945226227461632e-09, 0.0, 0.0, 0.0, 1.0], "right_foot_pose": [0.9999996800002607, -0.0007992682290298444, -3.420049704052751e-05, 0.0799999691182137, 0.0007999996099584106, 0.9990854150500561, 0.04275153137470563, -0.24004000055758395, -7.229897660922965e-10, -0.04275154505461109, 0.9990857347572556, 4.670718062316226e-09, 0.0, 0.0, 0.0, 1.0]}, {"left_foot_pose": [1.0000000000000002, 9.635821525871757e-11, 6.426555398952871e-10, 3.521133211392691e-10, -2.923333974929316e-11, 0.9946146979743433, -0.10364170286813781, -3.3657457029767635e-11, -6.491809713217511e-10, 0.10364170286813776, 0.9946146979743435, 7.418075917420275e-09, 0.0, 0.0, 0.0, 1.0], "right_foot_pose": [0.9999996800002674, -0.0007998196696662604, -1.6966408305947842e-05, 0.07999996888618419, 0.000799999601871798, 0.9997747472316745, 0.021208837744683507, -0.24004000046397275, -6.590236997386027e-10, -0.021208844530981034, 0.9997750671594398, 4.265145764348333e-09, 0.0, 0.0, 0.0, 1.0]}, {"left_foot_pose": [0.9999999999899127, -4.456522514367536e-06, 5.601424969969848e-07, 0.0004485898715396487, 4.4915787603031645e-06, 0.9924284033361187, -0.1228245261808455, 1.780525417331008e-07, -8.531057230702698e-09, 0.12282452618212245, 0.9924284033461249, 0.000509714802754288, 0.0, 0.0, 0.0, 1.0], "right_foot_pose": [0.9999996800002727, -0.0007999986322342293, -1.2409376253481677e-06, 0.07999996898370058, 0.0007999995946888458, 0.9999984759711028, 0.0015517912624216541, -0.24004000053626579, -4.95153541491588e-10, -0.001551791758598515, 0.9999987959704454, 3.769815598575477e-09, 0.0, 0.0, 0.0, 1.0]}, {"left_foot_pose": [0.9999999986414537, -5.159995047964605e-05, 7.384998921500241e-06, 0.005206188659736679, 5.212573438544307e-05, 0.9899949692366312, -0.14110265117662227, 2.076216839707809e-06, -3.022196645922103e-08, 0.1411026513698762, 0.989994970581362, 0.005396169164924594, 0.0, 0.0, 0.0, 1.0], "right_foot_pose": [0.9999996800002764, -0.0007999111074876098, 1.1898113881001987e-05, 0.07999996941775214, 0.0007999995906221939, 0.999889082161743, -0.014872235017101047, -0.2400400007249867, -3.281847404822608e-10, 0.014872239776476136, 0.9998894021260715, 3.4894946238095415e-09, 0.0, 0.0, 0.0, 1.0]}, {"left_foot_pose": [0.9999999895338434, -0.00014284442197945912, 2.2973549606675192e-05, 0.014450372608152542, 0.0001446800265780026, 0.9873704025777541, -0.15842874480704394, 5.771101356131722e-06, -5.2740446500024563e-08, 0.1584287464727177, 0.9873704129105159, 0.013366546092596326, 0.0, 0.0, 0.0, 1.0], "right_foot_pose": [0.9999996800002765, -0.0007996872062685809, 2.2354336698508633e-05, 0.07999996934526227, 0.0007999995901488712, 0.9996092070300046, -0.027942677421859446, -0.24004000061707131, -1.9913771997145382e-10, 0.02794268636367059, 0.9996095269047723, 2.894824352450698e-09, 0.0, 0.0, 0.0, 1.0]}, {"left_foot_pose": [0.9999999626548102, -0.00026912802392343516, 4.7544555429601676e-05, 0.027296311725859224, 0.00027329539431272923, 0.9847983314165574, -0.17370138672098637, 1.0910400086373145e-05, -7.388789360151244e-08, 0.1737013932277831, 0.9847983681905266, 0.021825454948239717, 0.0, 0.0, 0.0, 1.0], "right_foot_pose": [0.9999996800002755, -0.0007994274539391375, 3.0250484767545326e-05, 0.07999996889838534, 0.0007999995912124022, 0.999284513320105, -0.037812979772246326, -0.2400400003786974, -1.0680353061809487e-10, 0.037812991872478635, 0.9992848330909729, 2.2399488236457543e-09, 0.0, 0.0, 0.0, 1.0]}, {"left_foot_pose": [0.9999999079311616, -0.000421680740307008, 7.951742948598961e-05, 0.04285918915542428, 0.0004291126426208261, 0.9827199281334774, -0.18509824070389086, 1.7138505537831958e-05, -9.09994198891862e-08, 0.18509825778404507, 0.9827200186041317, 0.028177520829108668, 0.0, 0.0, 0.0, 1.0], "right_foot_pose": [0.999999680000275, -0.0007992013496266125, 3.572885194754345e-05, 0.07999996827456583, 0.0007999995925662013, 0.9990018787236432, -0.04466101552008383, -0.2400400001460639, -4.6340842089305114e-11, 0.044661029811638095, 0.9990021984040705, 1.744895034017091e-09, 0.0, 0.0, 0.0, 1.0]}, {"left_foot_pose": [0.9999998180311364, -0.0005922146752841081, 0.00011497596524132764, 0.06025418835166723, 0.0006032724790157852, 0.9817021050518627, -0.1904221967078921, 2.409809921985473e-05, -1.0132771722191012e-07, 0.19042223141881687, 0.9817022836794619, 0.030000019092868063, 0.0, 0.0, 0.0, 1.0], "right_foot_pose": [0.999999680000274, -0.0007990526678605184, 3.891251355680089e-05, 0.07999996776418634, 0.0007999995935786823, 0.9988160233806826, -0.04864063567277622, -0.24004000003286907, -1.2349788374404911e-11, 0.048640651237781135, 0.9988163430016385, 1.532002927295828e-09, 0.0, 0.0, 0.0, 1.0]}, {"left_foot_pose": [0.9999996903816045, -0.0007723609577402308, 0.000150649414861162, 0.07859646958731308, 0.000786915932160268, 0.9815289135022706, -0.19131223882012732, 3.1434769321990116e-05, -1.0465248577173458e-07, 0.19131229813476355, 0.9815292173860066, 0.030000020037593403, 0.0, 0.0, 0.0, 1.0], "right_foot_pose": [0.9999996800002736, -0.0007990121206877909, 3.973639516221161e-05, 0.07999996763323833, 0.0007999995938164019, 0.998765338542037, -0.04967049957129279, -0.2400400000549166, -2.9684756403061943e-12, 0.04967051546584648, 0.9987656581467742, 1.555299583566594e-09, 0.0, 0.0, 0.0, 1.0]}, {"left_foot_pose": [0.999999528400555, -0.0009536489109466464, 0.00018371832368918595, 0.09700120972820403, 0.0009711841522298425, 0.9819637356536235, -0.18906686294145977, 3.8796953063160305e-05, -1.0132349752674368e-07, 0.18906695220195652, 0.9819641987287802, 0.030000018706127674, 0.0, 0.0, 0.0, 1.0], "right_foot_pose": [0.9999996800002738, -0.000799089924817906, 3.813976264126666e-05, 0.07999996753252914, 0.000799999593399435, 0.9988625953361819, -0.047674685514630576, -0.24004000010758106, -2.143362369676813e-11, 0.047674700770538876, 0.9988629149720404, 1.7163514914875222e-09, 0.0, 0.0, 0.0, 1.0]}, {"left_foot_pose": [0.9999993419452957, -0.001128883447533367, 0.00020428200542238484, 0.1145835909520284, 0.0011472179252246903, 0.984031453951945, -0.17799095910819482, 4.582912099327166e-05, -8.887126433506329e-08, 0.17799107633638517, 0.984032101480744, 0.02875534878681746, 0.0, 0.0, 0.0, 1.0], "right_foot_pose": [0.9999996800002751, -0.0007994246966347818, 3.0323289922863014e-05, 0.07999996733210306, 0.0007999995921881918, 0.9992810647894343, -0.037904004457948254, -0.2400400002892977, -9.217684441131414e-11, 0.037904016587296786, 0.9992813845591998, 2.3069779975237736e-09, 0.0, 0.0, 0.0, 1.0]}, {"left_foot_pose": [0.9999991469739826, -0.0012883705352304748, 0.00021483172744657386, 0.1304587749912833, 0.0013061589880259317, 0.9863893037945545, -0.16442151716972545, 5.217638724506167e-05, -7.187998985196589e-08, 0.16442165751828514, 0.9863901451955696, 0.02290978403630671, 0.0, 0.0, 0.0, 1.0], "right_foot_pose": [0.9999996800002758, -0.0007996722783054682, 2.2882163356008207e-05, 0.07999996729021794, 0.0007999995913058026, 0.9995905452459449, -0.028602479884969133, -0.2400400004908576, -1.838904621022077e-10, 0.028602489037904757, 0.9995908651147418, 2.8779881672269525e-09, 0.0, 0.0, 0.0, 1.0]}, {"left_foot_pose": [0.9999989644251266, -0.0014235737588907255, 0.00021115498447671355, 0.14374192651053364, 0.0014391485926934194, 0.9891819379598359, -0.146686817626376, 5.7488614238543345e-05, -5.119240673826595e-08, 0.14668696960459215, 0.9891829623220476, 0.014590971023124247, 0.0, 0.0, 0.0, 1.0], "right_foot_pose": [0.9999996800002755, -0.0007998975824862922, 1.277511992001486e-05, 0.07999996726464317, 0.0007999995913473794, 0.9998721751402757, -0.015968512169566764, -0.2400400006228346, -3.126615315252312e-10, 0.01596851727973795, 0.9998724950991943, 3.6787847768060544e-09, 0.0, 0.0, 0.0, 1.0]}, {"left_foot_pose": [0.9999988183103721, -0.0015249446021027748, 0.0001947352566780136, 0.15354822553186045, 0.001537328155857367, 0.9919460329842771, -0.12665190195531478, 6.141311717526403e-05, -2.97311113983637e-08, 0.1266520516640689, 0.9919472051522111, 0.006394287717005939, 0.0, 0.0, 0.0, 1.0], "right_foot_pose": [0.9999996800002736, -0.0007999995925194465, -4.2718145919615706e-08, 0.07999996718653808, 0.0007999995936594426, 0.9999996785427737, 5.399075056202648e-05, -0.240040000639275, -4.7444602469039e-10, -5.39907674595299e-05, 0.9999999985424995, 4.851092971769333e-09, 0.0, 0.0, 0.0, 1.0]}, {"left_foot_pose": [0.9999987330235702, -0.0015829449555106994, 0.00016803726474712288, 0.15899285412079434, 0.001591838953669947, 0.9944121542720428, -0.10555535744235078, 6.35950848907503e-05, -9.977844951153106e-09, 0.10555549119446453, 0.9944134141687235, 0.0009151214316625855, 0.0, 0.0, 0.0, 1.0], "right_foot_pose": [0.9999996800002693, -0.0007998510016236908, -1.541863673567734e-05, 0.07999996707660502, 0.0007999995994725956, 0.9998139172304376, 0.019274099537212007, -0.24004000046612892, -6.402269348781754e-10, -0.01927410570440859, 0.9998142371707343, 6.442132660655631e-09, 0.0, 0.0, 0.0, 1.0]}, {"left_foot_pose": [0.9999987200013434, -0.0015942935042081263, 0.00013499591844418068, 0.15980788035676827, 0.0015999986486109309, 0.9964330439280147, -0.08437196793175952, 6.392347029990884e-05, -7.135227470550254e-10, 0.08437207592904092, 0.9964343193625087, 6.335020841241601e-09, 0.0, 0.0, 0.0, 1.0], "right_foot_pose": [0.9999996800002627, -0.0007993384973628724, -3.251674609755077e-05, 0.07999996714391845, 0.0007999996075888376, 0.9991732548584551, 0.04064685444398345, -0.24004000024206712, -7.325177090497416e-10, -0.04064686745038487, 0.9991735745937603, 7.789123901424944e-09, 0.0, 0.0, 0.0, 1.0]}, {"left_foot_pose": [0.9999987200013314, -0.0015968472275463066, 0.00010037245901925451, 0.1598078801448894, 0.0015999986558282984, 0.9980291058866053, -0.06273231868412138, 6.392349400459983e-05, -7.063626096463817e-10, 0.06273239898263647, 0.9980303833640967, 6.036164734712912e-09, 0.0, 0.0, 0.0, 1.0], "right_foot_pose": [0.9999996800002574, -0.0007984352099638128, -5.000598161891189e-05, 0.0799999674814067, 0.0007999996141918512, 0.9980441185196739, 0.06250837934953908, -0.24004000014182952, -7.151444811435769e-10, -0.06250839935163985, 0.9980444378936731, 8.426930681038058e-09, 0.0, 0.0, 0.0, 1.0]}, {"left_foot_pose": [0.9999987200013167, -0.0015985880018885938, 6.717237949996346e-05, 0.15980787974504124, 0.0015999986651087875, 0.9991170713288073, -0.04198235085867836, 6.392345944562436e-05, -5.887067109681641e-10, 0.041982404597042, 0.9991183501989405, 5.209081235801882e-09, 0.0, 0.0, 0.0, 1.0], "right_foot_pose": [0.9999996800002564, -0.0007972302074011742, -6.650850425201596e-05, 0.07999996792697325, 0.0007999996154562297, 0.9965378581269254, 0.0831363778403684, -0.24003999991747355, -5.893733680070632e-10, -0.08313640444352668, 0.9965381770189258, 8.380010671493743e-09, 0.0, 0.0, 0.0, 1.0]}, {"left_foot_pose": [0.9999987200013029, -0.0015995430121985923, 3.8182568080052937e-05, 0.1598078797690787, 0.0015999986738677934, 0.9997139377199346, -0.023863837343337677, 6.392364015105241e-05, -4.1122097715256906e-10, 0.023863867889715184, 0.9997152173540945, 4.048707674675356e-09, 0.0, 0.0, 0.0, 1.0], "right_foot_pose": [0.999999663185641, -0.0008164866650699907, -8.353520915641942e-05, 0.08207733184403199, 0.0008207488076297746, 0.9948083353182404, 0.10176297142255795, -0.24003750393680853, 1.3413197230211246e-08, -0.10176300570875127, 0.9948086703829647, 0.0022602431056012867, 0.0, 0.0, 0.0, 1.0]}, {"left_foot_pose": [0.9999987200012954, -0.0015999334691409169, 1.4445230209880755e-05, 0.1598078796519702, 0.0015999986782347499, 0.9999579658224127, -0.009028100161962893, 6.392362985763178e-05, -2.6340481312575156e-10, 0.00902811171835557, 0.9999592457689479, 3.046466759415445e-09, 0.0, 0.0, 0.0, 1.0], "right_foot_pose": [0.999999603393514, 