{"LoopMode": "Wrap", "FrameDuration": 0.0167, "EnableCycleOffsetPosition": true, "EnableCycleOffsetRotation": false, "Debug_info": [{"left_foot_pose": [1.0, 3.623410192278263e-15, 5.526482049766912e-14, 2.1382201564890124e-14, 7.347245838621078e-16, 0.9970004831836502, -0.0773953262902209, -7.376217692200981e-14, -5.538633601840207e-14, 0.07739532629022083, 0.9970004831836504, 4.260064523364804e-13, 0.0, 0.0, 0.0, 1.0], "right_foot_pose": [1.0000000000000002, -5.438113979671826e-15, 3.4180991370642753e-14, -2.6759844340418226e-14, 3.5452407486802648e-15, 0.9988519829664855, 0.04790319534145718, -0.24000000000013394, -3.440171927709023e-14, -0.04790319534145722, 0.9988519829664855, -6.09512440519211e-14, 0.0, 0.0, 0.0, 1.0]}, {"left_foot_pose": [1.0, 1.2502009272841827e-14, 1.4786089019835913e-13, 3.983965934928335e-14, -8.99724519056099e-16, 0.9969823583194378, -0.07762845612154046, -8.78169065243739e-14, -1.4834739567985496e-13, 0.0776284561215404, 0.9969823583194385, 9.408862577942045e-13, 0.0, 0.0, 0.0, 1.0], "right_foot_pose": [0.9999999999999999, -1.2871687539164597e-14, 1.124586535006143e-13, -4.748978987834107e-14, 7.265237173803475e-15, 0.99886323803916, 0.04766793150458613, -0.24000000000027275, -1.1291442925962654e-13, -0.04766793150458618, 0.9988632380391602, 1.1300682611903312e-13, 0.0, 0.0, 0.0, 1.0]}, {"left_foot_pose": [1.0, 2.5567746759146118e-14, 2.7789923140453254e-13, 6.031633525971358e-14, -3.696067504806976e-15, 0.9969549553316428, -0.07797959373889805, -7.218357855887092e-14, -2.7902819684627753e-13, 0.07797959373889807, 0.9969549553316432, 1.601371812931518e-12, 0.0, 0.0, 0.0, 1.0], "right_foot_pose": [0.9999999999999999, -2.3167440808442706e-14, 2.292818712667882e-13, -6.905587213168474e-14, 1.2100846759317606e-14, 0.9988800892456898, 0.047313500277658696, -0.24000000000043983, -2.3012572406199274e-13, -0.047313500277658745, 0.9988800892456899, 4.464623115651989e-13, 0.0, 0.0, 0.0, 1.0]}, {"left_foot_pose": [0.9999999999999999, 4.2814115412804494e-14, 4.3953035655519557e-13, 8.282610708398863e-14, -8.13417019757824e-15, 0.9969185780071621, -0.07844328412413348, -3.0747973611688906e-14, -4.415133050185448e-13, 0.07844328412413347, 0.9969185780071625, 2.3845786456533347e-12, 0.0, 0.0, 0.0, 1.0], "right_foot_pose": [0.9999999999999997, -3.5242503394827925e-14, 3.7887054604721066e-13, -9.143380497178555e-14, 1.720803446377779e-14, 0.9989021556335277, 0.046845314287481586, -0.24000000000063001, -3.800795140853234e-13, -0.04684531428748163, 0.9989021556335278, 9.161144065572557e-13, 0.0, 0.0, 0.0, 1.0]}, {"left_foot_pose": [0.9999999999999999, 6.387423880574845e-14, 6.306170863279448e-13, 1.0771591951730386e-13, -1.3704889692156786e-14, 0.9968734574343916, -0.07901461803238685, 3.40092537465253e-14, -6.336535601692375e-13, 0.0790146180323868, 0.9968734574343918, 3.2851499298658382e-12, 0.0, 0.0, 0.0, 1.0], "right_foot_pose": [0.9999999999999998, -4.904073710447771e-14, 5.589417817474962e-13, -1.1505379982068575e-13, 2.295035270963459e-14, 0.9989290528107515, 0.04626821209660285, -0.2400000000008415, -5.605476574918988e-13, -0.04626821209660291, 0.9989290528107514, 1.5104306694269098e-12, 0.0, 0.0, 0.0, 1.0]}, {"left_foot_pose": [1.0000000000000002, 8.805219399560243e-14, 8.51693715553381e-13, 1.3541598398170152e-13, -1.9794133734013023e-14, 0.9968196148812192, -0.07969099941687484, 1.2147054195832396e-13, -8.559670178150004e-13, 0.07969099941687481, 0.996819614881219, 4.307998402452995e-12, 0.0, 0.0, 0.0, 1.0], "right_foot_pose": [1.0000000000000002, -6.533672375978935e-14, 7.697592563359927e-13, -1.4031137363090807e-13, 2.996970348324721e-14, 0.9989604784103745, 0.04558467477253579, -0.2400000000010758, -7.719283922695108e-13, -0.04558467477253583, 0.9989604784103744, 2.2276902544859922e-12, 0.0, 0.0, 0.0, 1.0]}, {"left_foot_pose": [1.0, 1.1707395653574252e-13, 1.1007410261054673e-12, 1.6652304535291762e-13, -2.803948164539357e-14, 0.9967569970538904, -0.08047042204507834, 2.305499541277456e-13, -1.1065677180549717e-12, 0.08047042204507833, 0.9967569970538903, 5.447142736869637e-12, 0.0, 0.0, 0.0, 1.0], "right_foot_pose": [1.0000000000000002, -8.203617247093147e-14, 1.0095535518672054e-12, -1.6778245459647678e-13, 3.649021801974725e-14, 0.9989961299612368, 0.044796565967428814, -0.24000000000133065, -1.0122068228098907e-12, -0.044796565967428856, 0.9989961299612365, 3.060343645167052e-12, 0.0, 0.0, 0.0, 1.0]}, {"left_foot_pose": [1.0000000000000004, 1.5087876868586054e-13, 1.3832268663804825e-12, 2.0206405992873044e-13, -3.768914865650262e-14, 0.9966854538414281, -0.08135174307233936, 3.6366569478030186e-13, -1.3908949533631814e-12, 0.08135174307233929, 0.9966854538414286, 6.729047874465266e-12, 0.0, 0.0, 0.0, 1.0], "right_foot_pose": [1.0000000000000002, -1.0020126045562122e-13, 1.283688433328854e-12, -1.9834134334928422e-13, 4.358942012508769e-14, 0.9990357169319595, 0.0439048550190934, -0.2400000000016114, -1.2868110835718288e-12, -0.04390485501909346, 0.9990357169319594, 4.0254466426858926e-12, 0.0, 0.0, 0.0, 1.0]}, {"left_foot_pose": [1.0, 1.9056709029834353e-13, 1.706305235993355e-12, 2.434510926185851e-13, -4.9306272273927313e-14, 0.9966045572987784, -0.08233684698425174, 5.250262030687125e-13, -1.7161783426975342e-12, 0.0823368469842517, 0.9966045572987785, 8.187284183946986e-12, 0.0, 0.0, 0.0, 1.0], "right_foot_pose": [0.9999999999999997, -1.2004337444938952e-13, 1.5992762669724429e-12, -2.3313295738347506e-13, 5.1118941683980695e-14, 0.9990790524403399, 0.04290742330779661, -0.24000000000192434, -1.6028946914475447e-12, -0.04290742330779667, 0.9990790524403399, 5.147507420311115e-12, 0.0, 0.0, 0.0, 1.0]}, {"left_foot_pose": [1.0, 2.365586737618548e-13, 2.0725539340293864e-12, 2.917110997202599e-13, -6.274665714098126e-14, 0.9965137858568052, -0.08342826018406152, 7.168328430839921e-13, -2.0850429596685328e-12, 0.0834282601840615, 0.9965137858568055, 9.834577596734562e-12, 0.0, 0.0, 0.0, 1.0], "right_foot_pose": [0.9999999999999999, -1.4161427919535453e-13, 1.959099549253439e-12, -2.7289628889981543e-13, 5.935890299392866e-14, 0.999125936540866, 0.0418014704447011, -0.24000000000227079, -1.9632769997484066e-12, -0.04180147044470114, 0.9991259365408662, 6.436157162781342e-12, 0.0, 0.0, 0.0, 1.0]}, {"left_foot_pose": [0.9999999999999999, 2.912414062417295e-13, 2.4946295029693033e-12, 3.4926922465317034e-13, -7.906393531863373e-14, 0.9964124913297089, -0.08462946958432786, 9.469387080018876e-13, -2.510286543680153e-12, 0.08462946958432786, 0.996412491329709, 1.1728895632501235e-11, 0.0, 0.0, 0.0, 1.0], "right_foot_pose": [0.9999999999999997, -1.648728886924726e-13, 2.3760160505757823e-12, -3.1954300316883177e-13, 6.800569541552894e-14, 0.9991761631403795, 0.04058318632230735, -0.24000000000266164, -2.380727356772404e-12, -0.0405831863223074, 0.9991761631403796, 7.937039914196475e-12, 0.0, 0.0, 0.0, 1.0]}, {"left_foot_pose": [1.0, 3.557459667025675e-13, 2.9854278771335174e-12, 4.1858877475320355e-13, -9.780665143001479e-14, 0.9962997275550628, -0.08594680257990742, 1.2242706848297757e-12, -3.004909318071447e-12, 0.08594680257990735, 0.9962997275550629, 1.3928927455886253e-11, 0.0, 0.0, 0.0, 1.0], "right_foot_pose": [1.0, -1.9105386116194651e-13, 2.8631541582056647e-12, -3.749188459689634e-13, 7.825814448044728e-14, 0.9992295854720875, 0.039245834394013045, -0.24000000000310698, -2.868432470975143e-12, -0.03924583439401309, 0.9992295854720873, 9.697104230710352e-12, 0.0, 0.0, 0.0, 1.0]}, {"left_foot_pose": [1.0, 4.3341718408167206e-13, 3.5525957176041345e-12, 5.023897964306911e-13, -1.2116229897361399e-13, 0.9961744320845715, -0.08738707490803885, 1.555294087962622e-12, -3.5768402355106586e-12, 0.0873870749080388, 0.9961744320845716, 1.6472184727334138e-11, 0.0, 0.0, 0.0, 1.0], "right_foot_pose": [1.0000000000000002, -2.1824373693779895e-13, 3.4289515671302387e-12, -4.4107426044881493e-13, 8.836371089259941e-14, 0.9992860006471199, 0.03778212422145781, -0.24000000000361157, -3.4347336564117866e-12, -0.03778212422145787, 0.9992860006471199, 1.174613184495854e-11, 0.0, 0.0, 0.0, 1.0]}, {"left_foot_pose": [1.0, 5.271664369947898e-13, 4.218934229749394e-12, 6.054219625628576e-13, -1.4965303817418848e-13, 0.9960353559462981, -0.0889582469753825, 1.9557090322197546e-12, -4.249081702988958e-12, 0.08895824697538243, 0.996035355946298, 1.9462251255042418e-11, 0.0, 0.0, 0.0, 1.0], "right_foot_pose": [0.9999999999999998, -2.4773461135059445e-13, 4.096736838654439e-12, -5.214301213030126e-13, 9.913229845326355e-14, 0.9993451615235571, 0.03618353409296882, -0.2400000000041933, -4.102986194940839e-12, -0.03618353409296886, 0.999345161523557, 1.4167680917331893e-11, 0.0, 0.0, 0.0, 1.0]}, {"left_foot_pose": [1.0000000000000002, 6.402652717136851e-13, 5.005613978870116e-12, 7.329345463880088e-13, -1.8372448703754342e-13, 0.9958808877502913, -0.09067114984212661, 2.441464565239304e-12, -5.043014941474313e-12, 0.09067114984212658, 0.9958808877502916, 2.2997631576870958e-11, 0.0, 0.0, 0.0, 1.0], "right_foot_pose": [1.0, -2.8011951129940964e-13, 4.888603410968306e-12, -6.19827106307369e-13, 1.1131895329244498e-13, 0.9994068176600869, 0.034438536765369045, -0.24000000000486701, -4.895269129915409e-12, -0.03443853676536908, 0.9994068176600868, 1.704079932718372e-11, 0.0, 0.0, 0.0, 1.0]}, {"left_foot_pose": [1.0, 7.772854954986346e-13, 5.928535440347105e-12, 8.908464244061776e-13, -2.251918289017464e-13, 0.9957092465971967, -0.09253699930754718, 3.0262606656727975e-12, -5.975045981179082e-12, 0.09253699930754712, 0.9957092465971966, 2.715692948296322e-11, 0.0, 0.0, 0.0, 1.0], "right_foot_pose": [1.0000000000000002, -3.137495876558356e-13, 5.821933213301129e-12, -7.403556934182376e-13, 1.2399420061606837e-13, 0.9994705932578353, 0.032535107389298865, -0.24000000000564214, -5.829056057135123e-12, -0.03253510738929892, 0.9994705932578352, 2.042543911784378e-11, 0.0, 0.0, 0.0, 1.0]}, {"left_foot_pose": [0.9999999999999999, 9.455597393410715e-13, 7.027252044156107e-12, 1.0893334845274438e-12, -2.766762449793683e-13, 0.9955183592999635, -0.09456847411643408, 3.73931181157916e-12, -7.085144249401913e-12, 0.09456847411643404, 0.9955183592999636, 3.21248305734656e-11, 0.0, 0.0, 0.0, 1.0], "right_foot_pose": [1.0, -3.485254770321351e-13, 6.93801960327506e-12, -8.90287843446913e-13, 1.3681066752036914e-13, 0.9995359985879309, 0.030459604837046614, -0.24000000000654698, -6.945380901108488e-12, -0.03045960483704666, 0.9995359985879312, 2.446824687307725e-11, 0.0, 0.0, 0.0, 1.0]}, {"left_foot_pose": [1.0000000000000002, 1.1519308259169455e-12, 8.336571016842598e-12, 1.3399802101243807e-12, -3.3960738160171373e-13, 0.9953056644672885, -0.09678137361771387, 4.60872312535443e-12, -8.408870087586244e-12, 0.09678137361771381, 0.9953056644672885, 3.807033854830166e-11, 0.0, 0.0, 0.0, 1.0], "right_foot_pose": [1.0, -3.8391281627427204e-13, 8.274124441154081e-12, -1.0775165482090898e-12, 1.5024723576039041e-13, 0.9996024406533288, 0.02819504637183585, -0.2400000000076035, -8.281660755053453e-12, -0.028195046371835904, 0.999602440653329, 2.929897990888719e-11, 0.0, 0.0, 0.0, 1.0]}, {"left_foot_pose": [0.9999999999999998, 1.4051409573711482e-12, 9.886683485782477e-12, 1.6563174443096074e-12, -4.174935193190409e-13, 0.9950683328744373, -0.09919179860497351, 5.661037610904529e-12, -9.977260924022121e-12, 0.09919179860497351, 0.9950683328744375, 4.514993934279232e-11, 0.0, 0.0, 0.0, 1.0], "right_foot_pose": [0.9999999999999999, -4.1655684946491445e-13, 9.863693195555027e-12, -1.3111213503780306e-12, 1.6241055297448294e-13, 0.999669084379844, 0.02572395255721082, -0.24000000000882743, -9.871092716965364e-12, -0.02572395255721086, 0.9996690843798441, 3.502989565085102e-11, 0.0, 0.0, 0.0, 1.0]}, {"left_foot_pose": [1.0, 1.7186190171861046e-12, 1.1746039904614314e-11, 2.060698833794561e-12, -5.137000440339579e-13, 0.9948030629822878, -0.10181780728860883, 6.949930214661393e-12, -1.1859976747459056e-11, 0.10181780728860874, 0.994803062982288, 5.3696325164054315e-11, 0.0, 0.0, 0.0, 1.0], "right_foot_pose": [0.9999999999999999, -4.4537239941564837e-13, 1.1779563435787212e-11, -1.6061353635965503e-12, 1.7372507471086897e-13, 0.9997348523163663, 0.02302661642480449, -0.24000000001026284, -1.1786643863959151e-11, -0.023026616424804514, 0.9997348523163663, 4.191429148203696e-11, 0.0, 0.0, 0.0, 1.0]}, {"left_foot_pose": [0.9999999999999999, 2.1069667086339206e-12, 1.3973013718304728e-11, 2.579159108506701e-12, -6.326210374329983e-13, 0.9945058500004016, -0.1046810121988742, 8.524736472281802e-12, -1.4116805432607319e-11, 0.10468101219887416, 0.9945058500004016, 6.401187913063211e-11, 0.0, 0.0, 0.0, 1.0], "right_foot_pose": [1.0000000000000002, -4.659982882010826e-13, 1.4085746458114186e-11, -1.979243158256594e-12, 1.8281117712953072e-13, 0.9997983883682604, 0.020079407765954845, -0.2400000000119403, -1.4092227578996049e-11, -0.020079407765954887, 0.9997983883682604, 5.0167162091163675e-11, 0.0, 0.0, 0.0, 1.0]}, {"left_foot_pose": [1.0000000000000004, 2.5877212223201025e-12, 1.6622685866662934e-11, 3.2433708496704128e-12, -7.805399148776153e-13, 0.9941722507171409, -0.10780322770685577, 1.0435199579439391e-11, -1.6804781017526077e-11, 0.10780322770685574, 0.994172250717141, 7.640339749759306e-11, 0.0, 0.0, 0.0, 1.0], "right_foot_pose": [1.0000000000000004, -4.703079133551772e-13, 1.6844657613201603e-11, -2.450078334659267e-12, 1.8607417696313024e-13, 0.9998578911639274, 0.016858157586926867, -0.24000000001388253, -1.6850174622295948e-11, -0.016858157586926898, 0.9998578911639273, 5.999044316862268e-11, 0.0, 0.0, 0.0, 1.0]}, {"left_foot_pose": [1.0000000000000004, 3.1883543287967815e-12, 1.981410174822784e-11, 4.1046679943868014e-12, -9.649755453505388e-13, 0.9937970473417123, -0.11120894161395754, 1.2777816998932323e-11, -2.004575162010186e-11, 0.1112089416139575, 0.9937970473417121, 9.148624913191128e-11, 0.0, 0.0, 0.0, 1.0], "right_foot_pose": [1.0, -4.5161949136829525e-13, 2.0185894622492736e-11, -3.050525110293023e-12, 1.8216585614709594e-13, 0.9999110775996704, 0.013335549987456364, -0.2400000000161549, -2.0190102461594335e-11, -0.013335549987456398, 0.9999110775996701, 7.182227035329447e-11, 0.0, 0.0, 0.0, 1.0]}, {"left_foot_pose": [1.0, 3.938873365867417e-12, 2.3644761495966726e-11, 5.223269733400926e-12, -1.1952729266982075e-12, 0.9933739671200219, -0.11492676558675058, 1.5637994371653363e-11, -2.3940831119572685e-11, 0.1149267655867505, 0.9933739671200218, 1.0981836273682433e-10, 0.0, 0.0, 0.0, 1.0], "right_foot_pose": [1.0, -3.9606850543225254e-13, 2.422018141601225e-11, -3.815735921675056e-12, 1.6622268051373817e-13, 0.9999550682902745, 0.009479525335936087, -0.24000000001879454, -2.4222881645646412e-11, -0.009479525335936139, 0.9999550682902741, 8.601802603536157e-11, 0.0, 0.0, 0.0, 1.0]}, {"left_foot_pose": [1.0000000000000002, 4.873940003677469e-12, 2.8213911242025436e-11, 6.674882868651366e-12, -1.4821769835372959e-12, 0.9928960100593053, -0.1189853487128309, 1.9103975346101976e-11, -2.8593352861911498e-11, 0.11898534871283084, 0.9928960100593053, 1.3201317816680103e-10, 0.0, 0.0, 0.0, 1.0], "right_foot_pose": [0.9999999999999998, -2.845704923239518e-13, 2.9063335071910275e-11, -4.787444746190417e-12, 1.3155002318846102e-13, 0.9999861797334344, 0.005257408309539146, -0.24000000002182667, -2.906439437490521e-11, -0.005257408309539188, 0.9999861797334344, 1.0293661756310968e-10, 0.0, 0.0, 0.0, 1.0]}, {"left_foot_pose": [0.9999999999999999, 6.051411524983994e-12, 3.372760013983789e-11, 8.580705590510718e-12, -1.842473281534929e-12, 0.9923548994409391, -0.12341699054654363, 2.3344409738612626e-11, -3.421657093926403e-11, 0.1234169905465436, 0.9923548994409392, 1.5923969087783263e-10, 0.0, 0.0, 0.0, 1.0], "right_foot_pose": [0.9999999999999999, -9.311462834865874e-14, 3.4946552596171117e-11, -6.032865179639302e-12, 7.08230094083734e-14, 0.999999800257108, 0.0006320488477913256, -0.24000000002533725, -3.4946568777381595e-11, -0.0006320488477913639, 0.999999800257108, 1.2333327414904005e-10, 0.0, 0.0, 0.0, 1.0]}, {"left_foot_pose": [0.9999999999999998, 7.531987977730158e-12, 4.034888167938483e-11, 1.1084477086198419e-11, -2.2945424348962812e-12, 0.9917407402818891, -0.12825873874762678, 2.8496774384656476e-11, -4.098168123948497e-11, 0.12825873874762675, 0.9917407402818893, 1.9257470618150307e-10, 0.0, 0.0, 0.0, 1.0], "right_foot_pose": [0.9999999999999998, 2.1522399942669974e-13, 4.206290177277711e-11, -7.624446213272407e-12, -2.866806664281112e-14, 0.9999901454148381, -0.004439490197363097, -0.24000000002935326, -4.2063462754297195e-11, 0.004439490197363082, 0.9999901454148383, 1.4779821810861904e-10, 0.0, 0.0, 0.0, 1.0]}, {"left_foot_pose": [0.9999999999999999, 9.386914520540231e-12, 4.825389870663499e-11, 1.4372347062474589e-11, -2.8584856406325315e-12, 0.9910424314645132, -0.13354736626720634, 3.470305640074223e-11, -4.907525585507988e-11, 0.1335473662672063, 0.9910424314645134, 2.332873616506248e-10, 0.0, 0.0, 0.0, 1.0], "right_foot_pose": [0.9999999999999999, 6.883656945185644e-13, 5.0626572378754114e-11, -9.64902810429713e-12, -1.8217668874251448e-13, 0.9999499902204187, -0.010000852872938656, -0.24000000003387886, -5.0630870251648933e-11, 0.010000852872938639, 0.9999499902204189, 1.7696669130096154e-10, 0.0, 0.0, 0.0, 1.0]}, {"left_foot_pose": [0.9999999999999999, 1.1736707782409768e-11, 5.7797556671235206e-11, 1.8739402390943738e-11, -3.5695391115103225e-12, 0.9902467731213151, -0.13932454314593848, 4.22308733122323e-11, -5.886905533318548e-11, 0.13932454314593845, 0.9902467731213151, 2.836911122683361e-10, 0.0, 0.0, 0.0, 1.0], "right_foot_pose": [1.0, 1.3954499800560287e-12, 6.105070615714081e-11, -1.2244448510667638e-11, -4.1247091692831775e-13, 0.9998703544319277, -0.01610199764541282, -0.2400000000389948, -6.106522023802836e-11, 0.016101997645412796, 0.9998703544319278, 2.121414016675871e-10, 0.0, 0.0, 0.0, 1.0]}, {"left_foot_pose": [1.0, 1.4704414536658484e-11, 6.924979339961723e-11, 2.454149036767994e-11, -4.462172166835517e-12, 0.9893380631662207, -0.14563720942984582, 5.1259036945583425e-11, -7.065293638070407e-11, 0.14563720942984576, 0.9893380631662209, 3.4599553777603376e-10, 0.0, 0.0, 0.0, 1.0], "right_foot_pose": [1.0000000000000002, 2.4301942218620764e-12, 7.367383092482719e-11, -1.555421763610454e-11, -7.500120301061259e-13, 0.9997400491201958, -0.02279987248100494, -0.24000000004465794, -7.371002194611529e-11, 0.022799872481004926, 0.999740049120196, 2.543079358208189e-10, 0.0, 0.0, 0.0, 1.0]}, {"left_foot_pose": [1.0, 1.844267707294172e-11, 8.291891305522991e-11, 3.2253925225100843e-11, -5.5789430057880555e-12, 0.9882986233337178, -0.1525314102625426, 6.194621378352583e-11, -8.476174356560962e-11, 0.15253141026254252, 0.9882986233337179, 4.2299025393433e-10, 0.0, 0.0, 0.0, 1.0], "right_foot_pose": [1.0000000000000002, 3.917899456356716e-12, 8.889153996216902e-11, -1.975071495241565e-11, -1.2359782698993499e-12, 0.9995453202319771, -0.030152160823995855, -0.24000000005077152, -8.896924595259287e-11, 0.030152160823995838, 0.9995453202319771, 3.04604105827444e-10, 0.0, 0.0, 0.0, 1.0]}, {"left_foot_pose": [1.0000000000000004, 2.319823773505489e-11, 9.940867920499308e-11, 4.262493830120562e-11, -6.987775085715412e-12, 0.9871073671551843, -0.16005950677158376, 7.459680269328306e-11, -1.0184015044895166e-10, 0.16005950677158368, 0.9871073671551842, 5.195500557553245e-10, 0.0, 0.0, 0.0, 1.0], "right_foot_pose": [1.0, 6.039535065442166e-12, 1.0744169443022624e-10, -2.5101660333648468e-11, -1.928380549560763e-12, 0.9992691483670886, -0.03822524194450505, -0.24000000005730382, -1.0759404883174781e-10, 0.038225241944504995, 0.9992691483670882, 3.652857183400471e-10, 0.0, 0.0, 0.0, 1.0]}, {"left_foot_pose": [1.0, 2.9223224385201135e-11, 1.1915893965985802e-10, 5.6580139878859015e-11, -8.754442784418516e-12, 0.985739369063668, -0.1682792211711358, 8.922692446011737e-11, -1.2237735716862083e-10, 0.16827922117113578, 0.985739369063668, 6.406619401655433e-10, 0.0, 0.0, 0.0, 1.0], "right_foot_pose": [1.0, 9.030507537328885e-12, 1.2991847875288448e-10, -3.186898661633464e-11, -2.902416949212433e-12, 0.9988904799918478, -0.047093619330627126, -0.2400000000639647, -1.3019959005063207e-10, 0.047093619330627084, 0.9988904799918475, 4.3803621840865503e-10, 0.0, 0.0, 0.0, 1.0]}, {"left_foot_pose": [1.0000000000000002, 3.6834244170962734e-11, 1.4269475878680993e-10, 7.539854504634569e-11, -1.0958815129219563e-11, 0.9841665614628684, -0.17724609811884806, 1.0564272547031184e-10, -1.46964200463279e-10, 0.17724609811884803, 0.9841665614628683, 7.93054566461393e-10, 0.0, 0.0, 0.0, 1.0], "right_foot_pose": [1.0, 1.3203069160821191e-11, 1.5704565425879106e-10, -4.035832779081261e-11, -4.2566835680576945e-12, 0.9983837438873169, -0.05683220866327833, -0.2400000000703229, -1.5754215655853906e-10, 0.05683220866327831, 0.9983837438873169, 5.249242152061129e-10, 0.0, 0.0, 0.0, 1.0]}, {"left_foot_pose": [1.0, 4.6527072621326904e-11, 1.7099070076520562e-10, 1.0108208714498801e-10, -1.372686753106642e-11, 0.9823556024628253, -0.1870226465161407, 1.2351418152145577e-10, -1.7667536221883063e-10, 0.18702264651614067, 0.9823556024628256, 9.879980306104486e-10, 0.0, 0.0, 0.0, 1.0], "right_foot_pose": [1.0, 1.9014308709518057e-11, 1.900966467571914e-10, -5.1022550767720887e-11, -6.1345288170238635e-12, 0.9977174710765029, -0.06752664591632888, -0.24000000007589445, -1.9094674264427823e-10, 0.06752664591632886, 0.9977174710765029, 6.298038757179825e-10, 0.0, 0.0, 0.0, 1.0]}, {"left_foot_pose": [1.0000000000000002, 5.880086601631863e-11, 2.047315858511034e-10, 1.3623000644225058e-10, -1.7170055369625935e-11, 0.9802675548151502, -0.19767529177094698, 1.4141903273423573e-10, -2.1231521277737203e-10, 0.19767529177094686, 0.9802675548151499, 1.2384974573675933e-09, 0.0, 0.0, 0.0, 1.0], "right_foot_pose": [1.0000000000000002, 2.7032261187023687e-11, 2.3009431859846088e-10, -6.424312123942677e-11, -8.707653170934444e-12, 0.9968531356672372, -0.07927058666616593, -0.2400000000796846, -2.3151311081475187e-10, 0.07927058666616588, 0.9968531356672372, 7.556411746323377e-10, 0.0, 0.0, 0.0, 1.0]}, {"left_foot_pose": [0.9999999999999999, 7.420359866545484e-11, 2.4448407187627197e-10, 1.8440203530811772e-10, -2.1398770668537064e-11, 0.9778591308126102, -0.209264235564534, 1.5636304577515414e-10, -2.545991926574485e-10, 0.209264235564534, 0.9778591308126099, 1.5618011606211013e-09, 0.0, 0.0, 0.0, 1.0], "right_foot_pose": [0.9999999999999997, 3.7967623774670486e-11, 2.780022184678845e-10, -8.031980636147296e-11, -1.218696637167544e-11, 0.9957446741375683, -0.09215499946649237, -0.24000000008024563, -2.8031818448285056e-10, 0.09215499946649235, 0.9957446741375686, 9.052675553622436e-10, 0.0, 0.0, 0.0, 1.0]}, {"left_foot_pose": [1.0000000000000002, 9.327057913628378e-11, 2.905372747941115e-10, 2.5044184087663623e-10, -2.6494763453425935e-11, 0.9750838977549338, -0.22183640895724946, 1.626146248906446e-10, -3.039890383569273e-10, 0.22183640895724943, 0.9750838977549335, 1.981034683518068e-09, 0.0, 0.0, 0.0, 1.0], "right_foot_pose": [1.0000000000000004, 5.2652634416968585e-11, 3.3453849412894157e-10, -9.933621633595457e-11, -1.6806561923728914e-11, 0.9943383414844732, -0.10626035316103907, -0.24000000007560698, -3.3823934747523644e-10, 0.106260353161039, 0.9943383414844731, 1.0809189654459317e-09, 0.0, 0.0, 0.0, 1.0]}, {"left_foot_pose": [1.0000000000000002, 1.1667777361630858e-10, 3.4341597621168063e-10, 3.416917616905213e-10, -3.254887979454429e-11, 0.9718921627295983, -0.23542647265077601, 1.5010128209813622e-10, -3.612323830211931e-10, 0.2354264726507759, 0.9718921627295982, 2.5334451619896114e-09, 0.0, 0.0, 0.0, 1.0], "right_foot_pose": [1.0, 7.214028732715166e-11, 4.007634363257257e-10, -1.2121846235113587e-10, -2.284881544092585e-11, 0.9925721537975218, -0.12165738574270786, -0.240000000063406, -4.065630788779975e-10, 0.1216573857427078, 0.9925721537975221, 1.2863347192970664e-09, 0.0, 0.0, 0.0, 1.0]}, {"left_foot_pose": [1.0000000000000002, 1.404738345390642e-10, 3.9081524128015133e-10, 4.5431919337701743e-10, -3.830806153418511e-11, 0.9682450609151684, -0.250003004008721, 9.690059865619105e-11, -4.135238374311381e-10, 0.2500030040087209, 0.968245060915168, 3.1743938727624155e-09, 0.0, 0.0, 0.0, 1.0], "right_foot_pose": [0.9999999999999999, 9.451499884502901e-11, 4.6253786911706065e-10, -1.4088639282983095e-10, -2.9616807785636935e-11, 0.9903841481487046, -0.13834463883998754, -0.24000000003966004, -4.711658501723293e-10, 0.13834463883998746, 0.9903841481487043, 1.477410443984084e-09, 0.0, 0.0, 0.0, 1.0]}, {"left_foot_pose": [1.0, 1.4864362017732644e-10, 3.922537017420069e-10, 5.377404389828033e-10, -3.940974197242882e-11, 0.9642660066290207, -0.2649359704904628, -1.4626822322783006e-11, -4.176180053488975e-10, 0.26493597049046286, 0.9642660066290208, 3.5744754656175104e-09, 0.0, 0.0, 0.0, 1.0], "right_foot_pose": [0.9999999999999997, 1.0792560151890051e-10, 4.706279116418489e-10, -1.4236076900653316e-10, -3.336961418054278e-11, 0.9878162811663231, -0.15562453104423288, -0.24000000000588426, -4.816898108351462e-10, 0.1556245310442329, 0.987816281166323, 1.5000561487399366e-09, 0.0, 0.0, 0.0, 1.0]}, {"left_foot_pose": [1.0000000000000002, 1.3731696918066317e-10, 3.460787212361538e-10, 5.61164278239934e-10, -3.520109783284393e-11, 0.960210392515412, -0.2792776434041946, -1.530562985380124e-10, -3.70657874846997e-10, 0.27927764340419464, 0.9602103925154118, 3.5940214138108217e-09, 0.0, 0.0, 0.0, 1.0], "right_foot_pose": [0.9999999999999999, 1.0646618920187503e-10, 4.2027345492642986e-10, -1.243841835085746e-10, -3.241938227969055e-11, 0.9850278920135144, -0.17239504620323112, -0.23999999997629107, -4.323353695468581e-10, 0.17239504620323115, 0.9850278920135144, 1.3412512073207594e-09, 0.0, 0.0, 0.0, 1.0]}, {"left_foot_pose": [1.0000000000000002, 1.301577987946895e-10, 3.1200511618756366e-10, 8.641447279966741e-11, -3.319426464949902e-11, 0.9562571697896336, -0.29252730680386385, -1.886575739379337e-10, -3.3643191893318213e-10, 0.2925273068038639, 0.9562571697896338, 0.00035291304271777013, 0.0, 0.0, 0.0, 1.0], "right_foot_pose": [0.9999999999999999, 9.2521795580163e-11, 3.3603901605790534e-10, -9.949775725548449e-11, -2.78203348158262e-11, 0.9822357025821246, -0.1876513377863366, -0.24000000000848687, -3.474314497507854e-10, 0.18765133778633655, 0.9822357025821246, 1.0565869984491272e-09, 0.0, 0.0, 0.0, 1.0]}, {"left_foot_pose": [1.0, 1.2790437651743977e-10, 2.9141947188726647e-10, -7.255317180376863e-11, -3.284939387877801e-11, 0.9522776455311461, -0.3052331663198793, -5.068092577553696e-10, -3.1655298214857103e-10, 0.3052331663198791, 0.9522776455311461, 0.0017996138784522053, 0.0, 0.0, 0.0, 1.0], "right_foot_pose": [0.9999999999999999, 7.745149325382901e-11, 2.6260947583184904e-10, -7.58644674858644e-11, -2.3053735466153535e-11, 0.9795671548514772, -0.20111735165366484, -0.24000000004556374, -2.728205260906898e-10, 0.2011173516536649, 0.9795671548514768, 8.073574864209121e-10, 0.0, 0.0, 0.0, 1.0]}, {"left_foot_pose": [1.0000000000000002, 1.2422282207392663e-10, 2.702732204706848e-10, 1.157738419022003e-10, -3.200744860003097e-11, 0.9482839941055807, -0.31742316633032547, -1.0829417692453935e-09, -2.957270062501241e-10, 0.31742316633032536, 0.9482839941055807, 0.004159266989258156, 0.0, 0.0, 0.0, 1.0], "right_foot_pose": [1.0000000000000002, 6.266165535832915e-11, 2.007524563252758e-10, -5.301610192520734e-11, -1.8488031310617183e-11, 0.9770769583534207, -0.21288639565465367, -0.24000000006812183, -2.094905089860022e-10, 0.21288639565465364, 0.9770769583534208, 6.041307593074308e-10, 0.0, 0.0, 0.0, 1.0]}, {"left_foot_pose": [1.0, 1.1819565203836837e-10, 2.4703562806482893e-10, 4.2537816671850415e-10, -3.032678518365335e-11, 0.9443130345465254, -0.3290484657091337, -1.6615501041011838e-09, -2.72171142867996e-10, 0.3290484657091337, 0.9443130345465255, 0.007210786473888911, 0.0, 0.0, 0.0, 1.0], "right_foot_pose": [1.0000000000000002, 4.88485887086038e-11, 1.4935992720403457e-10, -3.258621497637115e-11, -1.4303039266497188e-11, 0.9748065026279622, -0.22305219665863488, -0.2400000000777202, -1.5649281120619604e-10, 0.22305219665863485, 0.9748065026279623, 4.4101675089613934e-10, 0.0, 0.0, 0.0, 1.0]}, {"left_foot_pose": [1.0000000000000002, 1.0910176357186137e-10, 2.202956844721271e-10, 6.943005302628702e-10, -2.769618667748093e-11, 0.9404180233832298, -0.340020501287762, -2.03748485444466e-09, -2.44266845578774e-10, 0.34002050128776207, 0.9404180233832297, 0.010733086717058707, 0.0, 0.0, 0.0, 1.0], "right_foot_pose": [1.0, 3.650114219783268e-11, 1.0740394684741314e-10, -1.5953825066583605e-11, -1.0621906526533778e-11, 0.9727858177200707, -0.23170617782591654, -0.24000000007693006, -1.1293862946045673e-10, 0.23170617782591654, 0.9727858177200708, 3.117689995058015e-10, 0.0, 0.0, 0.0, 1.0]}, {"left_foot_pose": [1.0000000000000002, 9.646066853430687e-11, 1.8904149079457255e-10, 8.458135129785216e-10, -2.414711701230626e-11, 0.936670370681074, -0.3502122452002244, -2.1332392276252055e-09, -2.1085133986406212e-10, 0.35021224520022437, 0.9366703706810738, 0.014505082526032193, 0.0, 0.0, 0.0, 1.0], "right_foot_pose": [1.0000000000000002, 2.59132891019462e-11, 7.387994382936748e-11, -3.75266137608854e-12, -7.510352185162543e-12, 0.9710351745747153, -0.23893658099724668, -0.24000000006860295, -7.793174618356125e-11, 0.23893658099724663, 0.9710351745747152, 2.1095754310085368e-10, 0.0, 0.0, 0.0, 1.0]}, {"left_foot_pose": [1.0, 8.00210035603903e-11, 1.5274187470382117e-10, 8.629542601334972e-10, -1.976831014242665e-11, 0.9331617646868308, -0.3594567024365548, -1.9644342021118977e-09, -1.7129703676724188e-10, 0.35945670243655475, 0.9331617646868309, 0.01830568895779308, 0.0, 0.0, 0.0, 1.0], "right_foot_pose": [0.9999999999999999, 1.7147315382328758e-11, 4.762082395083606e-11, 4.076423226750947e-12, -4.96689931384804e-12, 0.9695673576906249, -0.24482471056007035, -0.24000000005537578, -5.0369805535296175e-11, 0.24482471056007035, 0.9695673576906247, 1.335317273420955e-10, 0.0, 0.0, 0.0, 1.0]}, {"left_foot_pose": [1.0000000000000002, 6.017154919676739e-11, 1.1210499195613011e-10, 7.608050682506029e-10, -1.4757475175685607e-11, 0.930009765670557, -0.3675348089057658, -1.5924619938684215e-09, -1.263739385338044e-10, 0.3675348089057657, 0.9300097656705568, 0.02191382115046718, 0.0, 0.0, 0.0, 1.0], "right_foot_pose": [1.0000000000000002, 1.0170267462942305e-11, 2.7610067010472047e-11, 7.980900662563073e-12, -2.9622722051774464e-12, 0.9683934008686207, -0.24942778745382224, -0.24000000003960906, -2.927422532230223e-11, 0.24942778745382216, 0.9683934008686206, 7.549352809554932e-11, 0.0, 0.0, 0.0, 1.0]}, {"left_foot_pose": [0.9999999999999999, 3.871007828434191e-11, 7.037196519954492e-11, 5.69603354066972e-10, -9.565111932536839e-12, 0.9273513072132895, -0.3741918665735602, -1.1001948865829725e-09, -7.974457470595426e-11, 0.37419186657356035, 0.9273513072132897, 0.025108394239308343, 0.0, 0.0, 0.0, 1.0], "right_foot_pose": [1.0, 5.044973964871851e-12, 1.338090749314747e-11, 8.486048669320567e-12, -1.4987322627568348e-12, 0.9675202884934088, -0.25279337679937935, -0.2400000000237013, -1.4221681767056702e-11, 0.25279337679937935, 0.9675202884934089, 3.4803923631976375e-11, 0.0, 0.0, 0.0, 1.0]}, {"left_foot_pose": [1.0, 1.8571577680959734e-11, 3.264043202388933e-11, 3.35000843038058e-10, -4.809374233257701e-12, 0.9253359087001418, -0.37914832990544045, -5.869633182276068e-10, -3.724470462768403e-11, 0.3791483299054406, 0.925335908700142, 0.027668323344407122, 0.0, 0.0, 0.0, 1.0], "right_foot_pose": [1.0, 1.7227564929647134e-12, 4.3896136725521185e-12, 6.470171620698295e-12, -5.469373038738619e-13, 0.966950696526474, -0.2549634297050629, -0.2400000000099692, -4.68378005973808e-12, 0.2549634297050631, 0.966950696526474, 9.5313201775582e-12, 0.0, 0.0, 0.0, 1.0]}, {"left_foot_pose": [1.0000000000000002, 4.052828528829496e-12, 6.309310712770966e-12, 1.1850954939607306e-10, -1.3344182123640171e-12, 0.9241222882298173, -0.3820968416473618, -1.7108467767479318e-10, -7.379169567545543e-12, 0.3820968416473617, 0.9241222882298171, 0.029372523576824974, 0.0, 0.0, 0.0, 1.0], "right_foot_pose": [1.0000000000000002, 1.6656045124084522e-13, 2.908784324519232e-13, 3.1038227543689345e-12, -8.675017983753874e-14, 0.9666879602801741, -0.25595778450627077, -0.24000000000086716, -3.238912197024117e-13, 0.25595778450627077, 0.966687960280174, -1.2906203883389367e-12, 0.0, 0.0, 0.0, 1.0]}, {"left_foot_pose": [1.0000000000000002, 4.621697865329791e-13, 6.767720064915217e-13, 1.9228126035830684e-12, -1.6792274859806927e-13, 0.9238604032526464, -0.3827296112164042, 2.037342516914009e-12, -8.021256885380384e-13, 0.3827296112164041, 0.9238604032526463, 0.029999910064420793, 0.0, 0.0, 0.0, 1.0], "right_foot_pose": [1.0, 3.7244289549593657e-13, 9.689193891662852e-13, -7.422534809009562e-14, -1.1247128338493798e-13, 0.9667328537682575, -0.2557881729968828, -0.23999999999923255, -1.0320344251509774e-12, 0.25578817299688267, 0.9667328537682573, 2.51909604287448e-12, 0.0, 0.0, 0.0, 1.0]}, {"left_foot_pose": [1.0, 3.157695052130356e-12, 5.502337301066529e-12, 9.477443135841312e-12, -8.190189509880928e-13, 0.9243325723983861, -0.38158786092246794, 5.105957323614518e-12, -6.290925000993932e-12, 0.381587860922468, 0.9243325723983863, 0.03000000003640034, 0.0, 0.0, 0.0, 1.0], "right_foot_pose": [1.0000000000000002, 2.398829743851692e-12, 6.40469621782293e-12, -1.1343391503881861e-12, -6.90358865415478e-13, 0.9670839863904619, -0.25445738988509425, -0.23999999999685828, -6.804290139671045e-12, 0.25445738988509425, 0.9670839863904621, 1.9103454929059183e-11, 0.0, 0.0, 0.0, 1.0]}, {"left_foot_pose": [0.9999999999999999, 8.246665169158724e-12, 1.483437222886408e-11, 2.4815590554672085e-11, -2.0012918180458975e-12, 0.9252210529138595, -0.3794285219181226, 9.320239025001342e-12, -1.6854060408291965e-11, 0.3794285219181227, 0.9252210529138597, 0.030000000102071822, 0.0, 0.0, 0.0, 1.0], "right_foot_pose": [0.9999999999999999, 6.22868785524837e-12, 1.6869450281125575e-11, -3.306098450561734e-12, -1.7778049801052024e-12, 0.9677417285972535, -0.2519443326046481, -0.23999999999279792, -1.7894600361918755e-11, 0.25194433260464805, 0.9677417285972536, 5.168498962149215e-11, 0.0, 0.0, 0.0, 1.0]}, {"left_foot_pose": [0.9999999999999998, 1.5847379233965162e-11, 2.9076414019557628e-11, 4.7276293990705653e-11, -3.743766068421412e-12, 0.9265293928695766, -0.3762223865597794, 1.5543590720090705e-11, -3.290226342304511e-11, 0.3762223865597794, 0.9265293928695764, 0.030000000200756813, 0.0, 0.0, 0.0, 1.0], "right_foot_pose": [1.0, 1.1855118284745805e-11, 3.263958547884246e-11, -6.791626289137653e-12, -3.382443411874188e-12, 0.9687033277997222, -0.24822139857342246, -0.23999999998729332, -3.456082041892839e-11, 0.2482213985734224, 0.9687033277997221, 1.0107310821627635e-10, 0.0, 0.0, 0.0, 1.0]}, {"left_foot_pose": [1.0000000000000002, 2.6193173083175885e-11, 4.889957796322397e-11, 7.692526823865897e-11, -6.126862158506955e-12, 0.9282609753338693, -0.3719295116984083, 2.5389003399656218e-11, -5.513357791997085e-11, 0.37192951169840827, 0.928260975333869, 0.030000000333677626, 0.0, 0.0, 0.0, 1.0], "right_foot_pose": [1.0000000000000002, 1.9333540228610944e-11, 5.433535565925608e-11, -1.1891300444322184e-11, -5.535886108602758e-12, 0.9699630719003753, -0.24325221304150454, -0.2399999999805546, -5.740627512880476e-11, 0.24325221304150446, 0.969963071900375, 1.6906956390450034e-10, 0.0, 0.0, 0.0, 1.0]}, {"left_foot_pose": [1.0, 3.9599091127267084e-11, 7.525852337153527e-11, 1.1383840745060603e-10, -9.262708005720476e-12, 0.9304238359198858, -0.366485314238002, 4.100254163974526e-11, -8.453482573956249e-11, 0.366485314238002, 0.9304238359198861, 0.030000000502689084, 0.0, 0.0, 0.0, 1.0], "right_foot_pose": [0.9999999999999999, 2.872170226536073e-11, 8.282549646134787e-11, -1.9015799351818075e-11, -8.276132479129551e-12, 0.971515482005067, -0.23697609209467527, -0.2399999999729436, -8.727269149256239e-11, 0.23697609209467535, 0.971515482005067, 2.5822140259368354e-10, 0.0, 0.0, 0.0, 1.0]}, {"left_foot_pose": [0.9999999999999997, 5.876184589527346e-11, 1.1398139723728384e-10, 1.2352238329405019e-10, -1.3815107844941974e-11, 0.9330272929873349, -0.3598056010413508, 5.407113472244429e-11, -1.2749058889658527e-10, 0.35980560104135084, 0.9330272929873348, 0.02999275439126857, 0.0, 0.0, 0.0, 1.0], "right_foot_pose": [0.9999999999999999, 3.9900267141939655e-11, 1.1882038408742412e-10, -2.944030783047502e-11, -1.1588597834638307e-11, 0.9733499170049154, -0.22932496389736187, -0.2399999999690754, -1.2480393803390343e-10, 0.22932496389736182, 0.9733499170049156, 3.6941338876772534e-10, 0.0, 0.0, 0.0, 1.0]}, {"left_foot_pose": [1.0, 1.051454243406051e-10, 2.1067544236919034e-10, -3.848417418073069e-11, -2.4520984750833644e-11, 0.9363942914091967, -0.35094975568629544, -2.0634296875321478e-10, -2.3417601642251857e-10, 0.3509497556862955, 0.9363942914091967, 0.0292545956065393, 0.0, 0.0, 0.0, 1.0], "right_foot_pose": [1.0, 5.274433847782266e-11, 1.6352741383234026e-10, -4.67730854047943e-11, -1.5436733329765766e-11, 0.9754490149192843, -0.22022538294438393, -0.2400000000036281, -1.7112833525703225e-10, 0.22022538294438387, 0.9754490149192838, 4.997219166247291e-10, 0.0, 0.0, 0.0, 1.0]}, {"left_foot_pose": [1.0, 1.548114897893072e-10, 3.2061839641550627e-10, -5.505397873695195e-11, -3.677289523240103e-11, 0.9406121811287352, -0.33948302566143945, -6.70754079015734e-10, -3.541334203780083e-10, 0.3394830256614395, 0.9406121811287352, 0.027460431116071327, 0.0, 0.0, 0.0, 1.0], "right_foot_pose": [1.0000000000000002, 6.72117463573966e-11, 2.1872016697793487e-10, -6.2528975053322e-11, -1.9880576627041504e-11, 0.9777921850824275, -0.20957681835483086, -0.24000000004527236, -2.2794891096530225e-10, 0.20957681835483075, 0.9777921850824278, 6.664759993890712e-10, 0.0, 0.0, 0.0, 1.0]}, {"left_foot_pose": [0.9999999999999999, 2.0202153072454371e-10, 4.350263274610633e-10, -9.553111773863421e-12, -4.9347896936251514e-11, 0.9454937337719106, -0.3256402914229954, -1.1928833702073982e-09, -4.771009328000912e-10, 0.3256402914229954, 0.9454937337719109, 0.024831345777322017, 0.0, 0.0, 0.0, 1.0], "right_foot_pose": [0.9999999999999999, 8.279554822850334e-11, 2.8575680710580713e-10, -7.839276450205546e-11, -2.479805967171307e-11, 0.9803495535567512, -0.19726822562460572, -0.24000000009343397, -2.9647451783897275e-10, 0.19726822562460578, 0.9803495535567514, 8.74464681221987e-10, 0.0, 0.0, 0.0, 1.0]}, {"left_foot_pose": [0.9999999999999999, 2.4347939491392045e-10, 5.492961276803987e-10, 3.729481307113147e-11, -6.142857163507339e-11, 0.9508535657914821, -0.30964091528999466, -1.6636307349077173e-09, -5.976913419221884e-10, 0.30964091528999454, 0.9508535657914823, 0.021588424496876923, 0.0, 0.0, 0.0, 1.0], "right_foot_pose": [1.0, 9.904121392002637e-11, 3.6736136355138924e-10, -9.58759079072724e-11, -3.0074078132765055e-11, 0.9830802456933164, -0.18317540917811617, -0.24000000014817993, -3.7928763335255096e-10, 0.18317540917811614, 0.9830802456933166, 1.1334775201765623e-09, 0.0, 0.0, 0.0, 1.0]}, {"left_foot_pose": [0.9999999999999999, 2.774616883999702e-10, 6.615892087641351e-10, 4.540948866926797e-11, -7.244194217272892e-11, 0.9565232550175335, -0.29165606904479924, -2.0036824074920467e-09, -7.13748831889636e-10, 0.2916560690447993, 0.9565232550175335, 0.01795275220653407, 0.0, 0.0, 0.0, 1.0], "right_foot_pose": [1.0000000000000002, 1.1496123857835843e-10, 4.66222324635537e-10, -1.1602154306733503e-10, -3.541721599533921e-11, 0.9859322326632637, -0.1671455431521706, -0.24000000021050358, -4.788788853810493e-10, 0.1671455431521706, 0.9859322326632636, 1.4542219234359166e-09, 0.0, 0.0, 0.0, 1.0]}, {"left_foot_pose": [1.0, 3.032676375409785e-10, 7.720876169306501e-10, -3.3025387979890297e-12, -8.198447083968767e-11, 0.9623495275514348, -0.2718149863814219, -2.159752817559868e-09, -8.25450820737984e-10, 0.2718149863814218, 0.9623495275514349, 0.014145413864760203, 0.0, 0.0, 0.0, 1.0], "right_foot_pose": [0.9999999999999