{
    "LoopMode": "Wrap",
    "FrameDuration": 0.0167,
    "EnableCycleOffsetPosition": true,
    "EnableCycleOffsetRotation": false,
    "Joints": [],
    "Frame_offset": [
        {
            "root_pos": 0,
            "root_quat": 3,
            "joints_pos": 7,
            "left_tos_pos": 23,
            "right_tos_pos": 26,
            "world_linear_vel": 29,
            "world_angular_vel": 32,
            "joints_vel": 35,
            "left_toe_vel": 51,
            "right_toe_vel": 54
        }
    ],
    "Frame_size": [
        {
            "root_pos": 3,
            "root_quat": 4,
            "joints_pos": 16,
            "left_tos_pos": 3,
            "right_tos_pos": 3,
            "world_linear_vel": 3,
            "world_angular_vel": 3,
            "joints_vel": 16,
            "left_toe_vel": 3,
            "right_toe_vel": 3
        }
    ],
    "Debug_info": [
        {
            "left_foot_pose": [
                0.9999999999999999,
                1.3772742760717951e-10,
                9.435785486289205e-13,
                5.303310444404463e-08,
                -1.3773064980182603e-10,
                0.9999790447657696,
                0.006473795589814883,
                -2.0871597508349653e-08,
                -5.19306819768417e-14,
                -0.006473795589814883,
                0.9999790447657698,
                7.513156763394591e-13,
                0.0,
                0.0,
                0.0,
                1.0
            ],
            "right_foot_pose": [
                0.9999999999999998,
                5.301319488807462e-09,
                -1.1664855192883294e-10,
                2.1363456735659646e-07,
                -5.3026026824651296e-09,
                0.9997578170047988,
                -0.02200698384148112,
                -0.200000123552311,
                -4.579669976578771e-14,
                0.02200698384148112,
                0.9997578170047987,
                3.8266612101267583e-13,
                0.0,
                0.0,
                0.0,
                1.0
            ]
        },
        {
            "left_foot_pose": [
                1.0,
                1.3772228751309998e-10,
                9.456047056488615e-13,
                5.3033008646369285e-08,
                -1.3772550049202803e-10,
                0.9999809573733931,
                0.006171295697998355,
                -2.0871569073629796e-08,
                -9.564571357145724e-14,
                -0.006171295697998355,
                0.9999809573733931,
                1.6723011864172577e-12,
                0.0,
                0.0,
                0.0,
                1.0
            ],
            "right_foot_pose": [
                1.0,
                5.3012895578343974e-09,
                -1.182166031732379e-10,
                2.136348122058762e-07,
                -5.302607484179711e-09,
                0.9997510952727862,
                -0.022310255508725927,
                -0.2000001235524411,
                -8.590350653037149e-14,
                0.02231025550872593,
                0.9997510952727862,
                1.0684092499602116e-12,
                0.0,
                0.0,
                0.0,
                1.0
            ]
        },
        {
            "left_foot_pose": [
                0.9999999999999999,
                1.377180924231865e-10,
                9.377498777496385e-13,
                5.303284339591707e-08,
                -1.377212046661802e-10,
                0.9999835918233644,
                0.005728532451057381,
                -2.0871504409210144e-08,
                -1.4885315202661786e-13,
                -0.005728532451057381,
                0.9999835918233645,
                2.851940905657102e-12,
                0.0,
                0.0,
                0.0,
                1.0
            ],
            "right_foot_pose": [
                0.9999999999999999,
                5.3012417813272546e-09,
                -1.205212041277548e-10,
                2.1363508756616634e-07,
                -5.302611598943796e-09,
                0.9997410896356916,
                -0.02275420167881379,
                -0.20000012355260693,
                -1.3550272015550036e-13,
                0.022754201678813788,
                0.9997410896356916,
                2.0003720901939914e-12,
                0.0,
                0.0,
                0.0,
                1.0
            ]
        },
        {
            "left_foot_pose": [
                1.0,
                1.377147971262085e-10,
                9.205969320191798e-13,
                5.303262870237635e-08,
                -1.3771771049941872e-10,
                0.9999867720874903,
                0.0051435056179433185,
                -2.087140180958647e-08,
                -2.122468867327143e-13,
                -0.005143505617943319,
                0.9999867720874903,
                4.240247042375245e-12,
                0.0,
                0.0,
                0.0,
                1.0
            ],
            "right_foot_pose": [
                0.9999999999999999,
                5.301175044075679e-09,
                -1.2357231904402965e-10,
                2.1363538044577578e-07,
                -5.302615101350494e-09,
                0.9997275643481157,
                -0.023340888641701744,
                -0.2000001235528087,
                -1.9548251906087444e-13,
                0.023340888641701744,
                0.9997275643481156,
                3.1285807278180755e-12,
                0.0,
                0.0,
                0.0,
                1.0
            ]
        },
        {
            "left_foot_pose": [
                1.0,
                1.377123968381239e-10,
                8.945622020917199e-13,
                5.3032383436069086e-08,
                -1.3771500389711533e-10,
                0.9999902584967173,
                0.0044139451365602265,
                -2.087125941849623e-08,
                -2.867150961094467e-13,
                -0.004413945136560226,
                0.9999902584967173,
                5.802636149354612e-12,
                0.0,
                0.0,
                0.0,
                1.0
            ],
            "right_foot_pose": [
                1.0,
                5.301087838279709e-09,
                -1.273817162861235e-10,
                2.136356771278991e-07,
                -5.302618061656106e-09,
                0.9997102111861246,
                -0.024072674346533207,
                -0.20000012355304653,
                -2.6650903706126883e-13,
                0.0240726743465332,
                0.9997102111861244,
                4.418174159859234e-12,
                0.0,
                0.0,
                0.0,
                1.0
            ]
        },
        {
            "left_foot_pose": [
                1.0,
                1.377108449111342e-10,
                8.609224444455776e-13,
                5.303212192026008e-08,
                -1.377130286975975e-10,
                0.9999937442476771,
                0.0035371550024499163,
                -2.087107268472976e-08,
                -3.7383984796690584e-13,
                -0.0035371550024499163,
                0.9999937442476771,
                7.54192541752019e-12,
                0.0,
                0.0,
                0.0,
                1.0
            ],
            "right_foot_pose": [
                1.0,
                5.30097832979453e-09,
                -1.3196257975245373e-10,
                2.1363596885912163e-07,
                -5.302620601291275e-09,
                0.9996886412338191,
                -0.024952366382376197,
                -0.20000012355332372,
                -3.5041414214731503e-13,
                0.024952366382376197,
                0.9996886412338192,
                5.868680541532001e-12,
                0.0,
                0.0,
                0.0,
                1.0
            ]
        },
        {
            "left_foot_pose": [
                1.0000000000000002,
                1.3771002240148484e-10,
                8.226197500960097e-13,
                5.303184956867435e-08,
                -1.3771165241135974e-10,
                0.999996855895375,
                0.002507628234903279,
                -2.087083259474519e-08,
                -4.773126338619704e-13,
                -0.0025076282349032787,
                0.999996855895375,
                9.516137877696451e-12,
                0.0,
                0.0,
                0.0,
                1.0
            ],
            "right_foot_pose": [
                1.0,
                5.300844065395886e-09,
                -1.373413882621577e-10,
                2.1363625637635386e-07,
                -5.302622961382564e-09,
                0.9996623168177478,
                -0.025985617840892764,
                -0.20000012355364852,
                -4.5066728127096667e-13,
                0.02598561784089276,
                0.9996623168177476,
                7.531503198876521e-12,
                0.0,
                0.0,
                0.0,
                1.0
            ]
        },
        {
            "left_foot_pose": [
                1.0,
                1.3770999373450177e-10,
                7.809586310969507e-13,
                5.303157814898207e-08,
                -1.3771090371554953e-10,
                0.9999991306821433,
                0.0013185730763551051,
                -2.0870530742424925e-08,
                -5.993538998438908e-13,
                -0.0013185730763551056,
                0.9999991306821433,
                1.1758496953895303e-11,
                0.0,
                0.0,
                0.0,
                1.0
            ],
            "right_foot_pose": [
                0.9999999999999999,
                5.3006817982235305e-09,
                -1.4355255872899875e-10,
                2.1363653077005606e-07,
                -5.30262525035019e-09,
                0.9996305718292494,
                -0.027179401471110528,
                -0.20000012355402552,
                -5.69794211813246e-13,
                0.027179401471110535,
                0.9996305718292494,
                9.436035286469746e-12,
                0.0,
                0.0,
                0.0,
                1.0
            ]
        },
        {
            "left_foot_pose": [
                0.9999999999999997,
                1.3771073437079349e-10,
                7.407408020299044e-13,
                5.303130707901005e-08,
                -1.377107053641502e-10,
                0.999999999238864,
                -3.9016304110981766e-05,
                -2.087015005661612e-08,
                -7.460976281237208e-13,
                3.901630411098175e-05,
                0.9999999992388637,
                1.4383369495440945e-11,
                0.0,
                0.0,
                0.0,
                1.0
            ],
            "right_foot_pose": [
                0.9999999999999999,
                5.3004876606572646e-09,
                -1.506390567840299e-10,
                2.136367972749298e-07,
                -5.3026277492193574e-09,
                0.9995925670335726,
                -0.02854294888817321,
                -0.20000012355446928,
                -7.139011604095913e-13,
                0.028542948888173214,
                0.9995925670335724,
                1.16856802012677e-11,
                0.0,
                0.0,
                0.0,
                1.0
            ]
        },
        {
            "left_foot_pose": [
                1.0,
                1.377124091065491e-10,
                7.044642647002775e-13,
                5.3031045122581276e-08,
                -1.377111273322476e-10,
                0.9999987571624784,
                -0.0015766018833070128,
                -2.0869675294144354e-08,
                -9.215406215901112e-13,
                0.001576601883307013,
                0.9999987571624785,
                1.7467916002544825e-11,
                0.0,
                0.0,
                0.0,
                1.0
            ],
            "right_foot_pose": [
                0.9999999999999999,
                5.300256605248084e-09,
                -1.5865861402453163e-10,
                2.136370497986262e-07,
                -5.3026306557485414e-09,
                0.9995472535476669,
                -0.030088003013094812,
                -0.20000012355498828,
                -8.872902412804251e-13,
                0.030088003013094812,
                0.9995472535476668,
                1.4350368116033962e-11,
                0.0,
                0.0,
                0.0,
                1.0
            ]
        },
        {
            "left_foot_pose": [
                0.9999999999999999,
                1.3771521961269007e-10,
                6.78318512470355e-13,
                5.303079357796281e-08,
                -1.37712223460644e-10,
                0.9999945319820476,
                -0.0033069632603830424,
                -2.086908096798814e-08,
                -1.1337319971715942e-12,
                0.0033069632603830424,
                0.9999945319820476,
                2.1159879404208937e-11,
                0.0,
                0.0,
                0.0,
                1.0
            ],
            "right_foot_pose": [
                0.9999999999999999,
                5.299982766679076e-09,
                -1.6767318089527805e-10,
                2.13637290739227e-07,
                -5.302634290861585e-09,
                0.9994933708946528,
                -0.031827685081447295,
                -0.20000012355560057,
                -1.0978995490518173e-12,
                0.031827685081447295,
                0.999493370894653,
                1.7563089871330817e-11,
                0.0,
                0.0,
                0.0,
                1.0
            ]
        },
        {
            "left_foot_pose": [
                1.0,
                1.3771952874711956e-10,
                6.682432385218817e-13,
                5.3030556745881084e-08,
                -1.3771412721123866e-10,
                0.9999862374747223,
                -0.005246414122825391,
                -2.086833792699699e-08,
                -1.3907763829479336e-12,
                0.00524641412282539,
                0.9999862374747224,
                2.5615315424332152e-11,
                0.0,
                0.0,
                0.0,
                1.0
            ],
            "right_foot_pose": [
                1.0,
                5.299658750149323e-09,
                -1.7776261018731532e-10,
                2.136375192023088e-07,
                -5.302639021452504e-09,
                0.9994293356622415,
                -0.03377873617722721,
                -0.20000012355632357,
                -1.3545831123451535e-12,
                0.0337787361772272,
                0.9994293356622415,
                2.1463927857290344e-11,
                0.0,
                0.0,
                0.0,
                1.0
            ]
        },
        {
            "left_foot_pose": [
                1.0,
                1.3772590484522826e-10,
                6.81010803305071e-13,
                5.303034286141539e-08,
                -1.377170736390626e-10,
                0.9999725285008195,
                -0.007412303533833584,
                -2.0867411997253955e-08,
                -1.7018331188722868e-12,
                0.007412303533833585,
                0.9999725285008195,
                3.1005906175884945e-11,
                0.0,
                0.0,
                0.0,
                1.0
            ],
            "right_foot_pose": [
                1.0,
                5.299275815146172e-09,
                -1.8901216702893464e-10,
                2.1363773111890416e-07,
                -5.302645283804253e-09,
                0.9993532652436594,
                -0.03595902177251412,
                -0.2000001235571754,
                -1.6668333380209788e-12,
                0.035959021772514116,
                0.9993532652436595,
                2.6205274061830153e-11,
                0.0,
                0.0,
                0.0,
                1.0
            ]
        },
        {
            "left_foot_pose": [
                1.0000000000000002,
                1.377351756140597e-10,
                7.287503933639528e-13,
                5.303015402635669e-08,
                -1.3772136642914434e-10,
                0.9999517258108773,
                -0.009825784846410602,
                -2.0866249959556986e-08,
                -2.0820289936551717e-12,
                0.009825784846410602,
                0.9999517258108774,
                3.7609956815565226e-11,
                0.0,
                0.0,
                0.0,
                1.0
            ],
            "right_foot_pose": [
                1.0,
                5.298823435150729e-09,
                -2.0152182700350352e-10,
                2.1363792986547892e-07,
                -5.302653732774942e-09,
                0.9992628192620386,
                -0.038390337853193464,
                -0.20000012355818692,
                -2.050359881877739e-12,
                0.03839033785319348,
                0.9992628192620385,
                3.203340370738772e-11,
                0.0,
                0.0,
                0.0,
                1.0
            ]
        },
        {
            "left_foot_pose": [
                1.0,
                1.3774852764512902e-10,
                8.201772594418344e-13,
                5.303000490813892e-08,
                -1.377274878346102e-10,
                0.9999217472928251,
                -0.012509967660365566,
                -2.0864802398952616e-08,
                -2.5432989048113086e-12,
                0.012509967660365568,
                0.9999217472928252,
                4.565525735245046e-11,
                0.0,
                0.0,
                0.0,
                1.0
            ],
            "right_foot_pose": [
                1.0,
                5.298288773100852e-09,
                -2.1540522143759233e-10,
                2.13638106797559e-07,
                -5.302665084805369e-09,
                0.9991551788261679,
                -0.04109657680207094,
                -0.20000012355937719,
                -2.518291131181627e-12,
                0.04109657680207093,
                0.999155178826168,
                3.9144715247019235e-11,
                0.0,
                0.0,
                0.0,
                1.0
            ]
        },
        {
            "left_foot_pose": [
                1.0,
                1.3776773781027166e-10,
                9.74664793318425e-13,
                5.302990296329746e-08,
                -1.3773610854292406e-10,
                0.9998800073003339,
                -0.015490997420579626,
                -2.086298300568376e-08,
                -3.1086799801016696e-12,
                0.015490997420579626,
                0.9998800073003338,
                5.556910487314326e-11,
                0.0,
                0.0,
                0.0,
                1.0
            ],
            "right_foot_pose": [
                1.0,
                5.297656963717395e-09,
                -2.3078217115113375e-10,
                2.136382636713785e-07,
                -5.302680468333154e-09,
                0.9990269078817282,
                -0.044104844725644896,
                -0.20000012356078886,
                -3.094746681142624e-12,
                0.0441048447256449,
                0.999026907881728,
                4.7910689304764276e-11,
                0.0,
                0.0,
                0.0,
                1.0
            ]
        },
        {
            "left_foot_pose": [
                1.0,
                1.3779519788658517e-10,
                1.2072565169773952e-12,
                5.302986907373963e-08,
                -1.3774815186065603e-10,
                0.9998232843095901,
                -0.018798940193124315,
                -2.086070942006711e-08,
                -3.797434589003501e-12,
                0.018798940193124312,
                0.9998232843095902,
                6.772254979026116e-11,
                0.0,
                0.0,
                0.0,
                1.0
            ],
            "right_foot_pose": [
                1.0,
                5.29690954791627e-09,
                -2.477974492265389e-10,
                2.136383902645589e-07,
                -5.302701187870351e-09,
                0.998873785701483,
                -0.04744639331274553,
                -0.20000012356244742,
                -3.80093179153107e-12,
                0.047446393312745534,
                0.998873785701483,
                5.864277119460581e-11,
                0.0,
                0.0,
                0.0,
                1.0
            ]
        },
        {
            "left_foot_pose": [
                1.0,
                1.3783440941340583e-10,
                1.544070427073052e-12,
                5.3029925094899565e-08,
                -1.3776493314188176e-10,
                0.9997476144770754,
                -0.022465692675657917,
                -2.085785604562934e-08,
                -4.640260398147689e-12,
                0.02246569267565792,
                0.9997476144770754,
                8.269965268148383e-11,
                0.0,
                0.0,
                0.0,
                1.0
            ],
            "right_foot_pose": [
                1.0,
                5.296025435146297e-09,
                -2.6659471852319427e-10,
                2.1363848025438003e-07,
                -5.3027291429391665e-09,
                0.9986907486937656,
                -0.051154554767742784,
                -0.20000012356439772,
                -4.67009764193449e-12,
                0.051154554767742784,
                0.9986907486937657,
                7.183237338281856e-11,
                0.0,
                0.0,
                0.0,
                1.0
            ]
        },
        {
            "left_foot_pose": [
                1.0,
                1.3789023780219276e-10,
                2.0150270341190435e-12,
                5.30301027833191e-08,
                -1.377882504274841e-10,
                0.999648042276082,
                -0.026529070349271777,
                -2.0854271868403496e-08,
                -5.672406988566081e-12,
                0.026529070349271777,
                0.9996480422760818,
                1.0118310356244109e-10,
                0.0,
                0.0,
                0.0,
                1.0
            ],
            "right_foot_pose": [
                1.0,
                5.2949788741964154e-09,
                -2.87346119121068e-10,
                2.1363852245950832e-07,
                -5.302766833276129e-09,
                0.9984715045686593,
                -0.055268929466723224,
                -0.20000012356668115,
                -5.7409632603366845e-12,
                0.055268929466723224,
                0.9984715045686594,
                8.804158790898242e-11,
                0.0,
                0.0,
                0.0,
                1.0
            ]
        },
        {
            "left_foot_pose": [
                1.0,
                1.3796921287737018e-10,
                2.6514623829854145e-12,
                5.303044794471856e-08,
                -1.3782050847788163e-10,
                0.999518500438417,
                -0.031028491444775638,
                -2.0849784774113617e-08,
                -6.9311778538860835e-12,
                0.031028491444775645,
                0.999518500438417,
                1.2392556425488976e-10,
                0.0,
                0.0,
                0.0,
                1.0
            ],
            "right_foot_pose": [
                1.0,
                5.2937396710119045e-09,
                -3.102304801938516e-10,
                2.1363849798464173e-07,
                -5.302817443833541e-09,
                0.9982085157177604,
                -0.05983108847869898,
                -0.2000001235693262,
                -7.0554950770684854e-12,
                0.05983108847869898,
                0.9982085157177603,
                1.0786962989506321e-10,
                0.0,
                0.0,
                0.0,
                1.0
            ]
        },
        {
            "left_foot_pose": [
                1.0,
                1.3808107662913877e-10,
                3.5078051574544133e-12,
                5.303101858616932e-08,
                -1.378652088324106e-10,
                0.9993514397348033,
                -0.03600971952092398,
                -2.0844126738441687e-08,
                -8.477774038340158e-12,
                0.03600971952092397,
                0.9993514397348033,
                1.5213821868975685e-10,
                0.0,
                0.0,
                0.0,
                1.0
            ],
            "right_foot_pose": [
                0.9999999999999998,
                5.292273042543927e-09,
                -3.3543773314548275e-10,
                2.136383893361349e-07,
                -5.302885726019002e-09,
                0.9978924583279505,
                -0.06488945686472875,
                -0.20000012357239116,
                -8.68197180814434e-12,
                0.06488945686472875,
                0.9978924583279505,
                1.3229055351171581e-10,
                0.0,
                0.0,
                0.0,
                1.0
            ]
        },
        {
            "left_foot_pose": [
                0.9999999999999999,
                1.3823803701133036e-10,
                4.626604654944799e-12,
                5.303189804448105e-08,
                -1.3792671345325136e-10,
                0.9991375879366411,
                -0.041522046820345965,
                -2.0837043345107997e-08,
                -1.036251640051944e-11,
                0.041522046820345965,
                0.999137587936641,
                1.8690439473889597e-10,
                0.0,
                0.0,
                0.0,
                1.0
            ],
            "right_foot_pose": [
                1.0000000000000002,
                5.290536409354243e-09,
                -3.6318936746937425e-10,
                2.1363816274933e-07,
                -5.302977272581e-09,
                0.9975120225032443,
                -0.07049655992661687,
                -0.20000012357587288,
                -1.0678846695810762e-11,
                0.07049655992661685,
                0.9975120225032444,
                1.6211071374172548e-10,
                0.0,
                0.0,
                0.0,
                1.0
            ]
        },
        {
            "left_foot_pose": [
                1.0,
                1.3845867768286224e-10,
                6.091543935937693e-12,
                5.303320016955548e-08,
                -1.3801152581871534e-10,
                0.9988655505810236,
                -0.04761944836376082,
                -2.0828108090228253e-08,
                -1.267796978510205e-11,
                0.047619448363760815,
                0.9988655505810236,
                2.301404483651126e-10,
                0.0,
                0.0,
                0.0,
                1.0
            ],
            "right_foot_pose": [
                0.9999999999999999,
                5.288483558192614e-09,
                -3.936894976686034e-10,
                2.136377831564451e-07,
                -5.303100677339634e-09,
                0.9970534231776588,
                -0.07671030784524713,
                -0.20000012357981384,
                -1.3151785216436451e-11,
                0.07671030784524711,
                0.9970534231776587,
                1.98806970885812e-10,
                0.0,
                0.0,
                0.0,
                1.0
            ]
        },
        {
            "left_foot_pose": [
                1.0,
                1.38766458285082e-10,
                7.973760540735952e-12,
                5.3035078443480765e-08,
                -1.381277800471814e-10,
                0.9985212339319194,
                -0.05436308846153841,
                -2.0816897675253465e-08,
                -1.5505707828822324e-11,
                0.05436308846153841,
                0.9985212339319195,
                2.836978568732107e-10,
                0.0,
                0.0,
                0.0,
                1.0
            ],
            "right_foot_pose": [
                0.9999999999999999,
                5.286057262483129e-09,
                -4.27193835861317e-10,
                2.1363719709954765e-07,
                -5.303266312206567e-09,
                0.9964996702680673,
                -0.08359669344916189,
                -0.2000001235841622,
                -1.619837597388596e-11,
                0.08359669344916192,
                0.9964996702680673,
                2.436907897696017e-10,
                0.0,
                0.0,
                0.0,
                1.0
            ]
        },
        {
            "left_foot_pose": [
                1.0,
                1.3919474882613525e-10,
                1.0380946102728217e-11,
                5.3037747514000924e-08,
                -1.3828683684269372e-10,
                0.9980875480227877,
                -0.06181623154042653,
                -2.0802814704352912e-08,
                -1.896555135161293e-11,
                0.06181623154042653,
                0.9980875480227875,
                3.502894085904984e-10,
                0.0,
                0.0,
                0.0,
                1.0
            ],
            "right_foot_pose": [
                1.0,
                5.28319602302596e-09,
                -4.6393114350173903e-10,
                2.136363395514873e-07,
                -5.303488842534065e-09,
                0.9958303282045539,
                -0.09122476323899426,
                -0.20000012358885466,
                -1.996158793815539e-11,
                0.09122476323899426,
                0.995830328204554,
                2.9869016981987073e-10,
                0.0,
                0.0,
                0.0,
                1.0
            ]
        },
        {
            "left_foot_pose": [
                1.0,
                1.3978917589446693e-10,
                1.344413469439587e-11,
                5.3041505029827184e-08,
                -1.3850397044545826e-10,
                0.9975433291123765,
                -0.07005217015479882,
                -2.0785120158003934e-08,
                -2.320360570351454e-11,
                0.07005217015479881,
                0.9975433291123765,
                4.333681330459527e-10,
                0.0,
                0.0,
                0.0,
                1.0
            ],
            "right_foot_pose": [
                1.0000000000000002,
                5.279829276040593e-09,
                -5.04158020886436e-10,
                2.1363512667307848e-07,
                -5.3037879296780055e-09,
                0.9950200562020781,
                -0.09967491036170223,
                -0.20000012359374728,
                -2.461916781548723e-11,
                0.09967491036170223,
                0.9950200562020781,
                3.661683456446241e-10,
                0.0,
                0.0,
                0.0,
                1.0
            ]
        },
        {
            "left_foot_pose": [
                1.0,
                1.406071175290291e-10,
                1.7284729203481675e-11,
                5.3046740539075546e-08,
                -1.387980372996589e-10,
                0.9968630799135574,
                -0.07914543515109781,
                -2.076306556460933e-08,
                -2.835895407393707e-11,
                0.07914543515109783,
                0.9968630799135574,
                5.366205674262048e-10,
                0.0,
                0.0,
                0.0,
                1.0
            ],
            "right_foot_pose": [
                1.0,
                5.275875523133924e-09,
                -5.481471943014071e-10,
                2.136334570718157e-07,
                -5.304187662008575e-09,
                0.9940384492035496,
                -0.10903009449231021,
                -0.20000012359851596,
                -3.03498060016949e-11,
                0.1090300944923102,
                0.9940384492035497,
                4.484078108824008e-10,
                0.0,
                0.0,
                0.0,
                1.0
            ]
        },
        {
            "left_foot_pose": [
                0.9999999999999999,
                1.4173011332260788e-10,
                2.2093410434465e-11,
                5.305401380925612e-08,
                -1.391952299950594e-10,
                0.9960158542190813,
                -0.08917633174914523,
                -2.0735594446347205e-08,
                -3.464437070554993e-11,
                0.08917633174914524,
                0.9960158542190815,
                6.656288992212822e-10,
                0.0,
                0.0,
                0.0,
                1.0
            ],
            "right_foot_pose": [
                1.0,
                5.2712532503003395e-09,
                -5.961252325104027e-10,
                2.1363120962861193e-07,
                -5.30472200888088e-09,
                0.9928485518783228,
                -0.11938070628505028,
                -0.20000012360273786,
                -3.7423841803274627e-11,
                0.1193807062850503,
                0.9928485518783227,
                5.489162735461406e-10,
                0.0,
                0.0,
                0.0,
                1.0
            ]
        },
        {
            "left_foot_pose": [
                0.9999999999999999,
                1.4325274170015612e-10,
                2.8000796126192995e-11,
                5.306401917523629e-08,
                -1.3972497117653582e-10,
                0.9949645970402486,
                -0.10022699554778483,
                -2.070188923584959e-08,
                -4.2217590534576743e-11,
                0.10022699554778483,
                0.9949645970402486,
                8.256716421684018e-10,
                0.0,
                0.0,
                0.0,
                1.0
            ],
            "right_foot_pose": [
                0.9999999999999999,
                5.2658607105869615e-09,
                -6.483890369057832e-10,
                2.1362826235146736e-07,
                -5.3054288427778484e-09,
                0.9914060395734733,
                -0.1308207349667505,
                -0.2000001236056224,
                -4.60669835611327e-11,
                0.13082073496675053,
                0.9914060395734731,
                6.704043153948902e-10,
                0.0,
                0.0,
                0.0,
                1.0
            ]
        },
        {
            "left_foot_pose": [
                1.0,
                1.4523012783693168e-10,
                3.478686783076057e-11,
                5.307729712203391e-08,
                -1.4040222803823887e-10,
                0.9936684743622939,
                -0.1123519606349226,
                -2.0662743724364496e-08,
                -5.088351962001525e-11,
                0.1123519606349226,
                0.9936684743622939,
                1.015933878689701e-09,
                0.0,
                0.0,
                0.0,
                1.0
            ],
            "right_foot_pose": [
                1.0,
                5.2595210235650836e-09,
                -7.05469682671378e-10,
                2.1362459176055282e-07,
                -5.306326253395888e-09,
                0.9896623006683296,
                -0.14341733031913825,
                -0.20000012360573097,
                -5.612971198942773e-11,
                0.1434173303191382,
                0.9896623006683296,
                8.100489307105718e-10,
                0.0,
                0.0,
                0.0,
                1.0
            ]
        },
        {
            "left_foot_pose": [
                1.0000000000000002,
                1.4773338498710875e-10,
                4.236327955098318e-11,
                5.309457131313922e-08,
                -1.4124507466406477e-10,
                0.9920859872183806,
                -0.12556032002560086,
                -2.061875741324326e-08,
                -6.057745971510542e-11,
                0.12556032002560086,
                0.9920859872183806,
                1.2387483955267342e-09,
                0.0,
                0.0,
                0.0,
                1.0
            ],
            "right_foot_pose": [
                1.0,
                5.252084380250044e-09,
                -7.675187152500484e-10,
                2.1362023953086506e-07,
                -5.3074385927831536e-09,
                0.9875681038488567,
                -0.15719173089057087,
                -0.20000012360177039,
                -6.760722537357822e-11,
                0.1571917308905709,
                0.9875681038488566,
                9.67246394090182e-10,
                0.0,
                0.0,
                0.0,
                1.0
            ]
        },
        {
            "left_foot_pose": [
                1.0,
                1.4980897642194457e-10,
                4.5809162019239125e-11,
                5.311035204194625e-08,
                -1.4194148634238957e-10,
                0.9901961938238674,
                -0.13968356287239433,
                -2.0592372505096046e-08,
                -6.62859211963962e-11,
                0.13968356287239436,
                0.9901961938238671,
                1.3933818959754873e-09,
                0.0,
                0.0,
                0.0,
                1.0
            ],
            "right_foot_pose": [
                1.0,
                5.242130196505407e-09,
                -8.391662087436913e-10,
                2.1361673849737418e-07,
                -5.308344604160187e-09,
                0.9851005101588904,
                -0.17197960601389292,
                -0.2000001235899176,
                -7.487643838288705e-11,
                0.17197960601389292,
                0.9851005101588904,
                1.0618457640942935e-09,
                0.0,
                0.0,
                0.0,
                1.0
            ]
        },
        {
            "left_foot_pose": [
                1.0,
                1.49596692672338e-10,
                3.842809404019931e-11,
                5.3112769950180996e-08,
                -1.419108094924404e-10,
                0.9881127312753691,
                -0.15373103229839466,
                -2.0615421385608568e-08,
                -6.096895210916387e-11,
                0.1537310322983947,
                0.9881127312753691,
                1.3206370857998806e-09,
                0.0,
                0.0,
                0.0,
                1.0
            ],
            "right_foot_pose": [
                1.0,
                5.227898196812075e-09,
                -9.228808273142874e-10,
                2.1361676966064058e-07,
                -5.308274396431667e-09,
                0.9824078755651914,
                -0.18674786753129896,
                -0.20000012357198074,
                -6.965344967468923e-11,
                0.186747867531299,
                0.9824078755651913,
                9.797142819234494e-10,
                0.0,
                0.0,
                0.0,
                1.0
            ]
        },
        {
