{
    "LoopMode": "Wrap",
    "FrameDuration": 0.01670,
    "EnableCycleOffsetPosition": true,
    "EnableCycleOffsetRotation": false,
    "Joints": [
        "left_hip_yaw",
        "left_hip_roll",
        "left_hip_pitch",
        "left_knee",
        "left_ankle",
        "neck_pitch",
        "head_pitch",
        "head_yaw",
        "head_roll",
        "left_antenna",
        "right_antenna",
        "right_hip_yaw",
        "right_hip_roll",
        "right_hip_pitch",
        "right_knee",
        "right_ankle"
    ],
    "Frame_offset": [
        {
            "root_pos": 0,
            "root_quat": 3,
            "joints_pos": 7,
            "left_tos_pos": 23,
            "right_tos_pos": 26,
            "world_linear_vel": 29,
            "world_angular_vel": 32,
            "joints_vel": 35,
            "left_toe_vel": 51,
            "right_toe_vel": 54
        }
    ],
    "Frame_size": [
        {
            "root_pos": 3,
            "root_quat": 4,
            "joints_pos": 16,
            "left_tos_pos": 3,
            "right_tos_pos": 3,
            "world_linear_vel": 3,
            "world_angular_vel": 3,
            "joints_vel": 16,
            "left_toe_vel": 3,
            "right_toe_vel": 3
        }
    ],
    "Debug_info": [
        {
            "left_foot_pose": [
                1.00000,
                -0.00034,
                0.00017,
                0.00593,
                0.00034,
                0.99995,
                0.00993,
                -0.02955,
                -0.00017,
                -0.00993,
                0.99995,
                0.07861,
                0.00000,
                0.00000,
                0.00000,
                1.00000
            ],
            "right_foot_pose": [
                1.00000,
                0.00031,
                0.00019,
                0.00457,
                -0.00030,
                0.99903,
                -0.04414,
                -0.21965,
                -0.00021,
                0.04414,
                0.99903,
                0.07719,
                0.00000,
                0.00000,
                0.00000,
                1.00000
            ]
        },
        {
            "left_foot_pose": [
                1.00000,
                -0.00034,
                0.00017,
                0.00593,
                0.00034,
                0.99995,
                0.01002,
                -0.02954,
                -0.00017,
                -0.01002,
                0.99995,
                0.07861,
                0.00000,
                0.00000,
                0.00000,
                1.00000
            ],
            "right_foot_pose": [
                1.00000,
                0.00031,
                0.00019,
                0.00458,
                -0.00030,
                0.99903,
                -0.04406,
                -0.21965,
                -0.00021,
                0.04406,
                0.99903,
                0.07719,
                0.00000,
                0.00000,
                0.00000,
                1.00000
            ]
        },
        {
            "left_foot_pose": [
                1.00000,
                -0.00034,
                0.00017,
                0.00594,
                0.00034,
                0.99995,
                0.01011,
                -0.02953,
                -0.00017,
                -0.01011,
                0.99995,
                0.07860,
                0.00000,
                0.00000,
                0.00000,
                1.00000
            ],
            "right_foot_pose": [
                1.00000,
                0.00031,
                0.00019,
                0.00459,
                -0.00030,
                0.99903,
                -0.04396,
                -0.21964,
                -0.00021,
                0.04396,
                0.99903,
                0.07720,
                0.00000,
                0.00000,
                0.00000,
                1.00000
            ]
        },
        {
            "left_foot_pose": [
                1.00000,
                -0.00034,
                0.00017,
                0.00595,
                0.00034,
                0.99995,
                0.01021,
                -0.02952,
                -0.00018,
                -0.01021,
                0.99995,
                0.07860,
                0.00000,
                0.00000,
                0.00000,
                1.00000
            ],
            "right_foot_pose": [
                1.00000,
                0.00031,
                0.00020,
                0.00459,
                -0.00030,
                0.99904,
                -0.04386,
                -0.21963,
                -0.00021,
                0.04386,
                0.99904,
                0.07720,
                0.00000,
                0.00000,
                0.00000,
                1.00000
            ]
        },
        {
            "left_foot_pose": [
                1.00000,
                -0.00034,
                0.00017,
                0.00596,
                0.00034,
                0.99995,
                0.01029,
                -0.02952,
                -0.00018,
                -0.01029,
                0.99995,
                0.07860,
                0.00000,
                0.00000,
                0.00000,
                1.00000
            ],
            "right_foot_pose": [
                1.00000,
                0.00031,
                0.00020,
                0.00460,
                -0.00030,
                0.99904,
                -0.04378,
                -0.21962,
                -0.00021,
                0.04378,
                0.99904,
                0.07720,
                0.00000,
                0.00000,
                0.00000,
                1.00000
            ]
        },
        {
            "left_foot_pose": [
                1.00000,
                -0.00034,
                0.00017,
                0.00597,
                0.00034,
                0.99995,
                0.01034,
                -0.02951,
                -0.00018,
                -0.01034,
                0.99995,
                0.07860,
                0.00000,
                0.00000,
                0.00000,
                1.00000
            ],
            "right_foot_pose": [
                1.00000,
                0.00031,
                0.00020,
                0.00461,
                -0.00030,
                0.99904,
                -0.04373,
                -0.21962,
                -0.00021,
                0.04373,
                0.99904,
                0.07721,
                0.00000,
                0.00000,
                0.00000,
                1.00000
            ]
        },
        {
            "left_foot_pose": [
                1.00000,
                -0.00034,
                0.00017,
                0.00598,
                0.00034,
                0.99995,
                0.01035,
                -0.02951,
                -0.00018,
                -0.01035,
                0.99995,
                0.07860,
                0.00000,
                0.00000,
                0.00000,
                1.00000
            ],
            "right_foot_pose": [
                1.00000,
                0.00031,
                0.00020,
                0.00462,
                -0.00030,
                0.99904,
                -0.04373,
                -0.21962,
                -0.00021,
                0.04373,
                0.99904,
                0.07721,
                0.00000,
                0.00000,
                0.00000,
                1.00000
            ]
        },
        {
            "left_foot_pose": [
                1.00000,
                -0.00034,
                0.00018,
                0.00599,
                0.00034,
                0.99995,
                0.01030,
                -0.02952,
                -0.00018,
                -0.01030,
                0.99995,
                0.07860,
                0.00000,
                0.00000,
                0.00000,
                1.00000
            ],
            "right_foot_pose": [
                1.00000,
                0.00031,
                0.00020,
                0.00464,
                -0.00030,
                0.99904,
                -0.04378,
                -0.21962,
                -0.00021,
                0.04378,
                0.99904,
                0.07721,
                0.00000,
                0.00000,
                0.00000,
                1.00000
            ]
        },
        {
            "left_foot_pose": [
                1.00000,
                -0.00034,
                0.00018,
                0.00600,
                0.00034,
                0.99995,
                0.01018,
                -0.02953,
                -0.00018,
                -0.01018,
                0.99995,
                0.07860,
                0.00000,
                0.00000,
                0.00000,
                1.00000
            ],
            "right_foot_pose": [
                1.00000,
                0.00031,
                0.00020,
                0.00465,
                -0.00030,
                0.99904,
                -0.04390,
                -0.21963,
                -0.00021,
                0.04390,
                0.99904,
                0.07720,
                0.00000,
                0.00000,
                0.00000,
                1.00000
            ]
        },
        {
            "left_foot_pose": [
                1.00000,
                -0.00034,
                0.00018,
                0.00601,
                0.00034,
                0.99995,
                0.00997,
                -0.02955,
                -0.00018,
                -0.00997,
                0.99995,
                0.07861,
                0.00000,
                0.00000,
                0.00000,
                1.00000
            ],
            "right_foot_pose": [
                1.00000,
                0.00031,
                0.00020,
                0.00466,
                -0.00030,
                0.99903,
                -0.04411,
                -0.21965,
                -0.00021,
                0.04411,
                0.99903,
                0.07719,
                0.00000,
                0.00000,
                0.00000,
                1.00000
            ]
        },
        {
            "left_foot_pose": [
                1.00000,
                -0.00034,
                0.00018,
                0.00603,
                0.00034,
                0.99995,
                0.00968,
                -0.02957,
                -0.00018,
                -0.00968,
                0.99995,
                0.07863,
                0.00000,
                0.00000,
                0.00000,
                1.00000
            ],
            "right_foot_pose": [
                1.00000,
                0.00031,
                0.00020,
                0.00467,
                -0.00030,
                0.99901,
                -0.04441,
                -0.21967,
                -0.00021,
                0.04441,
                0.99901,
                0.07718,
                0.00000,
                0.00000,
                0.00000,
                1.00000
            ]
        },
        {
            "left_foot_pose": [
                1.00000,
                -0.00034,
                0.00018,
                0.00604,
                0.00034,
                0.99996,
                0.00928,
                -0.02961,
                -0.00018,
                -0.00928,
                0.99996,
                0.07865,
                0.00000,
                0.00000,
                0.00000,
                1.00000
            ],
            "right_foot_pose": [
                1.00000,
                0.00031,
                0.00020,
                0.00468,
                -0.00030,
                0.99900,
                -0.04481,
                -0.21971,
                -0.00022,
                0.04481,
                0.99900,
                0.07717,
                0.00000,
                0.00000,
                0.00000,
                1.00000
            ]
        },
        {
            "left_foot_pose": [
                1.00000,
                -0.00035,
                0.00018,
                0.00605,
                0.00034,
                0.99996,
                0.00876,
                -0.02965,
                -0.00018,
                -0.00876,
                0.99996,
                0.07867,
                0.00000,
                0.00000,
                0.00000,
                1.00000
            ],
            "right_foot_pose": [
                1.00000,
                0.00031,
                0.00020,
                0.00469,
                -0.00030,
                0.99897,
                -0.04533,
                -0.21975,
                -0.00022,
                0.04533,
                0.99897,
                0.07714,
                0.00000,
                0.00000,
                0.00000,
                1.00000
            ]
        },
        {
            "left_foot_pose": [
                1.00000,
                -0.00035,
                0.00018,
                0.00606,
                0.00035,
                0.99997,
                0.00811,
                -0.02971,
                -0.00018,
                -0.00811,
                0.99997,
                0.07870,
                0.00000,
                0.00000,
                0.00000,
                1.00000
            ],
            "right_foot_pose": [
                1.00000,
                0.00031,
                0.00020,
                0.00470,
                -0.00030,
                0.99894,
                -0.04598,
                -0.21981,
                -0.00022,
                0.04598,
                0.99894,
                0.07712,
                0.00000,
                0.00000,
                0.00000,
                1.00000
            ]
        },
        {
            "left_foot_pose": [
                1.00000,
                -0.00035,
                0.00018,
                0.00607,
                0.00035,
                0.99997,
                0.00732,
                -0.02978,
                -0.00018,
                -0.00732,
                0.99997,
                0.07873,
                0.00000,
                0.00000,
                0.00000,
                1.00000
            ],
            "right_foot_pose": [
                1.00000,
                0.00031,
                0.00020,
                0.00471,
                -0.00030,
                0.99891,
                -0.04678,
                -0.21987,
                -0.00022,
                0.04678,
                0.99891,
                0.07709,
                0.00000,
                0.00000,
                0.00000,
                1.00000
            ]
        },
        {
            "left_foot_pose": [
                1.00000,
                -0.00035,
                0.00018,
                0.00608,
                0.00035,
                0.99998,
                0.00638,
                -0.02986,
                -0.00018,
                -0.00638,
                0.99998,
                0.07878,
                0.00000,
                0.00000,
                0.00000,
                1.00000
            ],
            "right_foot_pose": [
                1.00000,
                0.00031,
                0.00020,
                0.00471,
                -0.00030,
                0.99886,
                -0.04773,
                -0.21995,
                -0.00022,
                0.04773,
                0.99886,
                0.07705,
                0.00000,
                0.00000,
                0.00000,
                1.00000
            ]
        },
        {
            "left_foot_pose": [
                1.00000,
                -0.00035,
                0.00018,
                0.00609,
                0.00035,
                0.99999,
                0.00526,
                -0.02996,
                -0.00018,
                -0.00526,
                0.99999,
                0.07883,
                0.00000,
                0.00000,
                0.00000,
                1.00000
            ],
            "right_foot_pose": [
                1.00000,
                0.00030,
                0.00020,
                0.00472,
                -0.00029,
                0.99881,
                -0.04885,
                -0.22004,
                -0.00022,
                0.04885,
                0.99881,
                0.07700,
                0.00000,
                0.00000,
                0.00000,
                1.00000
            ]
        },
        {
            "left_foot_pose": [
                1.00000,
                -0.00035,
                0.00018,
                0.00610,
                0.00035,
                0.99999,
                0.00396,
                -0.03008,
                -0.00019,
                -0.00396,
                0.99999,
                0.07889,
                0.00000,
                0.00000,
                0.00000,
                1.00000
            ],
            "right_foot_pose": [
                1.00000,
                0.00030,
                0.00020,
                0.00473,
                -0.00029,
                0.99874,
                -0.05017,
                -0.22015,
                -0.00022,
                0.05017,
                0.99874,
                0.07695,
                0.00000,
                0.00000,
                0.00000,
                1.00000
            ]
        },
        {
            "left_foot_pose": [
                1.00000,
                -0.00035,
                0.00018,
                0.00611,
                0.00035,
                1.00000,
                0.00245,
                -0.03021,
                -0.00019,
                -0.00245,
                1.00000,
                0.07896,
                0.00000,
                0.00000,
                0.00000,
                1.00000
            ],
            "right_foot_pose": [
                1.00000,
                0.00030,
                0.00020,
                0.00473,
                -0.00029,
                0.99866,
                -0.05169,
                -0.22028,
                -0.00022,
                0.05169,
                0.99866,
                0.07689,
                0.00000,
                0.00000,
                0.00000,
                1.00000
            ]
        },
        {
            "left_foot_pose": [
                1.00000,
                -0.00036,
                0.00019,
                0.00612,
                0.00035,
                1.00000,
                0.00072,
                -0.03036,
                -0.00019,
                -0.00072,
                1.00000,
                0.07904,
                0.00000,
                0.00000,
                0.00000,
                1.00000
            ],
            "right_foot_pose": [
                1.00000,
                0.00030,
                0.00020,
                0.00474,
                -0.00029,
                0.99857,
                -0.05344,
                -0.22042,
                -0.00022,
                0.05344,
                0.99857,
                0.07682,
                0.00000,
                0.00000,
                0.00000,
                1.00000
            ]
        },
        {
            "left_foot_pose": [
                1.00000,
                -0.00036,
                0.00019,
                0.00613,
                0.00036,
                1.00000,
                -0.00127,
                -0.03054,
                -0.00019,
                0.00127,
                1.00000,
                0.07913,
                0.00000,
                0.00000,
                0.00000,
                1.00000
            ],
            "right_foot_pose": [
                1.00000,
                0.00030,
                0.00020,
                0.00474,
                -0.00029,
                0.99846,
                -0.05544,
                -0.22059,
                -0.00022,
                0.05544,
                0.99846,
                0.07674,
                0.00000,
                0.00000,
                0.00000,
                1.00000
            ]
        },
        {
            "left_foot_pose": [
                1.00000,
                -0.00036,
                0.00019,
                0.00614,
                0.00036,
                0.99999,
                -0.00352,
                -0.03074,
                -0.00019,
                0.00352,
                0.99999,
                0.07923,
                0.00000,
                0.00000,
                0.00000,
                1.00000
            ],
            "right_foot_pose": [
                1.00000,
                0.00030,
                0.00020,
                0.00474,
                -0.00028,
                0.99833,
                -0.05771,
                -0.22077,
                -0.00022,
                0.05771,
                0.99833,
                0.07665,
                0.00000,
                0.00000,
                0.00000,
                1.00000
            ]
        },
        {
            "left_foot_pose": [
                1.00000,
                -0.00036,
                0.00019,
                0.00614,
                0.00036,
                0.99998,
                -0.00607,
                -0.03097,
                -0.00019,
                0.00607,
                0.99998,
                0.07935,
                0.00000,
                0.00000,
                0.00000,
                1.00000
            ],
            "right_foot_pose": [
                1.00000,
                0.00029,
                0.00020,
                0.00474,
                -0.00028,
                0.99818,
                -0.06029,
                -0.22098,
                -0.00022,
                0.06029,
                0.99818,
                0.07655,
                0.00000,
                0.00000,
                0.00000,
                1.00000
            ]
        },
        {
            "left_foot_pose": [
                1.00000,
                -0.00037,
                0.00019,
                0.00615,
                0.00037,
                0.99996,
                -0.00894,
                -0.03123,
                -0.00019,
                0.00894,
                0.99996,
                0.07948,
                0.00000,
                0.00000,
                0.00000,
                1.00000
            ],
            "right_foot_pose": [
                1.00000,
                0.00029,
                0.00020,
                0.00474,
                -0.00028,
                0.99800,
                -0.06320,
                -0.22122,
                -0.00022,
                0.06320,
                0.99800,
                0.07644,
                0.00000,
                0.00000,
                0.00000,
                1.00000
            ]
        },
        {
            "left_foot_pose": [
                1.00000,
                -0.00037,
                0.00019,
                0.00616,
                0.00037,
                0.99993,
                -0.01217,
                -0.03152,
                -0.00019,
                0.01217,
                0.99993,
                0.07963,
                0.00000,
                0.00000,
                0.00000,
                1.00000
            ],
            "right_foot_pose": [
                1.00000,
                0.00029,
                0.00020,
                0.00474,
                -0.00027,
                0.99779,
                -0.06647,
                -0.22149,
                -0.00022,
                0.06647,
                0.99779,
                0.07631,
                0.00000,
                0.00000,
                0.00000,
                1.00000
            ]
        },
        {
            "left_foot_pose": [
                1.00000,
                -0.00037,
                0.00019,
                0.00617,
                0.00038,
                0.99988,
                -0.01580,
                -0.03185,
                -0.00018,
                0.01580,
                0.99988,
                0.07981,
                0.00000,
                0.00000,
                0.00000,
                1.00000
            ],
            "right_foot_pose": [
                1.00000,
                0.00028,
                0.00020,
                0.00474,
                -0.00027,
                0.99754,
                -0.07014,
                -0.22178,
                -0.00022,
                0.07014,
                0.99754,
                0.07617,
                0.00000,
                0.00000,
                0.00000,
                1.00000
            ]
        },
        {
            "left_foot_pose": [
                1.00000,
                -0.00038,
                0.00019,
                0.00618,
                0.00038,
                0.99980,
                -0.01985,
                -0.03222,
                -0.00018,
                0.01985,
                0.99980,
                0.08000,
                0.00000,
                0.00000,
                0.00000,
                1.00000
            ],
            "right_foot_pose": [
                1.00000,
                0.00028,
                0.00020,
                0.00474,
                -0.00026,
                0.99724,
                -0.07426,
                -0.22211,
                -0.00022,
                0.07426,
                0.99724,
                0.07602,
                0.00000,
                0.00000,
                0.00000,
                1.00000
            ]
        },
        {
            "left_foot_pose": [
                1.00000,
                -0.00038,
                0.00019,
                0.00618,
                0.00039,
                0.99970,
                -0.02438,
                -0.03264,
                -0.00018,
                0.02438,
                0.99970,
                0.08022,
                0.00000,
                0.00000,
                0.00000,
                1.00000
            ],
            "right_foot_pose": [
                1.00000,
                0.00028,
                0.00020,
                0.00473,
                -0.00026,
                0.99689,
                -0.07887,
                -0.22248,
                -0.00022,
                0.07887,
                0.99689,
                0.07585,
                0.00000,
                0.00000,
                0.00000,
                1.00000
            ]
        },
        {
            "left_foot_pose": [
                1.00000,
                -0.00039,
                0.00019,
                0.00619,
                0.00039,
                0.99957,
                -0.02943,
                -0.03311,
                -0.00018,
                0.02943,
                0.99957,
                0.08046,
                0.00000,
                0.00000,
                0.00000,
                1.00000
            ],
            "right_foot_pose": [
                1.00000,
                0.00027,
                0.00020,
                0.00472,
                -0.00025,
                0.99647,
                -0.08400,
                -0.22289,
                -0.00022,
                0.08400,
                0.99647,
                0.07566,
                0.00000,
                0.00000,
                0.00000,
                1.00000
            ]
        },
        {
            "left_foot_pose": [
                1.00000,
                -0.00039,
                0.00019,
                0.00620,
                0.00040,
                0.99939,
                -0.03502,
                -0.03363,
                -0.00018,
                0.03502,
                0.99939,
                0.08074,
                0.00000,
                0.00000,
                0.00000,
                1.00000
            ],
            "right_foot_pose": [
                1.00000,
                0.00026,
                0.00020,
                0.00472,
                -0.00025,
                0.99597,
                -0.08971,
                -0.22334,
                -0.00022,
                0.08971,
                0.99597,
                0.07545,
                0.00000,
                0.00000,
                0.00000,
                1.00000
            ]
        },
        {
            "left_foot_pose": [
                1.00000,
                -0.00040,
                0.00020,
                0.00621,
                0.00041,
                0.99915,
                -0.04117,
                -0.03421,
                -0.00018,
                0.04117,
                0.99915,
                0.08105,
                0.00000,
                0.00000,
                0.00000,
                1.00000
            ],
            "right_foot_pose": [
                1.00000,
                0.00026,
                0.00020,
                0.00471,
                -0.00024,
                0.99538,
                -0.09600,
                -0.22384,
                -0.00022,
                0.09600,
                0.99538,
                0.07523,
                0.00000,
                0.00000,
                0.00000,
                1.00000
            ]
        },
        {
            "left_foot_pose": [
                1.00000,
                -0.00041,
                0.00020,
                0.00621,
                0.00042,
                0.99886,
                -0.04781,
                -0.03485,
                -0.00018,
                0.04781,
                0.99886,
                0.08138,
                0.00000,
                0.00000,
                0.00000,
                1.00000
            ],
            "right_foot_pose": [
                1.00000,
                0.00025,
                0.00019,
                0.00470,
                -0.00023,
                0.99470,
                -0.10280,
                -0.22437,
                -0.00022,
                0.10280,
                0.99470,
                0.07500,
                0.00000,
                0.00000,
                0.00000,
                1.00000
            ]
        },
        {
            "left_foot_pose": [
                1.00000,
                -0.00042,
                0.00020,
                0.00622,
                0.00043,
                0.99852,
                -0.05445,
                -0.03549,
                -0.00017,
                0.05445,
                0.99852,
                0.08172,
                0.00000,
                0.00000,
                0.00000,
                1.00000
            ],
            "right_foot_pose": [
                1.00000,
                0.00025,
                0.00019,
                0.00469,
                -0.00022,
                0.99397,
                -0.10961,
                -0.22490,
                -0.00022,
                0.10961,
                0.99397,
                0.07477,
                0.00000,
                0.00000,
                0.00000,
                1.00000
            ]
        },
        {
            "left_foot_pose": [
                1.00000,
                -0.00042,
                0.00020,
                0.00622,
                0.00043,
                0.99814,
                -0.06094,
                -0.03600,
                -0.00017,
                0.06094,
                0.99814,
                0.08224,
                0.00000,
                0.00000,
                0.00000,
                1.00000
            ],
            "right_foot_pose": [
                1.00000,
                0.00024,
                0.00019,
                0.00468,
                -0.00022,
                0.99325,
                -0.11599,
                -0.22538,
                -0.00022,
                0.11599,
                0.99325,
                0.07473,
                0.00000,
                0.00000,
                0.00000,
                1.00000
            ]
        },
        {
            "left_foot_pose": [
                1.00000,
                -0.00042,
                0.00020,
                0.00617,
                0.00043,
                0.99763,
                -0.06882,
                -0.03596,
                -0.00017,
                0.06882,
                0.99763,
                0.08373,
                0.00000,
                0.00000,
                0.00000,
                1.00000
            ],
            "right_foot_pose": [
                1.00000,
                0.00023,
                0.00019,
                0.00470,
                -0.00021,
                0.99251,
                -0.12219,
                -0.22581,
                -0.00022,
                0.12219,
                0.99251,
                0.07554,
                0.00000,
                0.00000,
                0.00000,
                1.00000
            ]
        },
        {
            "left_foot_pose": [
                1.00000,
                -0.00041,
                0.00019,
                0.00607,
                0.00043,
                0.99696,
                -0.07796,
                -0.03538,
                -0.00016,
                0.07796,
                0.99696,
                0.08606,
                0.00000,
                0.00000,
                0.00000,
                1.00000
            ],
            "right_foot_pose": [
                1.00000,
                0.00023,
                0.00019,
                0.00475,
                -0.00020,
                0.99176,
                -0.12809,
                -0.22620,
                -0.00022,
                0.12809,
                0.99176,
                0.07706,
                0.00000,
                0.00000,
                0.00000,
                1.00000
            ]
        },
        {
            "left_foot_pose": [
                1.00000,
                -0.00040,
                0.00018,
                0.00595,
                0.00041,
                0.99612,
                -0.08800,
                -0.03434,
                -0.00015,
                0.08800,
                0.99612,
                0.08897,
                0.00000,
                0.00000,
                0.00000,
                1.00000
            ],
            "right_foot_pose": [
                1.00000,
                0.00023,
                0.00020,
                0.00482,
                -0.00020,
                0.99105,
                -0.13353,
                -0.22656,
                -0.00023,
                0.13353,
                0.99105,
                0.07905,
                0.00000,
                0.00000,
                0.00000,
                1.00000
            ]
        },
        {
            "left_foot_pose": [
                1.00000,
                -0.00038,
                0.00018,
                0.00580,
                0.00040,
                0.99513,
                -0.09853,
                -0.03290,
                -0.00014,
                0.09853,
                0.99513,
                0.09220,
                0.00000,
                0.00000,
                0.00000,
                1.00000
            ],
            "right_foot_pose": [
                1.00000,
                0.00022,
                0.00020,
                0.00489,
                -0.00019,
                0.99038,
                -0.13834,
                -0.22688,
                -0.00023,
                0.13834,
                0.99038,
                0.08130,
                0.00000,
                0.00000,
                0.00000,
                1.00000
            ]
        },
        {
            "left_foot_pose": [
                1.00000,
                -0.00036,
                0.00017,
                0.00564,
                0.00038,
                0.99403,
                -0.10907,
                -0.03117,
                -0.00013,
                0.10907,
                0.99403,
                0.09549,
                0.00000,
                0.00000,
                0.00000,
                1.00000
            ],
            "right_foot_pose": [
                1.00000,
                0.00022,
                0.00021,
                0.00497,
                -0.00019,
                0.98981,
                -0.14239,
                -0.22716,
                -0.00024,
                0.14239,
                0.98981,
                0.08357,
                0.00000,
                0.00000,
                0.00000,
                1.00000
            ]
        },
        {
            "left_foot_pose": [
                1.00000,
                -0.00034,
                0.00016,
                0.00548,
                0.00035,
                0.99289,
                -0.11902,
                -0.02926,
                -0.00012,
                0.11902,
                0.99289,
                0.09855,
                0.00000,
                0.00000,
                0.00000,
                1.00000
            ],
            "right_foot_pose": [
                1.00000,
                0.00022,
                0.00021,
                0.00506,
                -0.00019,
                0.98936,
                -0.14548,
                -0.22738,
                -0.00024,
                0.14548,
                0.98936,
                0.08565,
                0.00000,
                0.00000,
                0.00000,
                1.00000
            ]
        },
        {
            "left_foot_pose": [
                1.00000,
                -0.00031,
                0.00016,
                0.00533,
                0.00033,
                0.99182,
                -0.12766,
                -0.02731,
                -0.00012,
                0.12766,
                0.99182,
                0.10110,
                0.00000,
                0.00000,
                0.00000,
                1.00000
            ],
            "right_foot_pose": [
                1.00000,
                0.00022,
                0.00022,
                0.00513,
                -0.00018,
                0.98908,
                -0.14741,
                -0.22751,
                -0.00025,
                0.14741,
                0.98908,
                0.08732,
                0.00000,
                0.00000,
                0.00000,
                1.00000
            ]
        },
        {
            "left_foot_pose": [
                1.00000,
                -0.00029,
                0.00015,
                0.00521,
                0.00030,
                0.99095,
                -0.13420,
                -0.02545,
                -0.00011,
                0.13420,
                0.99095,
                0.10282,
                0.00000,
                0.00000,
                0.00000,
                1.00000
            ],
            "right_foot_pose": [
                1.00000,
                0.00022,
                0.00022,
                0.00519,
                -0.00018,
                0.98900,
                -0.14794,
                -0.22754,
                -0.00025,
                0.14794,
                0.98900,
                0.08838,
                0.00000,
                0.00000,
                0.00000,
                1.00000
            ]
        },
        {
            "left_foot_pose": [
