{"LoopMode": "Wrap", "FrameDuration": 0.0167, "EnableCycleOffsetPosition": true, "EnableCycleOffsetRotation": false, "Debug_info": [{"left_foot_pose": [1.0, -3.6462262659509656e-09, 1.7220447290355878e-10, 2.786770853004106e-07, 3.6502905554123846e-09, 0.9988983362543757, -0.046926685672886055, -2.805685919253509e-07, -9.09572021314756e-13, 0.04692668567288602, 0.998898336254376, 6.39184538631099e-12, 0.0, 0.0, 0.0, 1.0], "right_foot_pose": [0.9999999996344475, -2.6921527024099785e-05, -2.517142313273308e-06, -0.00011022506424555878, 2.703894640564283e-05, 0.9956573947678957, 0.0930932409625045, -0.2406716127208872, -8.446655671773756e-13, -0.093093240996535, 0.9956573951318611, 5.2995247079579144e-12, 0.0, 0.0, 0.0, 1.0]}, {"left_foot_pose": [1.0000000000000002, -3.6460154553612727e-09, 1.76702874554735e-10, 2.7867504747911e-07, 3.65029435242728e-09, 0.9988548073494158, -0.047844266479525575, -2.8056815920378397e-07, -2.0598287283669383e-12, 0.047844266479525506, 0.9988548073494157, 1.4588802388360023e-11, 0.0, 0.0, 0.0, 1.0], "right_foot_pose": [0.9999999996344479, -2.6923793030504078e-05, -2.4927881735683916e-06, -0.00011022506126111276, 2.7038946429399316e-05, 0.9957411954223823, 0.09219257566475751, -0.24067161272157805, -1.950500812420443e-12, -0.0921925756984587, 0.9957411957863777, 1.3018600086844856e-11, 0.0, 0.0, 0.0, 1.0]}, {"left_foot_pose": [1.0, -3.6457027902012875e-09, 1.8286294700686767e-10, 2.7867239971515745e-07, 3.650284500508028e-09, 0.998792106606021, -0.0491358095639949, -2.805675276360692e-07, -3.5077319775554796e-12, 0.04913580956399482, 0.9987921066060209, 2.440626867272755e-11, 0.0, 0.0, 0.0, 1.0], "right_foot_pose": [0.9999999996344479, -2.6926947717437804e-05, -2.458477738908326e-06, -0.00011022505784938699, 2.703894646918293e-05, 0.9958578612946912, 0.09092370079611178, -0.24067161272244553, -3.354672802956777e-12, -0.09092370082934911, 0.9958578616587294, 2.2446669523112917e-11, 0.0, 0.0, 0.0, 1.0]}, {"left_foot_pose": [1.0, -3.645293272982984e-09, 1.9047002863814555e-10, 2.786694093190323e-07, 3.6502625418255176e-09, 0.9987104878914386, -0.05076771981925456, -2.8056673591000947e-07, -5.161465561013165e-12, 0.050767719819254514, 0.9987104878914389, 3.490509270509534e-11, 0.0, 0.0, 0.0, 1.0], "right_foot_pose": [0.9999999996344477, -2.6930875359437962e-05, -2.4150737626618596e-06, -0.00011022505434851379, 2.7038946519710074e-05, 0.9960031129940806, 0.08931852089571161, -0.24067161272348, -4.9679672479129614e-12, -0.08931852092836214, 0.996003113358172, 3.260017256145886e-11, 0.0, 0.0, 0.0, 1.0]}, {"left_foot_pose": [1.0000000000000002, -3.644790214751714e-09, 1.993361586904996e-10, 2.786663059889394e-07, 3.6502304279430266e-09, 0.9986098577339102, -0.05271007528605706, -2.8056581594278207e-07, -6.942185378087579e-12, 0.05271007528605701, 0.9986098577339102, 4.5343589993862565e-11, 0.0, 0.0, 0.0, 1.0], "right_foot_pose": [0.9999999996344482, -2.6935464859688187e-05, -2.3633376453827077e-06, -0.0001102250510330409, 2.703894657734151e-05, 0.9961728422202675, 0.08740519258997682, -0.24067161272466386, -6.7145362309604575e-12, -0.08740519262192785, 0.9961728425844211, 4.270013509444226e-11, 0.0, 0.0, 0.0, 1.0]}, {"left_foot_pose": [1.0, -3.64419267330572e-09, 2.0931445465777188e-10, 2.786632450589577e-07, 3.6501883427394185e-09, 0.9984899466792521, -0.05493474656778077, -2.805647835342484e-07, -8.805785673695545e-12, 0.05493474656778073, 0.9984899466792521, 5.5308535529263736e-11, 0.0, 0.0, 0.0, 1.0], "right_foot_pose": [0.9999999996344475, -2.6940607020246452e-05, -2.303981059902648e-06, -0.00011022504806592823, 2.703894663854203e-05, 0.9963630107879233, 0.08521003463514208, -0.24067161272598486, -8.551911503297727e-12, -0.0852100346662906, 0.9963630111521462, 5.230259281230332e-11, 0.0, 0.0, 0.0, 1.0]}, {"left_foot_pose": [1.0000000000000002, -3.6434942173410742e-09, 2.2035023805599963e-10, 2.786602535977123e-07, 3.6501354674198283e-09, 0.9983499596476821, -0.057422626824912705, -2.8056362599317153e-07, -1.076777756800172e-11, 0.05742262682491262, 0.9983499596476825, 6.48774367562055e-11, 0.0, 0.0, 0.0, 1.0], "right_foot_pose": [0.9999999996344479, -2.694621215483957e-05, -2.237473859322551e-06, -0.00011022504544739783, 2.703894670193029e-05, 0.996570301841776, 0.08275042450579025, -0.24067161272745205, -1.0495487117273494e-11, -0.08275042453603965, 0.9965703022060748, 6.145677022839635e-11, 0.0, 0.0, 0.0, 1.0]}, {"left_foot_pose": [1.0000000000000002, -3.642690796535965e-09, 2.3236684798533247e-10, 2.7865743773905494e-07, 3.6500722217800848e-09, 0.9981888258471322, -0.060158689762375955, -2.8056234513060274e-07, -1.2806647428542462e-11, 0.060158689762375886, 0.9981888258471321, 7.387497558131173e-11, 0.0, 0.0, 0.0, 1.0], "right_foot_pose": [0.999999999634448, -2.6952198167733503e-05, -2.164175632112528e-06, -0.00011022504326823127, 2.703894676619757e-05, 0.9967916793545312, 0.08003966040951654, -0.24067161272905035, -1.2526046567810391e-11, -0.08003966043877492, 0.9967916797189105, 6.996846158013881e-11, 0.0, 0.0, 0.0, 1.0]}, {"left_foot_pose": [1.0000000000000004, -3.6417683322393786e-09, 2.453878766850437e-10, 2.786547478768331e-07, 3.649995462491409e-09, 0.998005092116289, -0.06313347851939806, -2.80560902133839e-07, -1.4981144881252635e-11, 0.06313347851939802, 0.9980050921162892, 8.268090379015547e-11, 0.0, 0.0, 0.0, 1.0], "right_foot_pose": [0.999999999634448, -2.6958493263015653e-05, -2.0842952576308326e-06, -0.00011022504144367687, 2.7038946830635008e-05, 0.9970244879830077, 0.07708546964972456, -0.24067161273080603, -1.4702379409854754e-11, -0.07708546967790299, 0.9970244883474724, 7.81925080239887e-11, 0.0, 0.0, 0.0, 1.0]}, {"left_foot_pose": [1.0, -3.6407157260105253e-09, 2.5941077064217666e-10, 2.7865223414108575e-07, 3.6499048772905122e-09, 0.9977968297297704, -0.06634370038836986, -2.805592804605572e-07, -1.7300964342111628e-11, 0.0663437003883698, 0.9977968297297702, 9.135421585870773e-11, 0.0, 0.0, 0.0, 1.0], "right_foot_pose": [0.9999999996344476, -2.6965035685768722e-05, -1.9978737914808274e-06, -0.00011022504000168104, 2.703894689522384e-05, 0.9972664438931305, 0.07388937104649596, -0.24067161273271553, -1.7035800741024872e-11, -0.07388937107350597, 0.9972664442576836, 8.616915514458867e-11, 0.0, 0.0, 0.0, 1.0]}, {"left_foot_pose": [1.0, -3.6395137924655215e-09, 2.74497369279203e-10, 2.786498579723795e-07, 3.6497967781400874e-09, 0.9975617945801759, -0.069788723974443, -2.805574309625719e-07, -1.9831277667305187e-11, 0.06978872397444295, 0.997561794580176, 1.0027363661624378e-10, 0.0, 0.0, 0.0, 1.0], "right_foot_pose": [0.9999999996344475, -2.6971764787612383e-05, -1.9048771475952094e-06, -0.00011022503888284338, 2.7038946959691987e-05, 0.9975153040278221, 0.07045010645257459, -0.24067161273480903, -1.9593617165722693e-11, -0.07045010647832732, 0.997515304392466, 9.424934444002275e-11, 0.0, 0.0, 0.0, 1.0]}, {"left_foot_pose": [1.0, -3.6381401461806855e-09, 2.907293850107351e-10, 2.786476008924399e-07, 3.6496678204735043e-09, 0.9972970676953437, -0.07347488527565743, -2.8055530464088374e-07, -2.2631838857981566e-11, 0.0734748852756574, 0.9972970676953439, 1.0977299624848058e-10, 0.0, 0.0, 0.0, 1.0], "right_foot_pose": [0.9999999996344475, -2.697862761652909e-05, -1.805078421589808e-06, -0.00011022503805595274, 2.7038947023895492e-05, 0.9977691100365491, 0.0667592864384414, -0.24067161273711205, -2.2438661021865354e-11, -0.06675928646284485, 0.9977691104012858, 1.0273371042757162e-10, 0.0, 0.0, 0.0, 1.0]}, {"left_foot_pose": [1.0, -3.6365689509601206e-09, 3.0818936291865384e-10, 2.7864547342756896e-07, 3.6495139137902383e-09, 0.996999316680113, -0.07741035162941481, -2.805528518355638e-07, -2.575661264069301e-11, 0.0774103516294148, 0.9969993166801133, 1.2012932315563773e-10, 0.0, 0.0, 0.0, 1.0], "right_foot_pose": [0.9999999996344475, -2.6985566419841308e-05, -1.6981945045949425e-06, -0.00011022503752326773, 2.7038947086767678e-05, 0.998025726132667, 0.06280644271298186, -0.2406716127396458, -2.562814621249313e-11, -0.06280644273594026, 0.9980257264974979, 1.1186176984701035e-10, 0.0, 0.0, 0.0, 1.0]}, {"left_foot_pose": [1.0, -3.6347620530709777e-09, 3.270450021908289e-10, 2.7864340746558414e-07, 3.6493278867154086e-09, 0.9966644024261835, -0.08160924541043464, -2.80549978566233e-07, -2.932403042792957e-11, 0.08160924541043459, 0.9966644024261834, 1.319296616397736e-10, 0.0, 0.0, 0.0, 1.0], "right_foot_pose": [0.9999999996344475, -2.6992523570774804e-05, -1.5837721315184864e-06, -0.00011022503722506183, 2.7038947147897595e-05, 0.9982830210637779, 0.05857481647153018, -0.24067161274247426, -2.928627351235656e-11, -0.0585748164929416, 0.9982830214287025, 1.2216157252442628e-10, 0.0, 0.0, 0.0, 1.0]}, {"left_foot_pose": [1.0, -3.6326814612074655e-09, 3.474163179362222e-10, 2.7864143991793155e-07, 3.6491037197257414e-09, 0.996287479984639, -0.08608865910129931, -2.8054662262744223e-07, -3.339409970860537e-11, 0.08608865910129931, 0.9962874799846387, 1.454624892760492e-10, 0.0, 0.0, 0.0, 1.0], "right_foot_pose": [0.9999999996344477, -2.6999432717614406e-05, -1.4612661871297076e-06, -0.00011022503719901669, 2.703894720446678e-05, 0.9985385412338762, 0.05404424982752028, -0.24067161274561666, -3.348032719777395e-11, -0.05404424984727545, 0.9985385415988943, 1.3385957620126732e-10, 0.0, 0.0, 0.0, 1.0]}, {"left_foot_pose": [1.0, -3.6302686762687223e-09, 3.695399541925326e-10, 2.786395086919191e-07, 3.648829727685013e-09, 0.9958628069510804, -0.09086952036583655, -2.805426456732596e-07, -3.813035867971674e-11, 0.09086952036583655, 0.9958628069510802, 1.6146710357656247e-10, 0.0, 0.0, 0.0, 1.0], "right_foot_pose": [0.9999999996344476, -2.700621657646491e-05, -1.3300130997310159e-06, -0.00011022503741088194, 2.7038947254182754e-05, 0.9987894286164469, 0.049190207896779074, -0.240671612749162, -3.8384162865293863e-11, -0.0491902079147597, 0.9987894289815568, 1.4759493627281017e-10, 0.0, 0.0, 0.0, 1.0]}, {"left_foot_pose": [1.0, -3.6274629416623812e-09, 3.936116987901528e-10, 2.7863764532135016e-07, 3.648494655660586e-09, 0.9953834839273774, -0.09597770535180532, -2.8053794275985366e-07, -4.363910981702945e-11, 0.09597770535180535, 0.9953834839273775, 1.8043021243752122e-10, 0.0, 0.0, 0.0, 1.0], "right_foot_pose": [0.9999999996344475, -2.7012783675278498e-05, -1.1891966769309601e-06, -0.00011022503790643345, 2.703894729097182e-05, 0.9990323008511209, 0.04398250930781225, -0.24067161275314783, -4.4117256384607324e-11, -0.04398250932388901, 0.9990323012163198, 1.6374313016598308e-10, 0.0, 0.0, 0.0, 1.0]}, {"left_foot_pose": [0.9999999999999998, -3.6241815968087553e-09, 4.199154912676306e-10, 2.786358387144028e-07, 3.6480832345626052e-09, 0.9948415639901298, -0.10144093137227304, -2.805323402639559e-07, -5.010916596297089e-11, 0.10144093137227302, 0.9948415639901301, 2.0317970916838846e-10, 0.0, 0.0, 0.0, 1.0], "right_foot_pose": [0.9999999996344475, -2.7019018752331526e-05, -1.0379293260635085e-06, -0.00011022503870869102, 2.7038947309588524e-05, 0.9992628958301901, 0.03838833528508264, -0.24067161275766152, -5.0886978594746194e-11, -0.03838833529911425, 0.999262896195473, 1.8296915371696088e-10, 0.0, 0.0, 0.0, 1.0]}, {"left_foot_pose": [1.0000000000000002, -3.620323122871386e-09, 4.4877501714779555e-10, 2.786341001016768e-07, 3.6475751715305986e-09, 0.9942274123531453, -0.10729330140120957, -2.805256422502844e-07, -5.7748225897307716e-11, 0.10729330140120953, 0.9942274123531453, 2.306364682569395e-10, 0.0, 0.0, 0.0, 1.0], "right_foot_pose": [0.999999999634448, -2.7024781829917973e-05, -8.751217785089133e-07, -0.00011022503986578974, 2.7038947299528555e-05, 0.9994760377755987, 0.03236740924583207, -0.24067161276278495, -5.89255507411093e-11, -0.03236740925766252, 0.9994760381409594, 2.0598243943847905e-10, 0.0, 0.0, 0.0, 1.0]}, {"left_foot_pose": [0.9999999999999997, -3.6157681080317e-09, 4.805112419070667e-10, 2.786324925507788e-07, 3.6469459756636367e-09, 0.9935299699645611, -0.11357023722005594, -2.8051764776847177e-07, -6.675899026224353e-11, 0.11357023722005594, 0.9935299699645614, 2.637275675620998e-10, 0.0, 0.0, 0.0, 1.0], "right_foot_pose": [0.9999999996344476, -2.7029894619775793e-05, -6.99617706788961e-07, -0.00011022504146635317, 2.7038947244291056e-05, 0.9996651346601162, 0.025876974588778166, -0.2406716127685733, -6.846724636767284e-11, -0.02587697459823574, 0.9996651350255465, 2.334469700882025e-10, 0.0, 0.0, 0.0, 1.0]}, {"left_foot_pose": [1.0000000000000004, -3.6103535007930337e-09, 5.156161608788068e-10, 2.78631031851162e-07, 3.6461632908097764e-09, 0.9927359964382556, -0.12031309727434414, -2.8050802533367836e-07, -7.74978963820311e-11, 0.1203130972743441, 0.9927359964382556, 3.040270396548195e-10, 0.0, 0.0, 0.0, 1.0], "right_foot_pose": [0.9999999996344477, -2.7034135865243717e-05, -5.100585873877474e-07, -0.00011022504358687568, 2.703894712670787e-05, 0.999822005667054, 0.018866802930180955, -0.2406716127751574, -7.99138367575636e-11, -0.018866802937075655, 0.9998220060325413, 2.6654532747638626e-10, 0.0, 0.0, 0.0, 1.0]}, {"left_foot_pose": [1.0, -3.6039005699648884e-09, 5.544887327069148e-10, 2.786298502997775e-07, 3.645191024207895e-09, 0.9918300639876035, -0.1275661560538216, -2.8049651723018043e-07, -9.022299486489796e-11, 0.12756615605382154, 0.9918300639876036, 3.5281019772348543e-10, 0.0, 0.0, 0.0, 1.0], "right_foot_pose": [0.9999999996344476, -2.7037227105841547e-05, -3.049602620645224e-07, -0.00011022504637353894, 2.7038946915741453e-05, 0.9999363556654843, 0.011282016102025153, -0.24067161278255234, -9.357859999853647e-11, -0.011282016106146825, 0.9999363560310139, 3.060969255841428e-10, 0.0, 0.0, 0.0, 1.0]}, {"left_foot_pose": [1.0000000000000002, -3.5961534747256475e-09, 5.977859873773639e-10, 2.786290362946642e-07, 3.6439746082740896e-09, 0.9907941225627979, -0.13537727540106867, -2.8048265322648536e-07, -1.0544542547679405e-10, 0.13537727540106864, 0.9907941225627982, 4.1242952109055153e-10, 0.0, 0.0, 0.0, 1.0], "right_foot_pose": [0.9999999996344477, -2.7038820146915514e-05, -8.268518977207985e-08, -0.00011022504997665675, 2.703894657269071e-05, 0.9999953114763038, 0.003062073530562413, -0.2406716127908864, -1.1005345615582299e-10, -0.0030620735316788197, 0.9999953118418548, 3.537607706771695e-10, 0.0, 0.0, 0.0, 1.0]}, {"left_foot_pose": [1.0000000000000002, -3.5868293023982326e-09, 6.460845469735688e-10, 2.7862880042431315e-07, 3.642457549858609e-09, 0.9896067567588707, -0.14380009380104955, -2.804660470621251e-07, -1.2358335824452652e-10, 0.14380009380104958, 0.9896067567588712, 4.850589929716875e-10, 0.0, 0.0, 0.0, 1.0], "right_foot_pose": [0.9999999996344479, -2.7038480718801826e-05, 1.5863023537030588e-07, -0.00011022505461046397, 2.703894604267114e-05, 0.9999828183813654, -0.005861928945170363, -0.24067161280013716, -1.2985712718337742e-10, 0.00586192894731669, 0.9999828187469118, 4.10867867506326e-10, 0.0, 0.0, 0.0, 1.0]}, {"left_foot_pose": [0.9999999999999998, -3.5755519935708424e-09, 7.001538238071703e-10, 2.7862939276993015e-07, 3.6405615572550504e-09, 0.9882433835032178, -0.15288889744554257, -2.804461579110351e-07, -1.4526012989428085e-10, 0.15288889744554254, 0.9882433835032179, 5.738902270069346e-10, 0.0, 0.0, 0.0, 1.0], "right_foot_pose": [0.9999999996344475, -2.7035668451591284e-05, 4.209414241958895e-07, -0.00011022506053530792, 2.7038945250816223e-05, 0.99987889999185, -0.01556228196586006, -0.24067161281030572, -1.5375261832039847e-10, 0.015562281971553025, 0.9998789003573579, 4.794190600065917e-10, 0.0, 0.0, 0.0, 1.0]}, {"left_foot_pose": [1.0000000000000002, -3.561850612645816e-09, 7.608965402194912e-10, 2.7863116394688525e-07, 3.63819013800612e-09, 0.9866746680815391, -0.16270556034194367, -2.8042238248496276e-07, -1.7122442519623557e-10, 0.16270556034194367, 0.9866746680815398, 6.829505433403327e-10, 0.0, 0.0, 0.0, 1.0], "right_foot_pose": [0.9999999996344476, -2.7029712238477463e-05, 7.065083799447779e-07, -0.0001102250680798944, 2.703894409457758e-05, 0.9996587479888934, -0.026122535064098423, -0.2406716128213106, -1.8267669852614594e-10, 0.026122535073652496, 0.9996587483543209, 5.618216725178371e-10, 0.0, 0.0, 0.0, 1.0]}, {"left_foot_pose": [0.9999999999999999, -3.5451905934419442e-09, 8.291368147617106e-10, 2.7863463197830285e-07, 3.635240547682769e-09, 0.9848670897196007, -0.1733113256173587, -2.803942606311588e-07, -2.021680598067569e-10, 0.17331132561735865, 0.9848670897196005, 8.16528428204677e-10, 0.0, 0.0, 0.0, 1.0], "right_foot_pose": [0.9999999996344476, -2.7019784400794047e-05, 1.0176734373320495e-06, -0.00011022507763419967, 2.7038942439288313e-05, 0.9992917673464252, -0.03762928357748234, -0.2406716128328359, -2.1755854541554638e-10, 0.03762928359124365, 0.9992917677117187, 6.603057961518388e-10, 0.0, 0.0, 0.0, 1.0]}, {"left_foot_pose": [0.9999999999999997, -3.5248398859384494e-09, 9.06091007779608e-10, 2.786404559688982e-07, 3.631567194148321e-09, 0.9827815507007209, -0.18477127374753843, -2.8036112992638196e-07, -2.3920048120820066e-10, 0.1847712737475385, 0.9827815507007212, 9.812522044905236e-10, 0.0, 0.0, 0.0, 1.0], "right_foot_pose": [0.9999999996344476, -2.7004866513478393e-05, 1.3570064020037628e-06, -0.00011022508969547526, 2.7038940099397984e-05, 0.9987403146130331, -0.050177517231891816, -0.24067161284453203, -2.5984611579349875e-10, 0.05017751725024135, 0.9987403149781244, 7.784922567699581e-10, 0.0, 0.0, 0.0, 1.0]}, {"left_foot_pose": [1.0, -3.5000454113961263e-09, 9.92607329663997e-10, 2.786495673194611e-07, 3.627044094541905e-09, 0.9803732878816029, -0.19715023816424032, -2.8032292397756065e-07, -2.830910588492266e-10, 0.19715023816424035, 0.9803732878816035, 1.1833690694018628e-09, 0.0, 0.0, 0.0, 1.0], "right_foot_pose": [0.999999999634448, -2.6983715204856685e-05, 1.7271999542053606e-06, -0.00011022510478022121, 2.7038936847428418e-05, 0.9979584327322617, -0.0638667817215277, -0.24067161285552252, -3.1071039042874827e-10, 0.06386678174488271, 0.9979584330970668, 9.18953121931132e-10, 0.0, 0.0, 0.0, 1.0]}, {"left_foot_pose": [0.9999999999999999, -3.470440594996542e-09, 1.0879014911147067e-09, 2.786630459924999e-07, 3.6216812336195246e-09, 0.9775961839265603, -0.21048919490612525, -2.80281451745662e-07, -3.3303814715459723e-10, 0.21048919490612528, 0.9775961839265602, 1.4237148543427836e-09, 0.0, 0.0, 0.0, 1.0], "right_foot_pose": [0.9999999996344481, -2.695487739434516e-05, 2.130364774733651e-06, -0.00011022512308235533, 2.703893247293296e-05, 0.9968924081083148, -0.07877516058315746, -0.24067161286390656, -3.696751688750702e-10, 0.07877516061196382, 0.9968924084727305, 1.07928727066664e-09, 0.0, 0.0, 0.0, 1.0]}, {"left_foot_pose": [0.9999999999999997, -3.4355163285050556e-09, 1.1916553299684551e-09, 2.7868204682812703e-07, 3.6154651635100707e-09, 0.9744067201065728, -0.2247922236447541, -2.802386084230224e-07, -3.8887969226888013e-10, 0.22479222364475404, 0.974406720106573, 1.7067758456557058e-09, 0.0, 0.0, 0.0, 1.0], "right_foot_pose": [0.9999999996344483, -2.691674159520146e-05, 2.5676023222351494e-06, -0.0001102251447701666, 2.7038926746167946e-05, 0.9954826731404963, -0.09494338705749661, -0.24067161286796213, -4.370078428364976e-10, 0.09494338709221506, 0.9954826735043958, 1.259339701964457e-09, 0.0, 0.0, 0.0, 1.0]}, {"left_foot_pose": [1.0000000000000002, -3.405191820221983e-09, 1.2738607113593758e-09, 2.7870327273804563e-07, 3.6113428116215395e-09, 0.9708024880025974, -0.23988023946955095, -2.802230520612681e-07, -4.1982906458116357e-10, 0.2398802394695509, 0.9708024880025972, 1.900531773624259e-09, 0.0, 0.0, 0.0, 1.0], "right_foot_pose": [0.9999999996344484, -2.686812181716213e-05, 3.0343529100260753e-06, -0.00011022516210546646, 2.703892134171879e-05, 0.9936851809198823, -0.11220410192644106, -0.24067161285633978, -4.780416583229085e-10, 0.11220410196747028, 0.9936851812831239, 1.3599202458580706e-09, 0.0, 0.0, 0.0, 1.0]}, {"left_foot_pose": [1.0, -3.3968798952349867e-09, 1.2912823588173694e-09, 2.7871526981845807e-07, 3.6137548842422484e-09, 0.9670108754241026, -0.2547350914411139, -2.8026833053668154e-07, -3.833796465074931e-10, 0.254735091441114, 0.9670108754241025, 1.7963630305484202e-09, 0.0, 0.0, 0.0, 1.0], "right_foot_pose": [0.9999999996344482, -2.6811518309487114e-05, 3.4993837419792706e-06, -0.0001102251614988857, 2.7038920104677156e-05, 0.9915919506821176, -0.12940402857458247, -0.2406716128232112, -4.422695690408301e-10, 0.1294040286218982, 0.991591951044594, 1.2432912893656223e-09, 0.0, 0.0, 0.0, 1.0]}, {"left_foot_pose": [0.9999999999999989, -4.9480682819829613e-08, 1.4334387121728298e-08, 7.13575061539462e-08, 5.151261012272808e-08, 0.9632327811208364, -0.2686682142982653, -1.4701874943550547e-06, -5.134650435778355e-10, 0.26866821429826565, 0.9632327811208377, 0.0005397570217991754, 0.0, 0.0, 0.0, 1.0], "right_foot_pose": [0.9999999996344486, -2.675253697641262e-05, 3.924939753020424e-06, -0.00011022514483141968, 2.7038923547547785e-05, 0.9894102304879167, -0.14514611629232932, -0.24067161278539118, -3.4870279014087415e-10, 0.14514611634539704, 0.9894102308495955, 9.705601738962955e-10, 0.0, 0.0, 0.0, 1.0]}, {"left_foot_pose": [0.9999999999999378, -3.3683819312491195e-07, 1.0032875583099177e-07, -1.226173944813419e-06, 3.514615023113343e-07, 0.9590376996400237, -0.2832784684176504, -8.919697556843478e-06, -8.000518336967184e-10, 0.28327846841766824, 0.9590376996400832, 0.0037384969135931673, 0.0, 0.0, 0.0, 1.0], "right_foot_pose": [0.9999999996344479, -2.6695710245569837e-05, 4.294494268731659e-06, -0.00011022512696039904, 2.7038927982824008e-05, 0.9873080668292723, -0.1588168141058861, -0.24067161275895133, -2.611830617127495e-10, 0.15881681416394888, 0.9873080671901833, 7.213952907259014e-10, 0.0, 0.0, 0.0, 1.0]}, {"left_foot_pose": [0.9999999999995908, -8.635396150894359e-07, 2.712822000927595e-07, -3.6213791372030624e-06, 9.051483507680018e-07, 0.9543866200661492, -0.2985735745806968, -2.2669825580095074e-05, -1.0779925373044997e-09, 0.2985735745808199, 0.9543866200665398, 0.009189405528176417, 0.0, 0.0, 0.0, 1.0], "right_foot_pose": [0.999999999634448, -2.6643255700808474e-05, 4.608773821225224e-06, -0.00011022511060600204, 2.7038932494116545e-05, 0.9853675816634179, -0.1704427419272695, -0.24067161274209525, -1.867592181318973e-10, 0.17044274198958012, 0.9853675820236197, 5.130775665440623e-10, 0.0, 0.0, 0.0, 1.0]}, {"left_foot_pose": [0.9999999999985759, -1.6017837420522858e-06, 5.315257492755077e-07, -7.006873299970906e-06, 1.6876696951646332e-06, 0.9493580441212901, -0.31419628269499367, -4.2101642466707556e-05, -1.3337483559106083e-09, 0.3141962826954434, 0.9493580441226412, 0.016172803876970565, 0.0, 0.0, 0.0, 1.0], "right_foot_pose": [0.999999999634448, -2.6596867217250787e-05, 4.869368382321988e-06, -0.0001102250967001013, 2.7038936632006408e-05, 0.9836514753731034, -0.1800826873000685, -0.24067161273201956, -1.2607129532658025e-10, 0.18008268736590152, 0.983651475732679, 3.453619890070314e-10, 0.0, 0.0, 0.0, 1.0]}, {"left_foot_pose": [0.9999999999964247, -2.524133088804917e-06, 8.829964403822554e-07, -1.1275119475611523e-05, 2.6741219430848304e-06, 0.9441019013958133, -0.32965375740868064, -6.659645080580104e-05, -1.5486615253025177e-09, 0.3296537574098631, 0.9441019013991877, 0.023969013842494502, 0.0, 0.0, 0.0, 1.0], "right_foot_pose": [0.9999999996344482, -2.6557720016206078e-05, 5.078561938299835e-06, -0.00011022508553609756, 2.7038940138390187e-05, 0.9822032462075082, -0.18782114473171266, -0.2406716127263863, -7.864702535540551e-11, 0.18782114480037315, 0.982203246566554, 2.155355061095321e-10, 0.0, 0.0, 0.0, 1.0]}, {"left_foot_pose": [0.9999999999926289, -3.604312834958907e-06, 1.323429672628329e-06, -1.6318454949475203e-05, 3.839600788260319e-06, 0.9388733387039777, -0.3442627686173824, -9.553577884830952e-05, -1.7021197347694818e-09, 0.34426276861992616, 0.9388733387108965, 0.03185835786355151, 0.0, 0.0, 0.0, 1.0], "right_foot_pose": [0.9999999996344479, -2.65266232500908e-05, 5.238577337675128e-06, -0.00011022507702816708, 2.7038942907520042e-05, 0.9810528357368645, -0.19374037462943677, -0.24067161272343446, -4.3226275609118417e-11, 0.1937403747002601, 0.9810528360954903, 1.1924582155042884e-10, 0.0, 0.0, 0.0, 1.0]}, {"left_foot_pose": [0.9999999999866914, -4.818368642894452e-06, 1.8440907941230655e-06, -2.2029112058116057e-05, 5.15919994417443e-06, 0.9340605062425336, -0.3571147863801313, -0.0001283013510464271, -1.781692199305683e-09, 0.3571147863848926, 0.9340605062549613, 0.03912115856922202, 0.0, 0.0, 0.0, 1.0], "right_foot_pose": [0.9999999996344476, -2.6504179286808133e-05, 5.350983216724295e-06, -0.00011022507104607379, 2.7038944895237684e-05, 0.9802225302237474, -0.197898434836286, -0.24067161272195986, -1.8710493868747536e-11, 0.19789843490862877, 0.9802225305820697, 5.29271487748062e-11, 0.0, 0.0, 0.0, 1.0]}, {"left_foot_pose": [0.9999999999781675, -6.145981538720914e-06, 2.427489569134522e-06, -2.8299214285033153e-05, 6.608009643484626e-06, 0.9301805262767637, -0.36710242234534435, -0.00016427509136108381, -1.7988143939736148e-09, 0.3671024223533701, 0.9301805262970678, 0.045037738570182215, 0.0, 0.0, 0.0, 1.0], "right_foot_pose": [0.9999999996344481, -2.649076053015031e-05, 5.417029726485581e-06, -0.00011022506754384404, 2.703894606886245e-05, 0.9797261090430974, -0.20034158462029292, -0.2406716127212002, -4.514207732856281e-12, 0.2003415846935283, 0.9797261094012385, 1.464475762880113e-11, 0.0, 0.0, 0.0, 1.0]}, {"left_foot_pose": [0.9999999999666981, -7.5715457534404255e-06, 3.0455727138001265e-06, -3.5020748806634944e-05, 8.161116039750815e-06, 0.9278408844839462, -0.3729762633378249, -0.00020283913883650806, -1.8000376716658798e-09, 0.37297626335025935, 0.9278408845148396, 0.04888842040295964, 0.0, 0.0, 0.0, 1.0], "right_foot_pose": [0.9999999996344477, -2.648658559544152e-05, 5.437408146992201e-06, -0.00011022506647478947, 2.703894642649276e-05, 0.9795716590921348, -0.20109541012260634, -0.2406716127207287, -1.266337897451535e-13, 0.20109541019611726, 0.9795716594502197, 2.8531899065598054e-12, 0.0, 0.0, 0.0, 1.0]}, {"left_foot_pose": [0.9999999999520428, -9.08399636063136e-06, 3.6600102622519337e-06, -4.208552480286856e-05, 9.793603093425863e-06, 0.9276147165924853, -0.37353840159363905, -0.00024337581488045532, -1.8579016585879722e-09, 0.3735384016115698, 0.9276147166369643, 0.05000000002624372, 0.0, 0.0, 0.0, 1.0], "right_foot_pose": [0.9999999996344477, -2.649173345216701e-05, 5.412269162320484e-06, -0.00011022506789661046, 2.7038945962796933e-05, 0.9797621021710566, -0.20016548758027422, -0.24067161272041943, -5.468818287324232e-12, 0.2001654876534453, 0.979762102529211, 1.7309348399052737e-11, 0.0, 0.0, 0.0, 1.0]}, {"left_foot_pose": [0.9999999999340983, -1.0660666263716806e-05, 4.260728582228257e-06, -4.9385740650085413e-05, 1.1480575316249722e-05, 0.9286446621482077, -0.37097047231799996, -0.00028526616340359204, -1.9104557018605673e-09, 0.3709704723424679, 0.9286446622093989, 0.05000000009057626, 0.0, 0.0, 0.0, 1.0], "right_foot_pose": [0.9999999996344475, -2.650611165588219e-05, 5.341401888326947e-06, -0.00011022507193905393, 2.7038944676889856e-05, 0.9802940187942584, -0.19754401024860052, -0.2406716127204212, -2.073064488486263e-11, 0.19754401032081373, 0.9802940191526069, 5.86402593150126e-11, 0.0, 0.0, 0.0, 1.0]}, {"left_foot_pose": [0.9999999999129179, -1.2276628252815191e-05, 4.84238793641012e-06, -5.681400877439319e-05, 1.3197132962369631e-05, 0.9303035404118446, -0.3667905703845517, -0.0003278913324788642, -1.9391619513012258e-09, 0.3667905704165164, 0.9303035404928481, 0.05000000019763012, 0.0, 0.0, 0.0, 1.0], "right_foot_pose": [0.999999999634448, -2.6529519654228566e-05, 5.223887680739829e-06, -0.00011022507881208385, 2.7038942574981548e-05, 0.981159989331712, -0.19319698393994564, -0.24067161272118381, -4.6398739753530246e-11, 0.19319698401057045, 0.9811599896903771, 1.2842121810408003e-10, 0.0, 0.0, 0.0, 1.0]}, {"left_foot_pose": [0.9999999998887211, -1.3912022427483939e-05, 5.386412909980098e-06, -6.426255627094493e-05, 1.491837150216646e-05, 0.9325900389063602, -0.36093741716546635, -0.00037063289758562483, -1.9455828072163355e-09, 0.3609374172056581, 0.9325900390101273, 0.050000000349848236, 0.0, 0.0, 0.0, 1.0], "right_foot_pose": [0.9999999996344481, -2.6561541434363298e-05, 5.0585349607235285e-06, -0.0001102250887839891, 2.7038939685167515e-05, 0.9823446221508776, -0.18708031056246271, -0.24067161272350823, -8.319426720353133e-11, 0.18708031063085248, 0.9823446225099749, 2.2905775887149815e-10, 0.0, 0.0, 0.0, 1.0]}, {"left_foot_pose": [0.9999999998618981, -1.5546829934608152e-05, 5.873677735246385e-06, -7.162360995430217e-05, 1.6619386493589938e-05, 0.9355046176978804, -0.35331446331807714, -0.0004128724331852428, -1.9327696514884545e-09, 0.3533144633669007, 0.9355046178270641, 0.05000000055202605, 0.0, 0.0, 0.0, 1.0], "right_foot_pose": [0.9999999996344483, -2.66016019997308e-05, 4.843431973190474e-06, -0.0001102251022617913, 2.7038936040572304e-05, 0.9838266443989292, -0.1791232342261634, -0.24067161272866192, -1.324398649052945e-10, 0.17912323429164578, 0.9838266447585684, 3.648566587743929e-10, 0.0, 0.0, 0.0, 1.0]}, {"left_foot_pose": [0.9999999998330072, -1.716364728914545e-05, 6.276499318835782e-06, -7.878962317143384e-05, 1.8275262733129727e-05, 0.939211368922087, -0.34333948819428783, -0.00045399202212135885, -2.0016413410093062e-09, 0.3433394882516574, 0.939211369078916, 0.049655102050919345, 0.0, 0.0, 0.0, 1.0], "right_foot_pose": [0.9999999996344481, -2.6648851828155125e-05, 4.57630061632237e-06, -0.00011022511955826805, 2.703893176597153e-05, 0.9855746189357569, -0.1692414540782947, -0.2406716127384797, -1.9530321925628792e-10, 0.16924145414016645, 0.9855746192960348, 5.40079064803578e-10, 0.0, 0.0, 0.0, 1.0]}, {"left_foot_pose": [0.9999999998027685, -1.8761174201687826e-05, 6.517761893198859e-06, -8.56523561759727e-05, 1.9861089415012966e-05, 0.9446557112925013, -0.32806338827732245, -0.0004933740684007829, -2.1866205047133932e-09, 0.328063388342068, 0.9446557114788031, 0.04676863865777689, 0.0, 0.0, 0.0, 1.0], "right_foot_pose": [0.9999999996344481, -2.6702141854357246e-05, 4.254314802144467e-06, -0.00011022514117930982, 2.703892701213692e-05, 0.9875460278791282, -0.1573303597181862, -0.24067161275565702, -2.7410115356154195e-10, 0.157330359775706, 0.9875460282401266, 7.626975578878259e-10, 0.0, 0.0, 0.0, 1.0]}, {"left_foot_pose": [0.9999999997720467, -2.0313128069537228e-05, 6.579065995215849e-06, -9.21039393718022e-05, 2.1351985294685755e-05, 0.9513793661405572, -0.3080215921426385, -0.000530399116128703, -2.3055870956419617e-09, 0.30802159221289993, 0.9513793663574126, 0.04154533972577645, 0.0, 0.0, 0.0, 1.0], "right_foot_pose": [0.9999999996344485, -2.6759948633869522e-05, 3.874075231703333e-06, -0.00011022516730174389, 2.703892212415553e-05, 0.9896844855428882, -0.14326415582624716, -0.2406716127838646, -3.707017725192646e-10, 0.14326415587862754, 0.9896844859046675, 1.0402597533376579e-09, 0.0, 0.0, 0.0, 1.0]}, {"left_foot_pose": [0.9999999997418314, -2.1783636809285928e-05, 6.466100215374304e-06, -9.803695753576175e-05, 2.272305611626445e-05, 0.9586869128501317, -0.2844633589999752, -0.0005644481074378593, -2.319155614433219e-09, 0.28446335907346537, 0.9586869130976196, 0.03470488274518807, 0.0, 0.0, 0.0, 1.0], "right_foot_pose": [0.9999999996344484, -2.682023358689012e-05, 3.431928710474304e-06, -0.00011022519805621925, 2.703891758345997e-05, 0.99191454124634, -0.12690761258869268, -0.2406716128282404, -4.881787978064708e-10, 0.126907612635097, 0.9919145416089341, 1.3848380081560308e-09, 0.0, 0.0, 0.0, 1.0]}, {"left_foot_pose": [0.9999999997132132, -2.31350333428289e-05, 6.192258678483498e-06, -0.00010334386841930054, 2.394940146060201e-05, 0.9660204259376827, -0.25846573486171553, -0.0005949022319252963, -2.2349720517726688e-09, 0.2584657349358917, 0.9660204262147108, 0.026966945187775287, 0.0, 0.0, 0.0, 1.0], "right_foot_pose": [0.9999999996344486, -2.688039498082041e-05, 2.9235673062242215e-06, -0.00011022523299952097, 2.7038914173978346e-05, 0.9941398857719956, -0.10810128022434275, -0.24067161289564254, -6.297575794942986e-10, 0.10810128026387625, 0.9941398861354035, 1.8106708354892476e-09, 0.0, 0.0, 0.0, 1.0]}, {"left_foot_pose": [0.9999999996873471, -2.433021182887612e-05, 5.774656418433555e-06, -0.00010791699051918013, 2.500611645258914e-05, 0.9729896910997057, -0.23084856592232883, -0.0006211428916210859, -2.086655649969266e-09, 0.2308485659945551, 0.9729896914039012, 0.0190512045219922, 0.0, 0.0, 0.0, 1.0], "right_foot_pose": [0.9999999996344486, -2.693705228366007e-05, 2.344789184850208e-06, -0.00011022527055746384, 2.703891309585948e-05, 0.9962353642761288, -0.0866896662498359, -0.2406716129945327, -7.978357265789479e-10, 0.08668966628154688, 0.996235364640302, 2.3320379655134005e-09, 0.0, 0.0, 0.0, 1.0]}, {"left_foot_pose": [0.9999999996654159, -2.5333955739114047e-05, 5.230614155499191e-06, -0.00011164850350552091, 2.586829399394457e-05, 0.9793588717607028, -0.20212916571943762, -0.0006425516541855598, -1.9170399930523812e-09, 0.20212916578711543, 0.9793588720883716, 0.011677338341875981, 0.0, 0.0, 0.0, 1.0], "right_foot_pose": [0.9999999996344486, -2.6985932723129777e-05, 1.691866569376275e-06, -0.00011022530786877413, 2.7038915962291736e-05, 0.9980427821565974, -0.06253482433026532, -0.24067161313493246, -9.94655741716117e-10, 0.06253482435315184, 0.9980427825214322, 2.9659607686527423e-09, 0.0, 0.0, 0.0, 1.0]}, {"left_foot_pose": [0.999999999648583, -2.6113240443467107e-05, 4.5752859479386565e-06, -0.00011443043493014962, 2.651102723147646e-05, 0.9850068845356704, -0.1725150333000001, -0.0006585101849233849, -1.7616128321197929e-09, 0.17251503336067076, 0.9850068848818107, 0.005565024567298266, 0.0, 0.0, 0.0, 1.0], "right_foot_pose": [0.9999999996344485, -2.7021805165940842e-05, 9.62032747165656e-07, -0.00011022533912917118, 2.7038924903642397e-05, 0.9993684456888073, -0.035534617353162004, -0.2406716133245187, -1.215664585079479e-09, 0.03553461736618457, 0.9993684460541272, 3.7131137747836718e-09, 0.0, 0.0, 0.0, 1.0]}, {"left_foot_pose": [0.999999999637942, -2.6635392877678773e-05, 3.830455729714188e-06, -0.00011615462960939613, 2.6909413637376876e-05, 0.9898253397880511, -0.14228772255312486, -0.0006684001657628995, -1.5927522777770438e-09, 0.14228772260468378, 0.9898253401464193, 0.001433941455413687, 0.0, 0.0, 0.0, 1.0], "right_foot_pose": [0.999999999634448, -2.7038439459262807e-05, 1.648340704270898e-07, -0.00011022535026233501, 2.7038941856280865e-05, 0.9999817302400889, -0.006044704702064688, -0.2406716135290423, -1.3916768197126832e-09, 0.0060447047043119375, 0.9999817306056342, 4.374435327858528e-09, 0.0, 0.0, 0.0, 1.0]}, {"left_foot_pose": [0.9999999996344497, -2.6868810434970134e-05, 3.0277903576847454e-06, -0.00011671422951907429, 2.7038869920194047e-05, 0.9937165384211246, -0.11192604941316885, -0.0006716115476829735, -1.4455490108679602e-09, 0.11192604945412217, 0.9937165387843733, 5.141009853937284e-09, 0.0, 0.0, 0.0, 1.0], "right_foot_pose": [0.9999999996344474, -2.703055082743889e-05, -6.744718007648683e-07, -0.00011022534116845659, 2.7038964255408326e-05, 0.9996874588756937, 0.024999676709004017, -0.24067161371207094, -1.4940314387239582e-09, -0.0249996767181024, 0.9996874592411329, 4.8543355446462044e-09, 0.0, 0.0, 0.0, 1.0]}, {"left_foot_pose": [0.9999999996344493, -2.6949886265142305e-05, 2.1920481992065977e-06, -0.00011671428504389514, 2.7038887602039097e-05, 0.9967128902986135, -0.0810148972812048, -0.0006716115862133824, -1.5004288416175541e-09, 0.08101489731086024, 0.9967128906629598, 5.133348093822043e-09, 0.0, 0.0, 0.0, 1.0], "right_foot_pose": [0.9999999996344467, -2.6995696983795072e-05, -1.529442701619131e-06, -0.00011022531537673366, 2.70389875605252e-05, 0.9983957822608545, 0.05662032526073326, -0.24067161384134703, -1.5160013026496362e-09, -0.05662032528139013, 0.9983957826258237, 5.111326487061696e-09, 0.0, 0.0, 0.0, 1.0]}, {"left_foot_pose": [0.9999999996344486, -2.7005436166796606e-05, 1.3450244554513713e-06, -0.0001167143444860061, 2.7038910317807616e-05, 0.9987647119062096, -0.04968953128985916, -0.0006716117101610106, -1.4754973958481128e-09, 0.04968953130806303, 0.9987647122713074, 4.871732475764112e-09, 0.0, 0.0, 0.0, 1.0], "right_foot_pose": [0.9999999996344457, -2.6934575896088406e-05, -2.37413549893844e-06, -0.00011022527891945202, 2.7039006933215598e-05, 0.9961330270587105, 0.08785779232227367, -0.24067161389057168, -1.4575940847031673e-09, -0.08785779235435126, 0.9961330274228543, 5.115895318485997e-09, 0.0, 0.0, 0.0, 1.0]}, {"left_foot_pose": [0.9999999996344483, -2.7034078296988538e-05, 5.123795771277972e-07, -0.000116714397160253, 2.7038933416731648e-05, 0.9998213981998304, -0.01889896744888187, -0.0006716118942860418, -1.3718996363802914e-09, 0.018898967455827455, 0.9998213985653166, 4.389501789825445e-09, 0.0, 0.0, 0.0, 1.0], "right_foot_pose": [0.999999999634446, -2.685091053452079e-05, -3.1838857991952466e-06, -0.00011022524057732047, 2.703901853871386e-05, 0.9930373139334817, 0.11780022243047143, -0.24067161384704086, -1.3258316295400086e-09, -0.11780022247349829, 0.9930373142964952, 4.856391969121354e-09, 0.0, 0.0, 0.0, 1.0]}, {"left_foot_pose": [0.9999999996344473, -2.703750179303633e-05, -2.800774177025289e-07, -0.00011671443688188177, 2.7038952367518744e-05, 0.9999458908178713, 0.010402629732446518, -0.0006716121056788635, -1.1988570302976166e-09, -0.010402629736216862, 0.9999458911834046, 3.734852371817254e-09, 0.0, 0.0, 0.0, 1.0], "right_foot_pose": [0.9999999996344453, -2.6750955687120888e-05, -3.9363691806894185e-06, -0.00011022520449731343, 2.7039020529557346e-05, 0.9893402172131288, 0.14562257336543777, -0.24067161371634363, -1.1346668545757183e-09, -0.14562257341864043, 0.9893402175747911, 4.343834764108934e-09, 0.0, 0.0, 0.0, 1.0]}, {"left_foot_pose": [0.999999999634447, -2.702020513490589e-05, -1.0070219856606055e-06, -0.00011671445735834951, 2.703896406799787e-05, 0.9993048822768675, 0.03727937132667592, -0.0006716123119606052, -9.74273735183316e-10, -0.03727937134027722, 0.9993048826421674, 2.9718504601650153e-09, 0.0, 0.0, 0.0, 1.0], "right_foot_pose": [0.9999999996310593, -2.6765337519127873e-05, -4.636583765004336e-06, -4.775997260553569e-05, 2.7163968803533853e-05, 0.9853212612233029, 0.17071031440261583, -0.24067161730080308, -5.946198209634364e-10, -0.170710314465582, 0.9853212615868308, 0.00019234898368047926, 0.0, 0.0, 0.0, 1.0]}, {"left_foot_pose": [0.9999999996344475, -2.69883583417466e-05, -1.6535905422165875e-06, -0.0001167144623895125, 2.7038969046044313e-05, 0.9981264988657, 0.06118407906470608, -0.0006716124712311047, -7.653121247297186e-10, -0.06118407908705151, 0.9981264992305694, 2.3005748139848237e-09, 0.0, 0.0, 0.0, 1.0], "right_foot_pose": [0.9999999995819778, -2.8363313505580253e-05, -5.6185131007360955e-06, 0.0008274360565394649, 2.8914446943054802e-05, 0.9809435835256692, 0.19429278191372798, -0.24067167889561428, 6.5728976115861e-10, -0.1942927819949655, 0.9809435839357219, 0.002756575964716859, 0.0, 0.0, 0.0, 1.0]}, {"left_foot_pose": [0.9999999996344473, -2.6947599631700997e-05, -2.2209788424210064e-06, -0.00011671445875145736, 2.7038969517863277e-05, 0.9966190207422748, 0.08216158934444727, -0.0006716125843165242, -5.878556653754596e-10, -0.08216158937446594, 0.996619021106593, 1.7543384661644623e-09, 0.0, 0.0, 0.0, 1.0], "right_foot_pose": [0.9999999994690971, -3.180758176798828e-05, -7.076964980781949e-06, 0.002662834497056718, 3.258536001153524e-05, 0.9761446571643846, 0.21712118097417907, -0.24067181092743012, 2.041837558898619e-09, -0.21712118108951436, 0.9761446576826084, 0.007742308263168768, 0.0, 0.0, 0.0, 1.0]}, {"left_foot_pose": [0.9999999996344473, -2.690257766271225e-05, -2.712390997278158e-06, -0.00011671445093620544, 2.703896724410831e-05, 0.9949541830006757, 0.10033031943711528, -0.0006716126619542052, -4.394418740855997e-10, -0.10033031947377957, 0.9949541833643856, 1.314332517821093e-09, 0.0, 0.0, 0.0, 1.0], "right_foot_pose": [0.9999999992782861, -3.6887789