{
    "LoopMode": "Wrap",
    "FrameDuration": 0.01670,
    "EnableCycleOffsetPosition": true,
    "EnableCycleOffsetRotation": false,
    "Joints": [
        "left_hip_yaw",
        "left_hip_roll",
        "left_hip_pitch",
        "left_knee",
        "left_ankle",
        "neck_pitch",
        "head_pitch",
        "head_yaw",
        "head_roll",
        "left_antenna",
        "right_antenna",
        "right_hip_yaw",
        "right_hip_roll",
        "right_hip_pitch",
        "right_knee",
        "right_ankle"
    ],
    "Vel_x": 0.00730,
    "Vel_y": 0.18120,
    "Yaw": -0.00000,
    "Frame_offset": [
        {
            "root_pos": 0,
            "root_quat": 3,
            "joints_pos": 7,
            "left_tos_pos": 23,
            "right_tos_pos": 26,
            "world_linear_vel": 29,
            "world_angular_vel": 32,
            "joints_vel": 35,
            "left_toe_vel": 51,
            "right_toe_vel": 54
        }
    ],
    "Frame_size": [
        {
            "root_pos": 3,
            "root_quat": 4,
            "joints_pos": 16,
            "left_tos_pos": 3,
            "right_tos_pos": 3,
            "world_linear_vel": 3,
            "world_angular_vel": 3,
            "joints_vel": 16,
            "left_toe_vel": 3,
            "right_toe_vel": 3
        }
    ],
    "Debug_info": [
        {
            "left_foot_pose": [
                1.00000,
                -0.00000,
                -0.00000,
                -0.00000,
                0.00000,
                0.99756,
                -0.06974,
                0.00000,
                0.00000,
                0.06974,
                0.99756,
                0.00000,
                0.00000,
                0.00000,
                0.00000,
                1.00000
            ],
            "right_foot_pose": [
                1.00000,
                0.00000,
                -0.00000,
                0.00000,
                -0.00000,
                0.99913,
                0.04162,
                -0.24000,
                0.00000,
                -0.04162,
                0.99913,
                0.00000,
                0.00000,
                0.00000,
                0.00000,
                1.00000
            ]
        },
        {
            "left_foot_pose": [
                1.00000,
                -0.00000,
                -0.00000,
                -0.00000,
                0.00000,
                0.99743,
                -0.07160,
                0.00000,
                0.00000,
                0.07160,
                0.99743,
                0.00000,
                0.00000,
                0.00000,
                0.00000,
                1.00000
            ],
            "right_foot_pose": [
                1.00000,
                0.00000,
                -0.00000,
                0.00000,
                -0.00000,
                0.99921,
                0.03975,
                -0.24000,
                0.00000,
                -0.03975,
                0.99921,
                0.00000,
                0.00000,
                0.00000,
                0.00000,
                1.00000
            ]
        },
        {
            "left_foot_pose": [
                1.00000,
                -0.00000,
                -0.00000,
                -0.00000,
                0.00000,
                0.99725,
                -0.07413,
                0.00000,
                0.00000,
                0.07413,
                0.99725,
                0.00000,
                0.00000,
                0.00000,
                0.00000,
                1.00000
            ],
            "right_foot_pose": [
                1.00000,
                0.00000,
                -0.00000,
                0.00000,
                -0.00000,
                0.99931,
                0.03718,
                -0.24000,
                0.00000,
                -0.03718,
                0.99931,
                0.00000,
                0.00000,
                0.00000,
                0.00000,
                1.00000
            ]
        },
        {
            "left_foot_pose": [
                1.00000,
                -0.00000,
                -0.00000,
                -0.00000,
                0.00000,
                0.99701,
                -0.07732,
                0.00000,
                0.00000,
                0.07732,
                0.99701,
                0.00000,
                0.00000,
                0.00000,
                0.00000,
                1.00000
            ],
            "right_foot_pose": [
                1.00000,
                0.00000,
                -0.00000,
                0.00000,
                -0.00000,
                0.99942,
                0.03395,
                -0.24000,
                0.00000,
                -0.03395,
                0.99942,
                0.00000,
                0.00000,
                0.00000,
                0.00000,
                1.00000
            ]
        },
        {
            "left_foot_pose": [
                1.00000,
                -0.00000,
                -0.00000,
                -0.00000,
                0.00000,
                0.99670,
                -0.08115,
                0.00000,
                0.00000,
                0.08115,
                0.99670,
                0.00000,
                0.00000,
                0.00000,
                0.00000,
                1.00000
            ],
            "right_foot_pose": [
                1.00000,
                0.00000,
                -0.00000,
                0.00000,
                -0.00000,
                0.99955,
                0.03006,
                -0.24000,
                0.00000,
                -0.03006,
                0.99955,
                0.00000,
                0.00000,
                0.00000,
                0.00000,
                1.00000
            ]
        },
        {
            "left_foot_pose": [
                1.00000,
                -0.00000,
                -0.00000,
                -0.00000,
                0.00000,
                0.99633,
                -0.08562,
                0.00000,
                0.00000,
                0.08562,
                0.99633,
                0.00000,
                0.00000,
                0.00000,
                0.00000,
                1.00000
            ],
            "right_foot_pose": [
                1.00000,
                0.00000,
                -0.00000,
                0.00000,
                -0.00000,
                0.99967,
                0.02550,
                -0.24000,
                0.00000,
                -0.02550,
                0.99967,
                0.00000,
                0.00000,
                0.00000,
                0.00000,
                1.00000
            ]
        },
        {
            "left_foot_pose": [
                1.00000,
                -0.00000,
                -0.00000,
                0.00000,
                0.00000,
                0.99588,
                -0.09073,
                0.00000,
                0.00000,
                0.09073,
                0.99588,
                0.00000,
                0.00000,
                0.00000,
                0.00000,
                1.00000
            ],
            "right_foot_pose": [
                1.00000,
                0.00000,
                -0.00000,
                0.00000,
                -0.00000,
                0.99979,
                0.02026,
                -0.24000,
                0.00000,
                -0.02026,
                0.99979,
                0.00000,
                0.00000,
                0.00000,
                0.00000,
                1.00000
            ]
        },
        {
            "left_foot_pose": [
                1.00000,
                -0.00000,
                -0.00000,
                0.00000,
                0.00000,
                0.99533,
                -0.09651,
                0.00000,
                0.00000,
                0.09651,
                0.99533,
                0.00000,
                0.00000,
                0.00000,
                0.00000,
                1.00000
            ],
            "right_foot_pose": [
                1.00000,
                0.00000,
                -0.00000,
                0.00000,
                -0.00000,
                0.99990,
                0.01433,
                -0.24000,
                0.00000,
                -0.01433,
                0.99990,
                0.00000,
                0.00000,
                0.00000,
                0.00000,
                1.00000
            ]
        },
        {
            "left_foot_pose": [
                1.00000,
                -0.00000,
                -0.00000,
                0.00000,
                0.00000,
                0.99468,
                -0.10298,
                0.00000,
                0.00000,
                0.10298,
                0.99468,
                0.00000,
                0.00000,
                0.00000,
                0.00000,
                1.00000
            ],
            "right_foot_pose": [
                1.00000,
                0.00000,
                -0.00000,
                0.00000,
                -0.00000,
                0.99997,
                0.00765,
                -0.24000,
                0.00000,
                -0.00765,
                0.99997,
                0.00000,
                0.00000,
                0.00000,
                0.00000,
                1.00000
            ]
        },
        {
            "left_foot_pose": [
                1.00000,
                -0.00000,
                -0.00000,
                0.00000,
                0.00000,
                0.99391,
                -0.11017,
                0.00000,
                0.00000,
                0.11017,
                0.99391,
                0.00000,
                0.00000,
                0.00000,
                0.00000,
                1.00000
            ],
            "right_foot_pose": [
                1.00000,
                0.00000,
                -0.00000,
                0.00000,
                0.00000,
                1.00000,
                0.00020,
                -0.24000,
                0.00000,
                -0.00020,
                1.00000,
                0.00000,
                0.00000,
                0.00000,
                0.00000,
                1.00000
            ]
        },
        {
            "left_foot_pose": [
                1.00000,
                -0.00000,
                -0.00000,
                0.00000,
                0.00000,
                0.99300,
                -0.11812,
                0.00000,
                0.00000,
                0.11812,
                0.99300,
                0.00000,
                0.00000,
                0.00000,
                0.00000,
                1.00000
            ],
            "right_foot_pose": [
                1.00000,
                -0.00000,
                -0.00000,
                0.00000,
                0.00000,
                0.99997,
                -0.00809,
                -0.24000,
                0.00000,
                0.00809,
                0.99997,
                0.00000,
                0.00000,
                0.00000,
                0.00000,
                1.00000
            ]
        },
        {
            "left_foot_pose": [
                1.00000,
                -0.00000,
                -0.00000,
                0.00000,
                0.00000,
                0.99192,
                -0.12688,
                0.00000,
                0.00000,
                0.12688,
                0.99192,
                0.00000,
                0.00000,
                0.00000,
                0.00000,
                1.00000
            ],
            "right_foot_pose": [
                1.00000,
                -0.00000,
                -0.00000,
                0.00000,
                0.00000,
                0.99985,
                -0.01728,
                -0.24000,
                0.00000,
                0.01728,
                0.99985,
                0.00000,
                0.00000,
                0.00000,
                0.00000,
                1.00000
            ]
        },
        {
            "left_foot_pose": [
                1.00000,
                -0.00000,
                -0.00000,
                0.00000,
                0.00000,
                0.99064,
                -0.13648,
                0.00000,
                0.00000,
                0.13648,
                0.99064,
                0.00000,
                0.00000,
                0.00000,
                0.00000,
                1.00000
            ],
            "right_foot_pose": [
                1.00000,
                -0.00000,
                -0.00000,
                0.00000,
                0.00000,
                0.99962,
                -0.02742,
                -0.24000,
                0.00000,
                0.02742,
                0.99962,
                0.00000,
                0.00000,
                0.00000,
                0.00000,
                1.00000
            ]
        },
        {
            "left_foot_pose": [
                1.00000,
                -0.00000,
                -0.00000,
                0.00000,
                0.00000,
                0.98915,
                -0.14691,
                0.00000,
                0.00000,
                0.14691,
                0.98915,
                0.00000,
                0.00000,
                0.00000,
                0.00000,
                1.00000
            ],
            "right_foot_pose": [
                1.00000,
                -0.00000,
                -0.00000,
                0.00000,
                0.00000,
                0.99926,
                -0.03850,
                -0.24000,
                0.00000,
                0.03850,
                0.99926,
                0.00000,
                0.00000,
                0.00000,
                0.00000,
                1.00000
            ]
        },
        {
            "left_foot_pose": [
                1.00000,
                -0.00000,
                -0.00000,
                0.00000,
                0.00000,
                0.98746,
                -0.15790,
                0.00000,
                0.00000,
                0.15790,
                0.98746,
                0.00000,
                0.00000,
                0.00000,
                0.00000,
                1.00000
            ],
            "right_foot_pose": [
                1.00000,
                -0.00000,
                -0.00000,
                0.00000,
                0.00000,
                0.99874,
                -0.05028,
                -0.24000,
                0.00000,
                0.05028,
                0.99874,
                0.00000,
                0.00000,
                0.00000,
                0.00000,
                1.00000
            ]
        },
        {
            "left_foot_pose": [
                1.00000,
                -0.00000,
                -0.00000,
                0.00000,
                0.00000,
                0.98572,
                -0.16837,
                -0.00000,
                0.00000,
                0.16837,
                0.98572,
                0.00013,
                0.00000,
                0.00000,
                0.00000,
                1.00000
            ],
            "right_foot_pose": [
                1.00000,
                -0.00000,
                -0.00000,
                0.00000,
                0.00000,
                0.99811,
                -0.06151,
                -0.24000,
                0.00000,
                0.06151,
                0.99811,
                0.00000,
                0.00000,
                0.00000,
                0.00000,
                1.00000
            ]
        },
        {
            "left_foot_pose": [
                1.00000,
                -0.00000,
                -0.00000,
                0.00000,
                0.00000,
                0.98395,
                -0.17845,
                -0.00000,
                0.00000,
                0.17845,
                0.98395,
                0.00339,
                0.00000,
                0.00000,
                0.00000,
                1.00000
            ],
            "right_foot_pose": [
                1.00000,
                -0.00000,
                -0.00000,
                0.00000,
                0.00000,
                0.99752,
                -0.07041,
                -0.24000,
                0.00000,
                0.07041,
                0.99752,
                0.00000,
                0.00000,
                0.00000,
                0.00000,
                1.00000
            ]
        },
        {
            "left_foot_pose": [
                1.00000,
                -0.00000,
                -0.00000,
                0.00000,
                0.00000,
                0.98224,
                -0.18761,
                -0.00000,
                0.00000,
                0.18761,
                0.98224,
                0.00953,
                0.00000,
                0.00000,
                0.00000,
                1.00000
            ],
            "right_foot_pose": [
                1.00000,
                -0.00000,
                -0.00000,
                0.00000,
                0.00000,
                0.99709,
                -0.07624,
                -0.24000,
                0.00000,
                0.07624,
                0.99709,
                0.00000,
                0.00000,
                0.00000,
                0.00000,
                1.00000
            ]
        },
        {
            "left_foot_pose": [
                1.00000,
                -0.00000,
                -0.00000,
                0.00000,
                0.00000,
                0.98089,
                -0.19458,
                -0.00000,
                0.00000,
                0.19458,
                0.98089,
                0.01652,
                0.00000,
                0.00000,
                0.00000,
                1.00000
            ],
            "right_foot_pose": [
                1.00000,
                -0.00000,
                -0.00000,
                0.00000,
                0.00000,
                0.99689,
                -0.07884,
                -0.24000,
                0.00000,
                0.07884,
                0.99689,
                0.00000,
                0.00000,
                0.00000,
                0.00000,
                1.00000
            ]
        },
        {
            "left_foot_pose": [
                1.00000,
                0.00000,
                -0.00000,
                0.00000,
                -0.00000,
                0.98023,
                -0.19788,
                -0.00000,
                0.00000,
                0.19788,
                0.98023,
                0.02235,
                0.00000,
                0.00000,
                0.00000,
                1.00000
            ],
            "right_foot_pose": [
                1.00000,
                -0.00000,
                -0.00000,
                0.00000,
                0.00000,
                0.99694,
                -0.07819,
                -0.24000,
                0.00000,
                0.07819,
                0.99694,
                0.00000,
                0.00000,
                0.00000,
                0.00000,
                1.00000
            ]
        },
        {
            "left_foot_pose": [
                1.00000,
                -0.00000,
                -0.00000,
                0.00000,
                0.00000,
                0.98063,
                -0.19589,
                0.00000,
                0.00000,
                0.19589,
                0.98063,
                0.02499,
                0.00000,
                0.00000,
                0.00000,
                1.00000
            ],
            "right_foot_pose": [
                1.00000,
                -0.00000,
                -0.00000,
                0.00000,
                0.00000,
                0.99724,
                -0.07431,
                -0.24000,
                0.00000,
                0.07431,
                0.99724,
                0.00000,
                0.00000,
                0.00000,
                0.00000,
                1.00000
            ]
        },
        {
            "left_foot_pose": [
                1.00000,
                -0.00000,
                -0.00000,
                0.00000,
                0.00000,
                0.98201,
                -0.18882,
                0.00000,
                0.00000,
                0.18882,
                0.98201,
                0.02500,
                0.00000,
                0.00000,
                0.00000,
                1.00000
            ],
            "right_foot_pose": [
                1.00000,
                -0.00000,
                -0.00000,
                0.00000,
                0.00000,
                0.99774,
                -0.06716,
                -0.24000,
                0.00000,
                0.06716,
                0.99774,
                0.00000,
                0.00000,
                0.00000,
                0.00000,
                1.00000
            ]
        },
        {
            "left_foot_pose": [
                1.00000,
                -0.00000,
                -0.00000,
                0.00000,
                0.00000,
                0.98411,
                -0.17754,
                -0.00000,
                0.00000,
                0.17754,
                0.98411,
                0.02363,
                0.00000,
                0.00000,
                0.00000,
                1.00000
            ],
            "right_foot_pose": [
                1.00000,
                -0.00000,
                -0.00000,
                0.00000,
                0.00000,
                0.99839,
                -0.05670,
                -0.24000,
                0.00000,
                0.05670,
                0.99839,
                0.00000,
                0.00000,
                0.00000,
                0.00000,
                1.00000
            ]
        },
        {
            "left_foot_pose": [
                1.00000,
                -0.00000,
                -0.00000,
                0.00000,
                0.00000,
                0.98699,
                -0.16078,
                -0.00000,
                0.00000,
                0.16078,
                0.98699,
                0.01859,
                0.00000,
                0.00000,
                0.00000,
                1.00000
            ],
            "right_foot_pose": [
                1.00000,
                -0.00000,
                -0.00000,
                0.00000,
                0.00000,
                0.99908,
                -0.04283,
                -0.24000,
                0.00000,
                0.04283,
                0.99908,
                0.00000,
                0.00000,
                0.00000,
                0.00000,
                1.00000
            ]
        },
        {
            "left_foot_pose": [
                1.00000,
                -0.00000,
                -0.00000,
                0.00000,
                0.00000,
                0.99014,
                -0.14010,
                -0.00000,
                0.00000,
                0.14010,
                0.99014,
                0.01175,
                0.00000,
                0.00000,
                0.00000,
                1.00000
            ],
            "right_foot_pose": [
                1.00000,
                -0.00000,
                -0.00000,
                0.00000,
                0.00000,
                0.99968,
                -0.02548,
                -0.24000,
                0.00000,
                0.02548,
                0.99968,
                0.00000,
                0.00000,
                0.00000,
                0.00000,
                1.00000
            ]
        },
        {
            "left_foot_pose": [
                1.00000,
                -0.00000,
                -0.00000,
                0.00000,
                0.00000,
                0.99316,
                -0.11677,
                -0.00000,
                0.00000,
                0.11677,
                0.99316,
                0.00512,
                0.00000,
                0.00000,
                0.00000,
                1.00000
            ],
            "right_foot_pose": [
                1.00000,
                -0.00000,
                -0.00000,
                0.00000,
                0.00000,
                0.99999,
                -0.00459,
                -0.24000,
                0.00000,
                0.00459,
                0.99999,
                0.00000,
                0.00000,
                0.00000,
                0.00000,
                1.00000
            ]
        },
        {
            "left_foot_pose": [
                1.00000,
                -0.00000,
                -0.00000,
                0.00000,
                0.00000,
                0.99580,
                -0.09160,
                -0.00000,
                0.00000,
                0.09160,
                0.99580,
                0.00073,
                0.00000,
                0.00000,
                0.00000,
                1.00000
            ],
            "right_foot_pose": [
                1.00000,
                0.00000,
                -0.00000,
                0.00000,
                -0.00000,
                0.99981,
                0.01960,
                -0.24000,
                0.00000,
                -0.01960,
                0.99981,
                0.00000,
                0.00000,
                0.00000,
                0.00000,
                1.00000
            ]
        },
        {
            "left_foot_pose": [
                1.00000,
                -0.00000,
                -0.00000,
                0.00000,
                0.00000,
                0.99786,
                -0.06539,
                0.00000,
                0.00000,
                0.06539,
                0.99786,
                0.00000,
                0.00000,
                0.00000,
                0.00000,
                1.00000
            ],
            "right_foot_pose": [
                1.00000,
                0.00000,
                -0.00000,
                0.00000,
                -0.00000,
                0.99894,
                0.04601,
                -0.24000,
                0.00000,
                -0.04601,
                0.99894,
                0.00000,
                0.00000,
                0.00000,
                0.00000,
                1.00000
            ]
        },
        {
            "left_foot_pose": [
                1.00000,
                -0.00000,
                -0.00000,
                0.00000,
                0.00000,
                0.99926,
                -0.03858,
                0.00000,
                0.00000,
                0.03858,
                0.99926,
                0.00000,
                0.00000,
                0.00000,
                0.00000,
                1.00000
            ],
            "right_foot_pose": [
                1.00000,
                0.00000,
                -0.00000,
                0.00000,
                -0.00000,
                0.99735,
                0.07276,
                -0.24000,
                0.00000,
                -0.07276,
                0.99735,
                0.00000,
                0.00000,
                0.00000,
                0.00000,
                1.00000
            ]
        },
        {
            "left_foot_pose": [
                1.00000,
                -0.00000,
                -0.00000,
                0.00000,
                0.00000,
                0.99992,
                -0.01301,
                0.00000,
                0.00000,
                0.01301,
                0.99992,
                0.00000,
                0.00000,
                0.00000,
                0.00000,
                1.00000
            ],
            "right_foot_pose": [
                1.00000,
                0.00000,
                -0.00000,
                0.00000,
                -0.00000,
                0.99521,
                0.09776,
                -0.23999,
                0.00000,
                -0.09776,
                0.99521,
                0.00003,
                0.00000,
                0.00000,
                0.00000,
                1.00000
            ]
        },
        {
            "left_foot_pose": [
                1.00000,
                0.00000,
                -0.00000,
                0.00000,
                -0.00000,
                0.99995,
                0.00960,
                0.00000,
                0.00000,
                -0.00960,
                0.99995,
                0.00000,
                0.00000,
                0.00000,
                0.00000,
                1.00000
            ],
            "right_foot_pose": [
                1.00000,
                0.00000,
                -0.00000,
                0.00000,
                -0.00000,
                0.99319,
                0.11653,
                -0.23876,
                0.00000,
                -0.11653,
                0.99319,
                0.00282,
                0.00000,
                0.00000,
                0.00000,
                1.00000
            ]
        },
        {
            "left_foot_pose": [
                1.00000,
                0.00000,
                -0.00000,
                0.00000,
                -0.00000,
                0.99959,
                0.02878,
                0.00000,
                0.00000,
                -0.02878,
                0.99959,
                0.00000,
                0.00000,
                0.00000,
                0.00000,
                1.00000
            ],
            "right_foot_pose": [
                1.00000,
                0.00000,
                -0.00000,
                0.00000,
                -0.00000,
                0.99184,
                0.12752,
                -0.23577,
                0.00000,
                -0.12752,
                0.99184,
                0.00872,
                0.00000,
                0.00000,
                0.00000,
                1.00000
            ]
        },
        {
            "left_foot_pose": [
                1.00000,
                0.00000,
                -0.00000,
                0.00000,
                -0.00000,
                0.99901,
                0.04451,
                0.00000,
                0.00000,
                -0.04451,
                0.99901,
                0.00000,
                0.00000,
                0.00000,
                0.00000,
                1.00000
            ],
            "right_foot_pose": [
                1.00000,
                -0.00000,
                -0.00000,
                0.00000,
                0.00000,
                0.99137,
                0.13113,
                -0.23139,
                0.00000,
                -0.13113,
                0.99137,
                0.01572,
                0.00000,
                0.00000,
                0.00000,
                1.00000
            ]
        },
        {
            "left_foot_pose": [
                1.00000,
                0.00000,
                -0.00000,
                0.00000,
                -0.00000,
                0.99838,
                0.05688,
                0.00000,
                0.00000,
                -0.05688,
                0.99838,
                0.00000,
                0.00000,
                0.00000,
                0.00000,
                1.00000
            ],
            "right_foot_pose": [
                1.00000,
                0.00000,
                -0.00000,
                0.00000,
                -0.00000,
                0.99185,
                0.12739,
                -0.22598,
                0.00000,
                -0.12739,
                0.99185,
                0.02179,
                0.00000,
                0.00000,
                0.00000,
                1.00000
            ]
        },
        {
            "left_foot_pose": [
                1.00000,
                0.00000,
                -0.00000,
                0.00000,
                -0.00000,
                0.99782,
                0.06602,
                0.00000,
                0.00000,
                -0.06602,
                0.99782,
                0.00000,
                0.00000,
                0.00000,
                0.00000,
                1.00000
            ],
            "right_foot_pose": [
                1.00000,
                0.00000,
                -0.00000,
                0.00000,
                -0.00000,
                0.99320,
                0.11641,
                -0.21992,
                0.00000,
                -0.11641,
                0.99320,
                0.02491,
                0.00000,
                0.00000,
                0.00000,
                1.00000
            ]
        },
        {
            "left_foot_pose": [
                1.00000,
                0.00000,
                -0.00000,
                0.00000,
                -0.00000,
                0.99740,
                0.07201,
                0.00000,
                0.00000,
                -0.07201,
                0.99740,
                0.00000,
                0.00000,
                0.00000,
                0.00000,
                1.00000
            ],
            "right_foot_pose": [
                1.00000,
                0.00000,
                -0.00000,
                0.00000,
                -0.00000,
                0.99503,
                0.09958,
                -0.21358,
                0.00000,
                -0.09958,
                0.99503,
                0.02500,
                0.00000,
                0.00000,
                0.00000,
                1.00000
            ]
        },
        {
            "left_foot_pose": [
                1.00000,
                0.00000,
                -0.00000,
                0.00000,
                -0.00000,
                0.99719,
                0.07491,
                0.00000,
                0.00000,
                -0.07491,
                0.99719,
                0.00000,
                0.00000,
                0.00000,
                0.00000,
                1.00000
            ],
            "right_foot_pose": [
                1.00000,
                0.00000,
                -0.00000,
                0.00000,
                -0.00000,
                0.99685,
                0.07931,
                -0.20731,
                0.00000,
                -0.07931,
                0.99685,
                0.02401,
                0.00000,
                0.00000,
                0.00000,
                1.00000
            ]
        },
        {
            "left_foot_pose": [
                1.00000,
                0.00000,
                -0.00000,
                0.00000,
                -0.00000,
                0.99720,
                0.07477,
                0.00000,
                0.00000,
                -0.07477,
                0.99720,
                0.00000,
                0.00000,
                0.00000,
                0.00000,
                1.00000
            ],
            "right_foot_pose": [
                1.00000,
                0.00000,
                -0.00000,
                0.00000,
                -0.00000,
                0.99839,
                0.05666,
                -0.20150,
                0.00000,
                -0.05666,
                0.99839,
                0.01932,
                0.00000,
                0.00000,
                0.00000,
                1.00000
            ]
        },
        {
            "left_foot_pose": [
                1.00000,
                0.00000,
                -0.00000,
                0.00000,
                -0.00000,
                0.99743,
                0.07161,
                0.00000,
                0.00000,
                -0.07161,
                0.99743,
                0.00000,
                0.00000,
                0.00000,
                0.00000,
                1.00000
            ],
            "right_foot_pose": [
                1.00000,
                0.00000,
                -0.00000,
                0.00000,
                -0.00000,
                0.99942,
                0.03417,
                -0.19651,
                0.00000,
                -0.03417,
                0.99942,
                0.01258,
                0.00000,
                0.00000,
                0.00000,
                1.00000
            ]
        },
        {
            "left_foot_pose": [
                1.00000,
                0.00000,
                -0.00000,
                0.00000,
                -0.00000,
                0.99786,
                0.06545,
                0.00000,
                0.00000,
                -0.06545,
                0.99786,
                0.00000,
                0.00000,
                0.00000,
                0.00000,
                1.00000
            ],
            "right_foot_pose": [
                1.00000,
                0.00000,
                -0.00000,
                0.00000,
                -0.00000,
                0.99991,
                0.01377,
                -0.19270,
                0.00000,
                -0.01377,
                0.99991,
                0.00583,
                0.00000,
                0.00000,
                0.00000,
                1.00000
            ]
        },
        {
            "left_foot_pose": [
                1.00000,
                0.00000,
                -0.00000,
                0.00000,
                -0.00000,
                0.99840,
                0.05654,
                0.00000,
                0.00000,
                -0.05654,
                0.99840,
                0.00000,
                0.00000,
                0.00000,
                0.00000,
                1.00000
            ],
            "right_foot_pose": [
                1.00000,
                -0.00000,
                -0.00000,
                0.00000,
                0.00000,
                1.00000,
                -0.00316,
                -0.19045,
                0.00000,
                0.00316,
                1.00000,
                0.00107,
                0.00000,
                0.00000,
                0.00000,
                1.00000
            ]
        },
        {
            "left_foot_pose": [
                1.00000,
                0.00000,
                -0.00000,
                0.00000,
                -0.00000,
                0.99895,
                0.04578,
                0.00000,
                0.00000,
                -0.04578,
                0.99895,
                0.00000,
                0.00000,
                0.00000,
                0.00000,
                1.00000
            ],
            "right_foot_pose": [
                1.00000,
                -0.00000,
                -0.00000,
                0.00000,
                0.00000,
                0.99988,
                -0.01543,
                -0.19000,
                0.00000,
                0.01543,
                0.99988,
                0.00000,
                0.00000,
                0.00000,
                0.00000,
                1.00000
            ]
        },
