{"LoopMode": "Wrap", "FrameDuration": 0.0167, "EnableCycleOffsetPosition": true, "EnableCycleOffsetRotation": false, "Debug_info": [{"left_foot_pose": [1.0, 5.38766443784755e-10, -3.6775416045742304e-11, 2.5828487820872546e-07, -5.400200356331375e-10, 0.9976443164528773, -0.06859896390814788, -2.7364483756644326e-07, -2.7000623958883807e-13, 0.06859896390814788, 0.9976443164528774, 1.1946138522844763e-12, 0.0, 0.0, 0.0, 1.0], "right_foot_pose": [0.9999999994136153, -3.416370527859879e-05, -2.368669223484776e-06, -0.00036599818141757197, 3.424572020345462e-05, 0.9976051032907641, 0.0691668758543761, -0.24209741355099312, -2.564060075371799e-13, -0.06916687589493449, 0.9976051038757443, 4.94923546590087e-13, 0.0, 0.0, 0.0, 1.0]}, {"left_foot_pose": [1.0, 5.387847858834283e-10, -3.667849357569253e-11, 2.582847915030828e-07, -5.40031405010799e-10, 0.9976078399142668, -0.06912740224824586, -2.7364465294155843e-07, -6.540323838066797e-13, 0.06912740224824586, 0.9976078399142668, 2.642594476576221e-12, 0.0, 0.0, 0.0, 1.0], "right_foot_pose": [0.9999999994136152, -3.4164955183260334e-05, -2.350572331943912e-06, -0.00036599818131814873, 3.424572021380051e-05, 0.9976416003654013, 0.06863844438499289, -0.24209741355140404, -6.33215702094958e-13, -0.06863844442524139, 0.9976416009504028, 1.5352025206638586e-12, 0.0, 0.0, 0.0, 1.0]}, {"left_foot_pose": [1.0, 5.388104745360223e-10, -3.656219771386304e-11, 2.5828467453414826e-07, -5.400482561146447e-10, 0.9975550037202541, -0.06988572495641779, -2.736443490414242e-07, -1.1823875212257917e-12, 0.06988572495641779, 0.9975550037202539, 4.562614175362967e-12, 0.0, 0.0, 0.0, 1.0], "right_foot_pose": [0.9999999994136153, -3.41667329649244e-05, -2.3245886742739863e-06, -0.0003659981812080035, 3.4245720228968934e-05, 0.9976935114246557, 0.06787971779825631, -0.24209741355192346, -1.1547429679126253e-12, -0.06787971783805992, 0.9976935120096879, 3.055458663858701e-12, 0.0, 0.0, 0.0, 1.0]}, {"left_foot_pose": [1.0, 5.388429450900456e-10, -3.6437353134743944e-11, 2.582845392853916e-07, -5.400703773084103e-10, 0.997485874208921, -0.0708655822925688, -2.7364393667510256e-07, -1.8396395518038844e-12, 0.07086558229256881, 0.9974858742089209, 6.906988869737063e-12, 0.0, 0.0, 0.0, 1.0], "right_foot_pose": [0.9999999994136155, -3.4169002363702676e-05, -2.2909894770162254e-06, -0.00036599818109765703, 3.424572024815151e-05, 0.9977597777237963, 0.06689861570908118, -0.24209741355253922, -1.8069989948799048e-12, -0.06689861574830945, 0.9977597783088673, 5.004427428012548e-12, 0.0, 0.0, 0.0, 1.0]}, {"left_foot_pose": [1.0000000000000002, 5.388818566723352e-10, -3.6313008155985926e-11, 2.5828439673275525e-07, -5.400976436920057e-10, 0.9974003342629988, -0.07205951160019411, -2.736434250661182e-07, -2.612965399606537e-12, 0.0720595116001941, 0.9974003342629988, 9.633321917945636e-12, 0.0, 0.0, 0.0, 1.0], "right_foot_pose": [0.9999999994136154, -3.417172519379775e-05, -2.2500120284707492e-06, -0.00036599818099684043, 3.424572027054679e-05, 0.9978392842809615, 0.06570206673225223, -0.24209741355323977, -2.576938662457451e-12, -0.06570206677077882, 0.9978392848660791, 7.336117824330302e-12, 0.0, 0.0, 0.0, 1.0]}, {"left_foot_pose": [0.9999999999999998, 5.389283637413644e-10, -3.618566557506142e-11, 2.582842541773434e-07, -5.401304542518304e-10, 0.9972980924831791, -0.0734609741931878, -2.7364281409737734e-07, -3.50236506463375e-12, 0.07346097419318778, 0.9972980924831789, 1.2746942390506888e-11, 0.0, 0.0, 0.0, 1.0], "right_foot_pose": [0.9999999994136153, -3.4174861766243965e-05, -2.2018587221284136e-06, -0.00036599818091229694, 3.424572029574191e-05, 0.9979308721861698, 0.06429598093956614, -0.24209741355402498, -3.4656721936698887e-12, -0.06429598097726819, 0.9979308727713413, 1.0046838361255084e-11, 0.0, 0.0, 0.0, 1.0]}, {"left_foot_pose": [1.0, 5.389861395740936e-10, -3.6030900485428674e-11, 2.582841133261238e-07, -5.401700996221503e-10, 0.9971783192489204, -0.07506929878384475, -2.7364208557249803e-07, -4.53198589767112e-12, 0.07506929878384475, 0.9971783192489205, 1.6336335062483442e-11, 0.0, 0.0, 0.0, 1.0], "right_foot_pose": [0.9999999994136153, -3.4178381793101634e-05, -2.1465270804155168e-06, -0.0003659981808459223, 3.4245720323893e-05, 0.9980336569903224, 0.06268028670765607, -0.24209741355491468, -4.497957561966359e-12, -0.06268028674441066, 0.998033657575554, 1.3209100480082725e-11, 0.0, 0.0, 0.0, 1.0]}, {"left_foot_pose": [1.0000000000000002, 5.390576561514759e-10, -3.583994212519315e-11, 2.582839802381387e-07, -5.402175651259e-10, 0.9970398547108409, -0.07688646251574784, -2.736412294491661e-07, -5.712486039755049e-12, 0.07688646251574781, 0.9970398547108408, 2.0441093262490995e-11, 0.0, 0.0, 0.0, 1.0], "right_foot_pose": [0.9999999994136153, -3.4182256241494825e-05, -2.083919588835581e-06, -0.00036599818080421814, 3.4245720354691284e-05, 0.9981467909407408, 0.060852136872357396, -0.24209741355591477, -5.685341086802964e-12, -0.060852136908039964, 0.9981467915260387, 1.685385164762465e-11, 0.0, 0.0, 0.0, 1.0]}, {"left_foot_pose": [1.0, 5.391502903850931e-10, -3.5565328460052115e-11, 2.5828385367132613e-07, -5.40275480603869e-10, 0.9968810664039387, -0.07891856210896278, -2.73640204988268e-07, -7.094547171959675e-12, 0.07891856210896278, 0.9968810664039386, 2.524380704471696e-11, 0.0, 0.0, 0.0, 1.0], "right_foot_pose": [0.9999999994136153, -3.4186459403413166e-05, -2.0137920458962455e-06, -0.0003659981807885987, 3.424572038875778e-05, 0.9982695232841996, 0.05880440212405566, -0.24209741355706524, -7.080225294942011e-12, -0.058804402158537404, 0.9982695238695697, 2.1140922346063462e-11, 0.0, 0.0, 0.0, 1.0]}, {"left_foot_pose": [1.0, 5.392696783915185e-10, -3.5183078672673673e-11, 2.582837388770409e-07, -5.403459867048266e-10, 0.9966997622285307, -0.08117625252246281, -2.736389846050985e-07, -8.708922472067115e-12, 0.08117625252246279, 0.9966997622285307, 3.0855054622414e-11, 0.0, 0.0, 0.0, 1.0], "right_foot_pose": [0.9999999994136151, -3.4190967960584e-05, -1.9357369160366567e-06, -0.00036599818080582797, 3.4245720425910356e-05, 0.9984011731298925, 0.056525183061050366, -0.24209741355838565, -8.715139721005016e-12, -0.05652518309419556, 0.9984011737153394, 2.6165750122153497e-11, 0.0, 0.0, 0.0, 1.0]}, {"left_foot_pose": [1.0, 5.394268035724403e-10, -3.463335174203053e-11, 2.5828363765384444e-07, -5.404330628844267e-10, 0.9964933183654222, -0.08367237568677548, -2.7363751078316595e-07, -1.0623335544579504e-11, 0.08367237568677549, 0.9964933183654223, 3.751746135982614e-11, 0.0, 0.0, 0.0, 1.0], "right_foot_pose": [0.9999999994136153, -3.419575405263359e-05, -1.849263378539412e-06, -0.00036599818086172076, 3.4245720466528906e-05, 0.9985409268967788, 0.054000149438243605, -0.2420974135599252, -1.0660861082811834e-11, -0.054000149469908096, 0.9985409274823078, 3.2142136174861946e-11, 0.0, 0.0, 0.0, 1.0]}, {"left_foot_pose": [1.0, 5.396343727773201e-10, -3.385619562479292e-11, 2.582835548450846e-07, -5.405412714654112e-10, 0.9962583021934807, -0.08642566349507362, -2.7363572077318543e-07, -1.2908729640770389e-11, 0.0864256634950736, 0.9962583021934805, 4.54875026534296e-11, 0.0, 0.0, 0.0, 1.0], "right_foot_pose": [0.9999999994136153, -3.420078983756847e-05, -1.7536669492668189e-06, -0.00036599818096530316, 3.4245720510492e-05, 0.9986879715879603, 0.0512087319971516, -0.24209741356173176, -1.2992384945675894e-11, -0.05120873202717916, 0.9986879721735756, 3.929397085489228e-11, 0.0, 0.0, 0.0, 1.0]}, {"left_foot_pose": [1.0, 5.399078076978592e-10, -3.2787272896683817e-11, 2.5828349932283114e-07, -5.406762051962666e-10, 0.9959907362688925, -0.08945643222568975, -2.736335438695628e-07, -1.5642487305456143e-11, 0.08945643222568975, 0.9959907362688923, 5.5047882918657365e-11, 0.0, 0.0, 0.0, 1.0], "right_foot_pose": [0.9999999994136155, -3.420603591231582e-05, -1.648175852131395e-06, -0.0003659981811298785, 3.424572055708494e-05, 0.9988411566692779, 0.04812839671971224, -0.24209741356385459, -1.5792089858024383e-11, -0.04812839674793345, 0.9988411572549827, 4.7865669761115726e-11, 0.0, 0.0, 0.0, 1.0]}, {"left_foot_pose": [0.9999999999999999, 5.40272590554558e-10, -3.1308344805580646e-11, 2.582834794137567e-07, -5.408467736167655e-10, 0.9956856255512538, -0.09279081350332338, -2.736308602722948e-07, -1.8959112058070104e-11, 0.09279081350332338, 0.9956856255512538, 6.668857133185213e-11, 0.0, 0.0, 0.0, 1.0], "right_foot_pose": [0.9999999994136152, -3.421144496350628e-05, -1.531800680132367e-06, -0.0003659981813718308, 3.424572060585322e-05, 0.9989991005955696, 0.04473025638729835, -0.24209741356638376, -1.9202861523126558e-11, -0.044730256413526834, 0.9989991011813673, 5.828251770090276e-11, 0.0, 0.0, 0.0, 1.0]}, {"left_foot_pose": [1.0, 5.407534559020988e-10, -2.933625564693898e-11, 2.5828351384732384e-07, -5.410616850387573e-10, 0.9953370745006097, -0.09645780489192092, -2.7362757100673346e-07, -2.296035583881917e-11, 0.0964578048919209, 0.9953370745006097, 8.079535651628333e-11, 0.0, 0.0, 0.0, 1.0], "right_foot_pose": [0.9999999994136155, -3.421695134770515e-05, -1.4034327851519812e-06, -0.000365998181714651, 3.4245720654016085e-05, 0.9991598867771243, 0.040981940934449554, -0.24209741356937475, -2.333638837725971e-11, -0.040981940958479936, 0.9991598873630165, 7.086521647270416e-11, 0.0, 0.0, 0.0, 1.0]}, {"left_foot_pose": [1.0, 5.413951422589269e-10, -2.6684487952621794e-11, 2.582836230793917e-07, -5.413361425787855e-10, 0.9949379978603978, -0.10049069814437196, -2.7362348524549024e-07, -2.7855773243601334e-11, 0.10049069814437198, 0.9949379978603977, 9.814141166408774e-11, 0.0, 0.0, 0.0, 1.0], "right_foot_pose": [0.9999999994136154, -3.4222467381018855e-05, -1.2617894230571025e-06, -0.0003659981821905106, 3.424572069897665e-05, 0.9993209550095778, 0.03684599986397805, -0.24209741357295805, -2.8417268538305507e-11, -0.03684599988558301, 0.9993209555955642, 8.627293324181551e-11, 0.0, 0.0, 0.0, 1.0]}, {"left_foot_pose": [1.0, 5.422436215318793e-10, -2.321060010856968e-11, 2.5828384201537213e-07, -5.416857691564747e-10, 0.9944797868679787, -0.10492832558951855, -2.7361843550448295e-07, -3.3814229194462087e-11, 0.10492832558951855, 0.9944797868679784, 1.1938573740710723e-10, 0.0, 0.0, 0.0, 1.0], "right_foot_pose": [0.9999999994136153, -3.422787693951185e-05, -1.1053636614910545e-06, -0.00036599818284077933, 3.424572073426786e-05, 0.9994789149599487, 0.032278435180692, -0.24209741357721784, -3.4634073386996533e-11, -0.0322784351996184, 0.9994789155460281, 1.050377423927884e-10, 0.0, 0.0, 0.0, 1.0]}, {"left_foot_pose": [0.9999999999999999, 5.433707511715014e-10, -1.8666512779930144e-11, 2.5828421717777327e-07, -5.421344692613239e-10, 0.9939523984181617, -0.10981179207527694, -2.7361215540304407e-07, -4.111488927094342e-11, 0.10981179207527694, 0.9939523984181617, 1.456015308320957e-10, 0.0, 0.0, 0.0, 1.0], "right_foot_pose": [0.9999999994136153, -3.4233021694344504e-05, -9.325317466002403e-07, -0.00036599818372369807, 3.424572075138611e-05, 0.9996291440624168, 0.027231841073836256, -0.24209741358230333, -4.2294723279212576e-11, -0.02723184108980314, 0.9996291446485841, 1.2803716420428657e-10, 0.0, 0.0, 0.0, 1.0]}, {"left_foot_pose": [1.0000000000000002, 5.448679580438709e-10, -1.2770784429960713e-11, 2.582848158599882e-07, -5.427120940149077e-10, 0.9933434407313327, -0.11519031537432836, -2.7360433208292734e-07, -5.007771974874231e-11, 0.11519031537432833, 0.9933434407313328, 1.7805226737444002e-10, 0.0, 0.0, 0.0, 1.0], "right_foot_pose": [0.9999999994136154, -3.423769570581902e-05, -7.413376539866512e-07, -0.00036599818491662024, 3.424572073644754e-05, 0.9997656299519987, 0.02164911069567969, -0.2420974135883658, -5.175776474075633e-11, -0.02164911070837262, 0.999765630538246, 1.5627411864560514e-10, 0.0, 0.0, 0.0, 1.0]}, {"left_foot_pose": [1.0, 5.468473330411117e-10, -5.226485910725387e-12, 2.582857325045262e-07, -5.434547256655264e-10, 0.9926385090533149, -0.12111478169245983, -2.7359462272807944e-07, -6.104328154066252e-11, 0.12111478169245982, 0.9926385090533149, 2.1814160200417376e-10, 0.0, 0.0, 0.0, 1.0], "right_foot_pose": [0.9999999994136152, -3.424162366848834e-05, -5.297099461842869e-07, -0.00036599818651866095, 3.424572066809857e-05, 0.9998803353924743, 0.01546976802229039, -0.24209741359553374, -6.341610570004264e-11, -0.015469768031359457, 0.9998803359787891, 1.9081372593099388e-10, 0.0, 0.0, 0.0, 1.0]}, {"left_foot_pose": [1.0, 5.494841266023842e-10, 4.478167836552416e-12, 2.5828710307415624e-07, -5.444177331170863e-10, 0.9918199974532181, -0.12764439921868292, -2.735824755541877e-07, -7.458011985761459e-11, 0.12764439921868295, 0.991819997453218, 2.6817346954199905e-10, 0.0, 0.0, 0.0, 1.0], "right_foot_pose": [0.9999999994136153, -3.4244448073537915e-05, -2.9521145156197193e-07, -0.00036599818867533304, 3.4245720515945106e-05, 0.9999628235494202, 0.008622664686849954, -0.24209741360404555, -7.791656209121811e-11, -0.008622664691903483, 0.9999628241357832, 2.3343856014879094e-10, 0.0, 0.0, 0.0, 1.0]}, {"left_foot_pose": [1.0, 5.529666498998997e-10, 1.67406366546885e-11, 2.58289111754878e-07, -5.456590873587075e-10, 0.9908670589145346, -0.13484239525483163, -2.7356741569631304e-07, -9.115105892298914e-11, 0.1348423952548316, 0.9908670589145345, 3.302180195952076e-10, 0.0, 0.0, 0.0, 1.0], "right_foot_pose": [0.9999999994136153, -3.424570216781956e-05, -3.517606145253538e-08, -0.00036599819155741926, 3.424572023352871e-05, 0.9999994689998919, 0.00102996464253114, -0.24209741361398704, -9.581963000826477e-11, -0.001029964643131814, 0.9999994695862762, 2.855897046627476e-10, 0.0, 0.0, 0.0, 1.0]}, {"left_foot_pose": [1.0, 5.576032951343235e-10, 3.234562617748793e-11, 2.582920313867754e-07, -5.472723177413208e-10, 0.9897548260787354, -0.14277739405750578, -2.735486038327878e-07, -1.1162734625536075e-10, 0.14277739405750578, 0.9897548260787356, 4.080010912455023e-10, 0.0, 0.0, 0.0, 1.0], "right_foot_pose": [0.9999999994136153, -3.424478252361601e-05, 2.53360275925818e-07, -0.00036599819542515596, 3.4245719754521196e-05, 0.9999726570995167, -0.0073948550062402875, -0.24209741362561876, -1.1814688116729144e-10, 0.007394855010580563, 0.9999726576858852, 3.4999574072269724e-10, 0.0, 0.0, 0.0, 1.0]}, {"left_foot_pose": [1.0, 5.637399314722957e-10, 5.1951526414129034e-11, 2.58296227411553e-07, -5.493584892546366e-10, 0.9884531762442124, -0.1515266259530917, -2.7352529409323256e-07, -1.36773287140457e-10, 0.15152662595309166, 0.9884531762442124, 5.051643270359563e-10, 0.0, 0.0, 0.0, 1.0], "right_foot_pose": [0.9999999994136153, -3.424091152526114e-05, 5.738001167543416e-07, -0.00036599820058605956, 3.424571898257272e-05, 0.9998596894942855, -0.016751123891299725, -0.24209741363897097, -1.4585538332667625e-10, 0.016751123901127322, 0.999859690080588, 4.290449384658501e-10, 0.0, 0.0, 0.0, 1.0]}, {"left_foot_pose": [1.0, 5.718741036275787e-10, 7.655559519648136e-11, 2.58302224541429e-07, -5.520596479957618e-10, 0.9869269562898967, -0.16116818218358234, -2.7349644012887586e-07, -1.6772266908660072e-10, 0.16116818218358234, 0.9869269562898969, 6.27104687622726e-10, 0.0, 0.0, 0.0, 1.0], "right_foot_pose": [0.9999999994136153, -3.423309493034727e-05, 9.297299632393674e-07, -0.00036599820746869015, 3.4245717780216796e-05, 0.9996315459212876, -0.027143530099223614, -0.2420974136541025, -1.803578952852547e-10, 0.027143530115146336, 0.999631546507456, 5.26296423108974e-10, 0.0, 0.0, 0.0, 1.0]}, {"left_foot_pose": [1.0000000000000002, 5.826622916788038e-10, 1.0736234123953636e-10, 2.583107630238501e-07, -5.55556059489426e-10, 0.9851332975031452, -0.1717916940674957, -2.7346083892980377e-07, -2.0586277127421226e-10, 0.17179169406749567, 0.9851332975031449, 7.807861857056508e-10, 0.0, 0.0, 0.0, 1.0], "right_foot_pose": [0.9999999994136154, -3.422006024248088e-05, 1.3253444980931839e-06, -0.00036599821663537286, 3.4245715950866756e-05, 0.9992510863866485, -0.038694511010394776, -0.24209741367091514, -2.2343155103854428e-10, 0.03869451103309228, 0.9992510869725937, 6.461242374466991e-10, 0.0, 0.0, 0.0, 1.0]}, {"left_foot_pose": [1.0000000000000002, 5.968647416587647e-10, 1.454512899012883e-10, 2.583228206724797e-07, -5.600433242158864e-10, 0.9830224909089385, -0.18348510121311207, -2.734175299622804e-07, -2.5249766166801635e-10, 0.18348510121311204, 0.9830224909089386, 9.737517181473976e-10, 0.0, 0.0, 0.0, 1.0], "right_foot_pose": [0.9999999994136155, -3.4200199877913555e-05, 1.7649937413821704e-06, -0.0003659982287385649, 3.424571322836918e-05, 0.9986713927676046, -0.05153104011024672, -0.2420974136888467, -2.7688629167244017e-10, 0.051531040140473196, 0.9986713933532094, 7.926812539693628e-10, 0.0, 0.0, 0.0, 1.0]}, {"left_foot_pose": [1.0, 6.155643078598061e-10, 1.9249171701041234e-10, 2.5833980892356334e-07, -5.65789207152001e-10, 0.9805359685076617, -0.1963395387148046, -2.7336526270231587e-07, -3.09604675230446e-10, 0.19633953871480464, 0.9805359685076614, 1.2173992508524023e-09, 0.0, 0.0, 0.0, 1.0], "right_foot_pose": [0.9999999994136157, -3.417149096065792e-05, 2.253398971419074e-06, -0.00036599824466798105, 3.4245709238982236e-05, 0.9978334306657286, -0.06579090722200195, -0.24209741370714605, -3.434349471476139e-10, 0.06579090726059245, 0.9978334312508418, 9.723304245090603e-10, 0.0, 0.0, 0.0, 1.0]}, {"left_foot_pose": [1.0000000000000002, 6.39878407204808e-10, 2.4955623678657446e-10, 2.5836349794791655e-07, -5.730316568475224e-10, 0.9776061125986886, -0.21044307688702962, -2.7330388299370845e-07, -3.786256863591575e-10, 0.2104430768870296, 0.9776061125986887, 1.5229463384835995e-09, 0.0, 0.0, 0.0, 1.0], "right_foot_pose": [0.999999999413616, -3.413141766240267e-05, 2.795449461134858e-06, -0.0003659982653161337, 3.424570351378761e-05, 0.9966637814956253, -0.08161682107306333, -0.24209741372404117, -4.254225305366788e-10, 0.08161682112093666, 0.9966637820800518, 1.189905174392436e-09, 0.0, 0.0, 0.0, 1.0]}, {"left_foot_pose": [0.9999999999999999, 6.699095028706026e-10, 3.141271964768322e-10, 2.583952484792873e-07, -5.816604975450446e-10, 0.9741648926101442, -0.22583791091370492, -2.7323762926897976e-07, -4.5730261244436576e-10, 0.22583791091370492, 0.974164892610144, 1.8888623304347263e-09, 0.0, 0.0, 0.0, 1.0], "right_foot_pose": [0.9999999994136162, -3.40770408263167e-05, 3.394548790891516e-06, -0.0003659982907115819, 3.424569568137234e-05, 0.9950766595827697, -0.09910822559620944, -0.2420974137354957, -5.212217879524417e-10, 0.09910822565434266, 0.9950766601662648, 1.4388413654975452e-09, 0.0, 0.0, 0.0, 1.0]}, {"left_foot_pose": [1.0, 7.060293669147732e-10, 3.849728036353639e-10, 2.584368218448707e-07, -5.916021422747164e-10, 0.970152588599373, -0.24249526765266088, -2.731709100381452e-07, -5.446911532924759e-10, 0.24249526765266088, 0.970152588599373, 2.320527006660633e-09, 0.0, 0.0, 0.0, 1.0], "right_foot_pose": [0.9999999994136166, -3.4005177299512024e-05, 4.051528443127506e-06, -0.0003659983208957066, 3.4245685355954736e-05, 0.9929791603068219, -0.1182894163633925, -0.24209741373798396, -6.307354083467942e-10, 0.1182894164327769, 0.992979160889086, 1.7170839194946552e-09, 0.0, 0.0, 0.0, 1.0]}, {"left_foot_pose": [1.0, 7.326654595518622e-10, 4.1957035068485027e-10, 2.5847567737199983e-07, -5.982800713177916e-10, 0.9655650850629475, -0.2601616161300182, -2.731474093298214e-07, -5.95733906649798e-10, 0.26016161613001826, 0.9655650850629476, 2.6311055001393413e-09, 0.0, 0.0, 0.0, 1.0], "right_foot_pose": [0.9999999994136167, -3.3913506020444295e-05, 4.758193938525501e-06, -0.00036599834345309444, 3.424567563448805e-05, 0.9903032388562724, -0.1389226185256035, -0.24209741371627977, -7.018086667365253e-10, 0.13892261860708918, 0.9903032394369662, 1.8832174292215953e-09, 0.0, 0.0, 0.0, 1.0]}, {"left_foot_pose": [1.0, 7.235039442554658e-10, 3.6102579259456036e-10, 2.584835561598997e-07, -5.948571427105698e-10, 0.9607018253044917, -0.2775824253381655, -2.732160688002916e-07, -5.476701037121501e-10, 0.2775824253381654, 0.9607018253044917, 2.516674202368563e-09, 0.0, 0.0, 0.0, 1.0], "right_foot_pose": [0.9999999994136172, -3.380681725802942e-05, 5.464911771668746e-06, -0.00036599833768373723, 3.424567349840507e-05, 0.9871881183955256, -0.15956070232339706, -0.2420974136665426, -6.564641052975162e-10, 0.15956070241698292, 0.9871881189743923, 1.737420401992651e-09, 0.0, 0.0, 0.0, 1.0]}, {"left_foot_pose": [0.9999999999999981, -5.7218511557294294e-08, 1.8347897590142992e-08, -4.051369909510716e-07, 6.008394747014645e-08, 0.9558454317669552, -0.2938698871443609, -3.988814121762968e-06, -7.229565557320683e-10, 0.2938698871443616, 0.9558454317669568, 0.0005397574506577629, 0.0, 0.0, 0.0, 1.0], "right_foot_pose": [0.9999999994136167, -3.369580090630854e-05, 6.112248743972426e-06, -0.0003659983077330106, 3.4245679773586835e-05, 0.9839458325709957, -0.17846735666054858, -0.24209741361518317, -5.211609477306922e-10, 0.17846735676521638, 0.983945833147962, 1.36294980856988e-09, 0.0, 0.0, 0.0, 1.0]}, {"left_foot_pose": [0.9999999999999031, -4.179131921702717e-07, 1.377975963889888e-07, -4.5593964770676565e-06, 4.40043602639717e-07, 0.9504954246020244, -0.310738552179197, -2.7256541911935273e-05, -1.1142446409984075e-09, 0.3107385521792275, 0.9504954246021162, 0.0037384968835299515, 0.0, 0.0, 0.0, 1.0], "right_foot_pose": [0.9999999994136164, -3.358900890575167e-05, 6.674249869831339e-06, -0.0003659982772861739, 3.424568776418807e-05, 0.98082671253402, -0.19488190990171383, -0.24209741358187212, -3.923512070791446e-10, 0.1948819100160025, 0.9808267131091579, 1.0162012897829698e-09, 0.0, 0.0, 0.0, 1.0]}, {"left_foot_pose": [0.9999999999993485, -1.0777040418824546e-06, 3.760279511932918e-07, -1.222778471994604e-05, 1.1414205130025334e-06, 0.9446077288572786, -0.32820152129719216, -7.020648058550169e-05, -1.49480289257653e-09, 0.3282015212974076, 0.9446077288578931, 0.009189405167233516, 0.0, 0.0, 0.0, 1.0], "right_foot_pose": [0.9999999994136162, -3.3490605498190384e-05, 7.151714917386087e-06, -0.0003659982503237319, 3.4245695829077105e-05, 0.9779525115679096, -0.20882740228535498, -0.242097413562897, -2.8141838859241375e-10, 0.20882740240781744, 0.9779525121413634, 7.23322901574619e-10, 0.0, 0.0, 0.0, 1.0]}, {"left_foot_pose": [0.9999999999977258, -2.0004047387549295e-06, 7.393645140019167e-07, -2.3065761557038155e-05, 2.1326686548001073e-06, 0.9382815445464833, -0.3458724376976532, -0.00013090625166602837, -1.8472147977899311e-09, 0.3458724376984436, 0.9382815445486159, 0.01617280337129305, 0.0, 0.0, 0.0, 1.0], "right_foot_pose": [0.999999999413616, -3.340370106508922e-05, 7.547246916761452e-06, -0.0003659982281556173, 3.424570310026076e-05, 0.9754141425078146, -0.2203797845152239, -0.24209741355357123, -1.9093687742000043e-10, 0.22037978464445748, 0.9754141430797806, 4.878887432946399e-10, 0.0, 0.0, 0.0, 1.0]}, {"left_foot_pose": [0.9999999999942805, -3.150451679811983e-06, 1.2305356806574519e-06, -3.6728617726362187e-05, 3.382241747743042e-06, 0.9316990456803297, -0.3632311774434063, -0.0002074236966702024, -2.1466462218899807e-09, 0.36323117744549066, 0.9316990456856561, 0.023969013337457726, 0.0, 0.0, 0.0, 1.0], "right_foot_pose": [0.9999999994136157, -3.333024782110894e-05, 7.86531469065821e-06, -0.00036599821091587437, 3.424570914704883e-05, 0.9732686608808688, -0.22966957259156426, -0.24209741355000386, -1.2052486786373606e-10, 0.2296695727262429, 0.9732686614515772, 3.066504411508575e-10, 0.0, 0.0, 0.0, 1.0]}, {"left_foot_pose": [0.999999999988197, -4.494133762356078e-06, 1.846263138705062e-06, -5.287150421326714e-05, 4.858592415515894e-06, 0.9251714988087505, -0.37954933509145283, -0.00029782689332909576, -2.3645539415362293e-09, 0.37954933509594324, 0.925171498819666, 0.03185835744685557, 0.0, 0.0, 0.0, 1.0], "right_foot_pose": [0.9999999994136156, -3.327148572165872e-05, 8.11031174108301e-06, -0.00036599819807503486, 3.424571387285191e-05, 0.9715522914630841, -0.23682513333694472, -0.24209741354942063, -6.791417428431146e-11, 0.23682513347581757, 0.9715522920327866, 1.7231062410250075e-10, 0.0, 0.0, 0.0, 1.0]}, {"left_foot_pose": [0.9999999999786785, -6.001386373140349e-06, 2.5741976724114046e-06, -7.114946202243927e-05, 6.5301704335746225e-06, 0.9191742133041836, -0.39385119722300205, -0.000400184133679652, -2.48291245896759e-09, 0.3938511972314146, 0.9191742133237752, 0.03912115828308614, 0.0, 0.0, 0.0, 1.0], "right_foot_pose": [0.9999999994136153, -3.3228304890369625e-05, 8.285463544033256e-06, -0.0003659981890938496, 3.4245717280056986e-05, 0.9702910328748813, -0.24194071660187108, -0.24209741355001357, -3.108335810964036e-11, 0.24194071674374243, 0.9702910334438448, 7.878675489791931e-11, 0.0, 0.0, 0.0, 1.0]}, {"left_foot_pose": [0.99999999996501, -7.647819309085369e-06, 3.3898575559354605e-06, -9.12174302729038e-05, 8.365420975972593e-06, 0.914339877200948, -0.40494763722014115, -0.000512563926292009, -2.515582242512693e-09, 0.40494763723432964, 0.9143398772329322, 0.045037738421553786, 0.0, 0.0, 0.0, 1.0], "right_foot_pose": [0.9999999994136154, -3.320120755600717e-05, 8.393396932981911e-06, -0.0003659981836316953, 3.424571937120369e-05, 0.9694995555274071, -0.2450930653025311, -0.24209741355065087, -8.864242673212175e-12, 0.24509306544625017, 0.9694995560959067, 2.255985676047345e-11, 0.0, 0.0, 0.0, 1.0]}, {"left_foot_pose": [0.9999999999466168, -9.41639262486138e-06, 4.2541727758305115e-06, -0.00011273022781654318, 1.0332784218428093e-05, 0.9114127191253012, -0.41149344503874946, -0.0006330350095049495, -2.5233361511389774e-09, 0.4114934450607401, 0.9114127191739448, 0.04888842036479166, 0.0, 0.0, 0.0, 1.0], "right_foot_pose": [0.9999999994136153, -3.319049324488829e-05, 8.435668886530578e-06, -0.0003659981813924046, 3.4245720191020124e-05, 0.9691866045235751, -0.2463276769656497, -0.24209741355071762, -1.8668400159072007e-13, 0.2463276771100925, 0.9691866050918914, 6.325634460679908e-13, 0.0, 0.0, 0.0, 1.0]}, {"left_foot_pose": [0.9999999999231113, -1.1297164667141424e-05, 5.113842481307973e-06, -0.00013534252300237277, 1.2400697870007527e-05, 0.9110969230939124, -0.41219218402952307, -0.000759666320351654, -2.6031722888397724e-09, 0.4121921840612453, 0.9110969231639522, 0.0500000000296182, 0.0, 0.0, 0.0, 1.0], "right_foot_pose": [0.9999999994136156, -3.319629505753666e-05, 8.412806619062518e-06, -0.00036599818231555363, 3.424571974357249e-05, 0.9693560673893015, -0.24565995490266362, -0.24209741354998074, -4.793165864214188e-12, 0.24565995504671498, 0.969356067957717, 1.2270323646035308e-11, 0.0, 0.0, 0.0, 1.0]}, {"left_foot_pose": [0.9999999998943289, -1.3261976790551744e-05, 5.955046958161514e-06, -0.00015870934201753367, 1.4537627231095418e-05, 0.9123271580659716, -0.4094620329699992, -0.0008905254490645942, -2.6750894832616723e-09, 0.40946203301330314, 0.9123271581623625, 0.05000000011231813, 0.0, 0.0, 0.0, 1.0], "right_foot_pose": [0.9999999994136153, -3.321851271315471e-05, 8.324639085344199e-06, -0.0003659981864903336, 3.424571802103371e-05, 0.9700050159129427, -0.24308489860738375, -0.2420974135485525, -2.2873647420595944e-11, 0.24308489874992575, 0.9700050164817388, 5.8049939855031596e-11, 0.0, 0.0, 0.0, 1.0]}, {"left_foot_pose": [0.9999999998603539, -1.5279166647994002e-05, 6.770455721394342e-06, -0.00018248604589088114, 1.6712031497542745e-05, 0.9143272106303408, -0.4049762358727336, -0.0010236800670953422, -2.7124980594983583e-09, 0.40497623592932835, 0.9143272107580048, 0.05000000025061732, 0.0, 0.0, 0.0, 1.0], "right_foot_pose": [0.9999999994136155, -3.325696532474609e-05, 8.169654403256121e-06, -0.0003659981941846954, 3.424571499729967e-05, 0.9711281679560143, -0.2385583371622675, -0.24209741354691744, -5.516648249326295e-11, 0.23855833730215623, 0.9711281685254685, 1.4013389060263393e-10, 0.0, 0.0, 0.0, 1.0]}, {"left_foot_pose": [0.9999999998215394, -1.7325081280231136e-05, 7.534119958352292e-06, -0.00020632767198742186, 1.8892363471204043e-05, 0.917098842919421, -0.39865989509723376, -0.001157198312609499, -2.7176105255044547e-09, 0.3986598951684259, 0.9170988430830669, 0.05000000044807189, 0.0, 0.0, 0.0, 1.0], "right_foot_pose": [0.9999999994136157, -3.3311154294741324e-05, 7.94579747931401e-06, -0.000365998205807605, 3.4245710651428785e-05, 0.9727109615084274, -0.23202022366289937, -0.24209741354602288, -1.0283618401274452e-10, 0.23202022379895584, 0.9727109620788091, 2.62019128616231e-10, 0.0, 0.0, 0.0, 1.0]}, {"left_foot_pose": [0.9999999997785103, -1.937594023285194e-05, 8.21902411884956e-06, -0.00022988925699207464, 2.1047076046554203e-05, 0.9206500823982474, -0.390388813027629, -0.0012891483220142143, -2.6949233955519958e-09, 0.3903888131141484, 0.9206500826021397, 0.05000000071230319, 0.0, 0.0, 0.0, 1.0], "right_foot_pose": [0.999999999413616, -3.3380406467452967e-05, 7.649625524797088e-06, -0.00036599822204037293, 3.424570493615331e-05, 0.9747337383757327, -0.22336995791578643, -0.2420974135474282, -1.6809709180165555e-10, 0.22336995804677268, 0.9747337389472999, 4.302404821299177e-10, 0.0, 0.0, 0.0, 1.0]}, {"left_foot_pose": [0.9999999997321635, -2.1412237490470165e-05, 8.785724805782102e-06, -0.0002528261026152723, 2.3144607730327116e-05, 0.925195720000807, -0.3794902886195057, -0.0014175987530187749, -2.7788021883523584e-09, 0.3794902887212065, 0.9251957202485834, 0.0496551022644639, 0.0, 0.0, 0.0, 1.0], "right_foot_pose": [0.9999999994136161, -3.346361902802769e-05, 7.27695187735522e-06, -0.00036599824348734625, 3.424569793442772e-05, 0.9771642796699846, -0.2124852215196907, -0.24209741355360404, -2.52937448763646e-10, 0.2124852216442971, 0.9771642802429761, 6.513073969038885e-10, 0.0, 0.0, 0.0, 1.0]}, {"left_foot_pose": [0.9999999996836533, -2.344019403295594e-05, 9.12419394050179e-06, -0.0002747928312484077, 2.5153401405450526e-05, 0.9319331315591001, -0.36263016651921764, -0.0015406186544710716, -3.017166516627867e-09, 0.36263016663400516, 0.9319331318538868, 0.04676863884652287, 0.0, 0.0, 0.0, 1.0], "right_foot_pose": [0.9999999994136163, -3.355921671712239e-05, 6.822480338342096e-06, -0.0003659982711387066, 3.424568972151126e-05, 0.9799565714564639, -0.19921123684803838, -0.2420974135683018, -3.613713217553993e-10, 0.19921123696486476, 0.9799565720310919, 9.37762326125302e-10, 0.0, 0.0, 0.0, 1.0]}, {"left_foot_pose": [0.9999999996343668, -2.5426683867887934e-05, 9.20599370846098e-06, -0.00029544431355485457, 2.7041940807659426e-05, 0.9403083195674312, -0.34032376264523045, -0.0016562751013788415, -3.167748396926129e-09, 0.3403237627697447, 0.9403083199112101, 0.04154533985697305, 0.0, 0.0, 0.0, 1.0], "right_foot_pose": [0.9999999994136167, -3.3664989926757843e-05, 6.279737315262324e-06, -0.0003659983055325028, 3.424568070969913e-05, 0.983046044794939, -0.18335886299892945, -0.24209741359706727, -4.966542732631751e-10, 0.1833588631064648, 0.9830460453713777, 1.3014817973333592e-09, 0.0, 0.0, 0.0, 1.0]}, {"left_foot_pose": [0.9999999995858935, -2.7323193907944493e-05, 9.036388381788996e-06, -0.00031443590787528787, 2.8778694032519092e-05, 0.9494590496745751, -0.3138909239892732, -0.001762635549361076, -3.178143415105694e-09, 0.31389092411934433, 0.9494590500677236, 0.03470488283055358, 0.0, 0.0, 0.0, 1.0], "right_foot_pose": [0.999999999413617, -3.3777766348148594e-05, 5.641677054857297e-06, -0.0003659983471694994, 3.424567153700875e-05, 0.9863400016038251, -0.1647221905615633, -0.24209741364800016, -6.640900607202127e-10, 0.16472219065817603, 0.9863400021821946, 1.76157381737152e-09, 0.0, 0.0, 0.0, 1.0]}, {"left_foot_pose": [0.9999999995399811, -2.90780545011797e-05, 8.63158962205457e-06, -0.0003314228651836393, 3.03321213173946e-05, 0.958684182676744, -0.2844725592484903, -0.0018577677125969569, -3.0598601430398276e-09, 0.28447255937944194, 0.9586841831177306, 0.02696694528812482, 0.0, 0.0, 0.0, 1.0], "right_foot_pose": [0.9999999994136172, -3.38933028033693e-05, 4.899947833980622e-06, -0.00036599839560670785, 3.42456634180241e-05, 0.9897144266394939, -0.14305716524834466, -0.2420974137325628, -8.692410680133378e-10, 0.14305716533226037, 0.989714427219841, 2.3407532440122836e-09, 0.0, 0.0, 0.0, 1.0]}, {"left_foot_pose": [0.9999999994984842, -3.06400957761771e-05, 8.013507184934099e-06, -0.0003460603090964853, 3.167067663314982e-05, 0.9674822960384897, -0.25293873932053274, -0.0019397395286235297, -2.859132430810263e-09, 0.2529387394474732, 0.9674822965236746, 0.019051204753696566, 0.0, 0.0, 0.0, 1.0], "right_foot_pose": [0.9999999994136175, -3.400576564877196e-05, 4.046359804277255e-06, -0.00036599844822882285, 3.424565846614491e-05, 0.9929987900536348, -0.11812451811225393, -0.24209741386560957, -1.115709469257098e-09, 0.11812451818155803, 0.9929987906359072, 3.0605594031341e-09, 0.0, 0.0, 0.0, 1.0]}, {"left_foot_pose": [0.9999999994632991, -3.1960728664293114e-05, 7.205107304897318e-06, -0.0003580032280537826, 3.276281033561673e-05, 0.9755362115545436, -0.21983880201731107, -0.002006619106840756, -2.6347830306416853e-09, 0.219838802135383, 0.9755362120780959, 0.01167733887672534, 0.0, 0.0, 0.0, 1.0], "right_foot_pose": [0.9999999994136173, -3.4107413751452605e-05, 3.074010213988121e-06, -0.0003659984995882951, 3.424565971963875e-05, 0.9959667922449015, -0.08972261461101116, -0.24209741406497148, -1.4057527919497659e-09, 0.08972261466367087, 0.9959667928289146, 3.9441298421705184e-09, 0.0, 0.0, 0.0, 1.0]}, {"left_foot_pose": [0.9999999994362935, -3.299456720070801e-05, 6.2266863904425485e-06, -0.000366906458824455, 3.357697249937314e-05, 0.9826680805833097, -0.18537379069140483, -0.002056474649574206, -2.4379694651965877e-09, 0.1853737907959817, 0.982668081137231, 0.005565025596705603, 0.0, 0.0, 0.0, 1.0], "right_foot_pose": [0.9999999994136168, -3.418849975684365e-05, 1.9780015480530544e-06, -0.0003659985389175793, 3.4245671299403674e-05, 0.9983334656057368, -0.05770866727687487, -0.24209741434628843, -1.732383292374351e-09, 0.05770866731077347, 0.9983334661911393, 4.994905267174943e-09, 0.0, 0.0, 0.0, 1.0]}, {"left_foot_pose": [0.9999999994192218, -3.369648281401072e-05, 5.109191144297975e-06, -0.0003724246573078481, 3.408161943352361e-05, 0.9887093829807477, -0.14984577019146159, -0.0020873743621832846, -2.229803786057971e-09, 0.14984577027856388, 0.9887093835549575, 0.0014339430167292916, 0.0, 0.0, 0.0, 1.0], "right_foot_pose": [0.999999999413616, -3.4236967568117196e-05, 7.732235398627552e-07, -0.0003659985386309822, 3.424569781638499e-05, 0.9997463802138988, -0.022520525669670274, -0.24209741466438972, -1.9929280448138798e-09, 0.022520525682944183, 0.9997463808001326, 5.935241881305231e-09, 0.0, 0.0, 0.0, 1.0]}, {"left_foot_pose": [0.9999999994136188, -3.402288845869017e-05, 3.899341901841824e-06, -0.0003742169086236362, 3.4245609968161506e-05, 0.9935031978181449, -0.1138041947924496, -0.0020974118642482636, -2.0612233309069694e-09, 0.11380419485925235, 0.9935031984007082, 7.051997111262587e-09, 0.0, 0.0, 0.0, 1.0], "right_foot_pose": [0.999999999413615, -3.4242083036032126e-05, -5.001411728100535e-07, -0.0003659984938056499, 3.424573531459786e-05, 0.9998924315166787, 0.01466711365243421, -0.2420974149617629, -2.1451501686087227e-09, -0.014667113660961333, 0.9998924321030018, 6.629854207296226e-09, 0.0, 0.0, 0.0, 1.0]}, {"left_foot_pose": [0.9999999994136181, -3.414429490141823e-05, 2.6326799296427783e-06, -0.0003742170242510577, 3.4245640208319106e-05, 0.9970454721074928, -0.07681357547453975, -0.0020974119263633137, -2.156229944594301e-09, 0.07681357551965547, 0.9970454726921364, 7.057012058053758e-09, 0.0, 0.0, 0.0, 1.0], "right_foot_pose": [0.9999999994136134, -3.419846915909356e-05, -1.79940563216352e-06, -0.00036599841413354763, 3.424577563305303e-05, 0.9986152718351111, 0.05260739192275271, -0.24209741518163294, -2.178325686497118e-09, -0.0526073919535265, 0.9986152724206895, 7.014801239879631e-09, 0.0, 0.0, 0.0, 1.0]}, {"left_foot_pose": [0.9999999994136168, -3.421933473928083e-05, 1.3430085138432801e-06, -0.0003742171410896361, 3.424567910433225e-05, 0.9992331627317934, -0.03915463349656757, -0.002097412125572782, -2.1331346689024144e-09, 0.039154633519600184, 0.9992331633177242, 6.699421253864024e-09, 0.0, 0.0, 0.0, 1.0], "right_foot_pose": [0.9999999994136123, -3.41068346245239e-05, -3.082096557749381e-06, -0.00036599831817438476, 3.4245809713291664e-05, 0.9959363343603865, 0.09006007288482897, -0.2420974152756809, -2.0920643550859097e-09, -0.09006007293756774, 0.9959363349443979, 7.042359459474845e-09, 0.0, 0.0, 0.0, 1.0]}, {"left_foot_pose": [0.9999999994136153, -3.424564170574339e-05, 7.231780524419307e-08, -0.0003742172360211973, 3.424571800587743e-05, 0.9999978908010199, -0.002053587286246772, -0.0020974124180550887, -1.9912382853704003e-09, 0.002053587287519155, 0.9999978913874032, 6.0255698625111265e-09, 0.0, 0.0, 0.0, 1.0], "right_foot_pose": [0.9999999994136116, -3.3973773415251624e-05, -4.3080880142987166e-06, -0.00036599822882020446, 3.4245830385762344e-05, 0.9920487911017787, 0.12585386327293516, -0.24209741521967193, -1.897127760441819e-09, -0.12585386334666993, 0.9920487916835128, 6.6913116436584374e-09, 0.0, 0.0, 0.0, 1.0]}, {"left_foot_pose": [0.9999999994136146, -3.422688184335056e-05, -1.1365945964958435e-06, -0.00037421729351531235, 3.424574842171915e-05, 0.9994473918832462, 0.033240181783580534, -0.0020974127469749124, -1.7412691843965433e-09, -0.033240181803012504, 0.9994473924693099, 5.101720143563249e-09, 0.0, 0.0, 0.0, 1.0], "right_foot_pose": [0.9999999994136113, -3.381076670132613e-05, -5.441435891734292e-06, -0.0003659981655847709, 3.42458342998328e-05, 0.9872882611356015, 0.15893988879781865, -0.24209741502096865, -1.6137200464783064e-09, -0.1589398888909646, 0.9872882617145451, 5.9716682154764555e-09, 0.0, 0.0, 0.0, 1.0]}, {"left_foot_pose": [0.9999999994136138, -3.417231146283801e-05, -2.2417711281197406e-06, -0.0003742173084117548, 3.424576479678712e-05, 0.9978524149914503, 0.06550234135478042, -0.0020974130567915214, -1.4096762090964887e-09, -0.06550234139314193, 0.9978524155765802, 4.021837848866561e-09, 0.0, 0.0, 0.0, 1.0], "right_foot_pose": [0.9999999994093245, -3.375452387417016e-05, -6.4794245818178275e-06, -0.0003035330098248204, 3.437078445408387e-05, 0.9820650323577133, 0.18854249133522313, -0.24209741793284106, -9.457134519941235e-10, -0.18854249144655863, 0.9820650329378011, 0.000192350233045549, 0.0, 0.0, 0.0, 1.0]}, {"left_foot_pose": [0.9999999994136137, -3.409416005245407e-05, -3.2188460573068234e-06, -0.00037421729806517837, 3.4245769350561145e-05, 0.9955698826352449, 0.09402450540615487, -0.0020974132865807177, -1.100344759752403e-09, -0.09402450546125206, 0.9955698832190373, 3.0760221869652327e-09, 0.0, 0.0, 0.0, 1.0], "right_foot_pose": [0.9999999993476264, -3.526796257157308e-05, -7.804987724457924e-06, 0.000571662825440078, 3.612128205224968e-05, 0.9763791389467003, 0.21606428609317466, -0.24209747289977823, 4.800389530323912e-10, -0.21606428623414622, 0.9763791395836603, 0.0027565766378461615, 0.0, 0.0, 0.0, 1.0]}, {"left_foot_pose": [0.9999999994136138, -3.400304959039549e-05, -4.070030617919773e-06, -0.0003742172766670451, 3.424576659932094e-05, 0.9929095857108757, 0.11887200440256976, -0.0020974134420833623, -8.382459171230039e-10, -0.11887200447224616, 0.9929095862931078, 2.3108836511021025e-09, 0.0, 0.0, 0.0, 1.0], "right_foot_pose": [0.9999999992082893, -3.8604675203404715e-05, -9.648840319426144e-06, 0.0024070611331860137, 3.979222364796503e-05, 0.9701687816212888, 0.24243047164917833, -0.24209759150630608, 2.054039299759225e-09, -0.24243047184119235, 0.9701687823893619, 0.007742308454250529, 0.0, 0.0, 0.0, 1.0]}, {"left_foot_pose": [0.9999999994136138, -3.39075270706108e-05, -4.801216202221514e-06, -0.00037421725179019453, 3.4245759864243164e-05, 0.9901208254874231, 0.14021679558216937, -0.0020974135424705, -6.206424263410781e-10, -0.1402167956643695, 0.990120826068019, 1.6999319174537675e-09, 0.0, 0.0, 0.0, 1.0], "right_foot_pose": [0.9999999989785088, -4.354731351734545e-05, -1.2108442741742831e-05, 0.0051105429607500264, 4.519936820525372e-05, 0.9634718177368068, 0.2678097354166772, -0.24209776782608075, 3.748827193117421e-09, -0.2678097356904057, 0.9634718187209395, 0.014429866721955384, 0.0, 0.0, 0.0, 