{"LoopMode": "Wrap", "FrameDuration": 0.0167, "EnableCycleOffsetPosition": true, "EnableCycleOffsetRotation": false, "Debug_info": [{"left_foot_pose": [1.0000000000000004, -3.6462276563319905e-09, 1.722046949481637e-10, 2.7867708521714385e-07, 3.6502917280854544e-09, 0.9988983362543762, -0.0469266856728856, -2.8056859190800365e-07, -9.096275324574052e-13, 0.04692668567288551, 0.9988983362543759, 6.391942530825645e-12, 0.0, 0.0, 0.0, 1.0], "right_foot_pose": [0.9999999996344481, -2.6921527025274193e-05, -2.517142313328819e-06, -0.00011022506424540612, 2.703894640658305e-05, 0.9956573947678962, 0.09309324096250482, -0.24067161272088725, -8.448321006399613e-13, -0.09309324099653526, 0.9956573951318612, 5.2994414412310675e-12, 0.0, 0.0, 0.0, 1.0]}, {"left_foot_pose": [1.0, -3.6460157372539103e-09, 1.7670281904358376e-10, 2.7867504748257943e-07, 3.6502946351872066e-09, 0.9988548073494159, -0.047844266479524875, -2.8056815921766176e-07, -2.0598287283574257e-12, 0.04784426647952481, 0.9988548073494157, 1.4588788510572215e-11, 0.0, 0.0, 0.0, 1.0], "right_foot_pose": [0.999999999634448, -2.6923793030571732e-05, -2.4927881736239027e-06, -0.00011022506126109194, 2.7038946429468705e-05, 0.9957411954223823, 0.09219257566475829, -0.24067161272157808, -1.95055632358739e-12, -0.09219257569845948, 0.9957411957863777, 1.3018544575693625e-11, 0.0, 0.0, 0.0, 1.0]}, {"left_foot_pose": [1.0000000000000002, -3.6457032932711485e-09, 1.8286294700686767e-10, 2.78672399711688e-07, 3.650284785002678e-09, 0.998792106606021, -0.04913580956399373, -2.8056752766209003e-07, -3.507731977542348e-12, 0.04913580956399366, 0.9987921066060209, 2.4406157650425087e-11, 0.0, 0.0, 0.0, 1.0], "right_foot_pose": [0.9999999996344477, -2.6926947717732707e-05, -2.458477738908326e-06, -0.00011022505784937658, 2.7038946469255787e-05, 0.9958578612946911, 0.09092370079611299, -0.24067161272244558, -3.3546728029758015e-12, -0.0909237008293503, 0.9958578616587291, 2.2446697278688532e-11, 0.0, 0.0, 0.0, 1.0]}, {"left_foot_pose": [1.0, -3.64529377084884e-09, 1.9047019517159924e-10, 2.786694092912767e-07, 3.6502628263201677e-09, 0.9987104878914387, -0.05076771981925301, -2.8056673589266223e-07, -5.161576583295775e-12, 0.050767719819252974, 0.9987104878914389, 3.490514821624657e-11, 0.0, 0.0, 0.0, 1.0], "right_foot_pose": [0.9999999996344479, -2.69308753597346e-05, -2.4150737626618596e-06, -0.00011022505434851726, 2.7038946519782932e-05, 0.9960031129940804, 0.08931852089571334, -0.24067161272348006, -4.9680782702435465e-12, -0.08931852092836386, 0.9960031133581718, 3.2600144805883247e-11, 0.0, 0.0, 0.0, 1.0]}, {"left_foot_pose": [1.0000000000000004, -3.6447907134849647e-09, 1.9933626971280205e-10, 2.786663059681227e-07, 3.6502311599963334e-09, 0.9986098577339104, -0.052710075286054994, -2.805658159583946e-07, -6.942351911516975e-12, 0.052710075286054925, 0.9986098577339104, 4.5343589993862565e-11, 0.0, 0.0, 0.0, 1.0], "right_foot_pose": [0.9999999996344483, -2.6935464859984824e-05, -2.363337645216174e-06, -0.00011022505103303049, 2.703894657784458e-05, 0.9961728422202674, 0.08740519258997878, -0.2406716127246639, -6.714702764448271e-12, -0.08740519262192983, 0.9961728425844207, 4.27002044833813e-11, 0.0, 0.0, 0.0, 1.0]}, {"left_foot_pose": [1.0, -3.644192953463753e-09, 2.0931445465777188e-10, 2.7866324504854934e-07, 3.6501888527481205e-09, 0.9984899466792522, -0.05493474656777854, -2.805647835255748e-07, -8.805841184822064e-12, 0.054934746567778484, 0.9984899466792522, 5.5308549407051544e-11, 0.0, 0.0, 0.0, 1.0], "right_foot_pose": [0.9999999996344475, -2.6940607020310637e-05, -2.3039810599581593e-06, -0.000110225048065897, 2.7038946638829994e-05, 0.9963630107879231, 0.0852100346351441, -0.24067161272598478, -8.551855992180409e-12, -0.08521003466629264, 0.996363011152146, 5.2302606690091125e-11, 0.0, 0.0, 0.0, 1.0]}, {"left_foot_pose": [1.0, -3.6434944931623584e-09, 2.2035023805599963e-10, 2.7866025358730395e-07, 3.6501357484450314e-09, 0.9983499596476824, -0.05742262682491043, -2.805636260070493e-07, -1.0767777567973906e-11, 0.05742262682491035, 0.9983499596476825, 6.487754777850796e-11, 0.0, 0.0, 0.0, 1.0], "right_foot_pose": [0.9999999996344479, -2.694621215491243e-05, -2.2374738592670397e-06, -0.00011022504544743253, 2.703894670199968e-05, 0.9965703018417758, 0.08275042450579244, -0.24067161272745202, -1.0495542628465876e-11, -0.08275042453604183, 0.9965703022060746, 6.145675635060854e-11, 0.0, 0.0, 0.0, 1.0]}, {"left_foot_pose": [1.0000000000000004, -3.642691077561337e-09, 2.323669034964837e-10, 2.786574377737494e-07, 3.650072506274735e-09, 0.9981888258471323, -0.06015868976237348, -2.805623451861139e-07, -1.280664742851258e-11, 0.0601586897623734, 0.9981888258471323, 7.38749200701605e-11, 0.0, 0.0, 0.0, 1.0], "right_foot_pose": [0.9999999996344479, -2.6952198167797688e-05, -2.1641756322235503e-06, -0.0001102250432682278, 2.7038946766270428e-05, 0.9967916793545311, 0.08003966040951879, -0.2406716127290503, -1.2525991056704033e-11, -0.0800396604387772, 0.9967916797189104, 6.996836443562415e-11, 0.0, 0.0, 0.0, 1.0]}, {"left_foot_pose": [1.0000000000000002, -3.641768395557017e-09, 2.453878766850437e-10, 2.7865474791152756e-07, 3.649995528410901e-09, 0.9980050921162891, -0.06313347851939552, -2.805609021945543e-07, -1.4981200392372433e-11, 0.06313347851939546, 0.9980050921162894, 8.268091766794328e-11, 0.0, 0.0, 0.0, 1.0], "right_foot_pose": [0.9999999996344477, -2.6958493262867334e-05, -2.0842952575753214e-06, -0.00011022504144368034, 2.7038946830482352e-05, 0.9970244879830075, 0.07708546964972683, -0.240671612730806, -1.470237940989487e-11, -0.07708546967790526, 0.9970244883474721, 7.819254965735212e-11, 0.0, 0.0, 0.0, 1.0]}, {"left_foot_pose": [1.0, -3.640716006168552e-09, 2.5941071513102543e-10, 2.7865223414802465e-07, 3.6499051548462684e-09, 0.9977968297297706, -0.06634370038836726, -2.805592804674961e-07, -1.7300797808626605e-11, 0.06634370038836722, 0.9977968297297705, 9.135424361428335e-11, 0.0, 0.0, 0.0, 1.0], "right_foot_pose": [0.9999999996344479, -2.6965035685833774e-05, -1.9978737914808274e-06, -0.00011022504000169492, 2.703894689528629e-05, 0.9972664438931302, 0.07388937104649851, -0.24067161273271553, -1.703574522992182e-11, -0.07388937107350854, 0.9972664442576834, 8.616922453352771e-11, 0.0, 0.0, 0.0, 1.0]}, {"left_foot_pose": [1.0000000000000002, -3.6395142938008245e-09, 2.7449731376805175e-10, 2.786498579585017e-07, 3.6497972812098954e-09, 0.997561794580176, -0.06978872397444034, -2.8055743095736774e-07, -1.983116664496912e-11, 0.06978872397444029, 0.997561794580176, 1.0027369212739501e-10, 0.0, 0.0, 0.0, 1.0], "right_foot_pose": [0.9999999996344475, -2.6971764787903816e-05, -1.9048771475952094e-06, -0.00011022503888281909, 2.703894695997995e-05, 0.9975153040278218, 0.07045010645257725, -0.24067161273480903, -1.9593672676924072e-11, -0.07045010647832999, 0.9975153043924658, 9.424933056223495e-11, 0.0, 0.0, 0.0, 1.0]}, {"left_foot_pose": [0.9999999999999999, -3.638140198222522e-09, 2.907295515441888e-10, 2.78647600916726e-07, 3.6496678829235495e-09, 0.9972970676953437, -0.07347488527565475, -2.80555304658231e-07, -2.2631894369098676e-11, 0.07347488527565477, 0.9972970676953439, 1.0977301012626839e-10, 0.0, 0.0, 0.0, 1.0], "right_foot_pose": [0.9999999996344475, -2.69786276163773e-05, -1.805078421589808e-06, -0.00011022503805597703, 2.7038947023735898e-05, 0.9977691100365488, 0.0667592864384441, -0.240671612737112, -2.2438716533066317e-11, -0.06675928646284754, 0.9977691104012857, 1.0273369654978382e-10, 0.0, 0.0, 0.0, 1.0]}, {"left_foot_pose": [1.0, -3.6365694488259997e-09, 3.0818958496325877e-10, 2.7864547338940504e-07, 3.6495144237989403e-09, 0.9969993166801131, -0.0774103516294122, -2.805528518390332e-07, -2.5756723662956596e-11, 0.07741035162941216, 0.9969993166801134, 1.2012940642236458e-10, 0.0, 0.0, 0.0, 1.0], "right_foot_pose": [0.9999999996344473, -2.6985566420125802e-05, -1.6981945045949425e-06, -0.00011022503752322263, 2.703894708706605e-05, 0.9980257261326669, 0.06280644271298447, -0.24067161273964577, -2.5628090701386464e-11, -0.06280644273594287, 0.9980257264974977, 1.1186189474710062e-10, 0.0, 0.0, 0.0, 1.0]}, {"left_foot_pose": [1.0, -3.6347623358312517e-09, 3.270450577019801e-10, 2.7864340746558414e-07, 3.6493281712100587e-09, 0.9966644024261837, -0.08160924541043196, -2.8054997856276354e-07, -2.932397491673491e-11, 0.08160924541043192, 0.9966644024261837, 1.3192970327313702e-10, 0.0, 0.0, 0.0, 1.0], "right_foot_pose": [0.9999999996344476, -2.699252357083899e-05, -1.5837721315184864e-06, -0.0001102250372250306, 2.7038947147963515e-05, 0.9982830210637778, 0.0585748164715327, -0.24067161274247423, -2.928610697894898e-11, -0.058574816492944104, 0.9982830214287024, 1.2216154476885066e-10, 0.0, 0.0, 0.0, 1.0]}, {"left_foot_pose": [1.0000000000000002, -3.6326817378960254e-09, 3.4741642895852465e-10, 2.7864143994568713e-07, 3.6491040007509445e-09, 0.9962874799846391, -0.08608865910129693, -2.8054662262050334e-07, -3.339409970856794e-11, 0.08608865910129687, 0.996287479984639, 1.454624892760492e-10, 0.0, 0.0, 0.0, 1.0], "right_foot_pose": [0.9999999996344476, -2.6999432717680325e-05, -1.4612661872407299e-06, -0.0001102250371990271, 2.703894720452923e-05, 0.9985385412338761, 0.05404424982752288, -0.2406716127456167, -3.348027168667007e-11, -0.054044249847278035, 0.9985385415988942, 1.3385950681232828e-10, 0.0, 0.0, 0.0, 1.0]}, {"left_foot_pose": [1.0, -3.630269186277659e-09, 3.6954006521483507e-10, 2.786395086537552e-07, 3.648830022588004e-09, 0.9958628069510805, -0.09086952036583437, -2.8054264565591236e-07, -3.81304141908293e-11, 0.09086952036583437, 0.9958628069510804, 1.6146713133213808e-10, 0.0, 0.0, 0.0, 1.0], "right_foot_pose": [0.9999999996344475, -2.700621657675808e-05, -1.3300130996199935e-06, -0.00011022503741092704, 2.703894725425041e-05, 0.9987894286164468, 0.04919020789678138, -0.24067161274916193, -3.838427388763624e-11, -0.049190207914762, 0.9987894289815565, 1.4759501953953702e-10, 0.0, 0.0, 0.0, 1.0]}, {"left_foot_pose": [1.0, -3.6274632209529833e-09, 3.93611754301304e-10, 2.7863764533522795e-07, 3.648495158730394e-09, 0.9953834839273776, -0.09597770535180315, -2.805379427980176e-07, -4.363905430584224e-11, 0.09597770535180318, 0.9953834839273776, 1.8043015692637e-10, 0.0, 0.0, 0.0, 1.0], "right_foot_pose": [0.9999999996344474, -2.7012783675346586e-05, -1.1891966768199378e-06, -0.00011022503790639876, 2.703894729125805e-05, 0.9990323008511208, 0.04398250930781426, -0.2406716127531478, -4.411731189579154e-11, -0.04398250932389103, 0.9990323012163197, 1.6374313016598308e-10, 0.0, 0.0, 0.0, 1.0]}, {"left_foot_pose": [1.0, -3.6241818708952696e-09, 4.199156578010843e-10, 2.786358386797083e-07, 3.6480835190572553e-09, 0.9948415639901299, -0.10144093137227128, -2.8053234028824203e-07, -5.010922147408883e-11, 0.10144093137227125, 0.9948415639901306, 2.031797785573275e-10, 0.0, 0.0, 0.0, 1.0], "right_foot_pose": [0.9999999996344474, -2.7019018752402216e-05, -1.0379293260635085e-06, -0.00011022503870869102, 2.7038947309659648e-05, 0.9992628958301901, 0.03838833528508439, -0.24067161275766158, -5.088703410592762e-11, -0.038388335299115985, 0.999262896195473, 1.8296909820580964e-10, 0.0, 0.0, 0.0, 1.0]}, {"left_foot_pose": [1.0000000000000002, -3.620323393488374e-09, 4.48775128170098e-10, 2.786341000947379e-07, 3.6475754525558017e-09, 0.9942274123531455, -0.10729330140120814, -2.80525642227733e-07, -5.7748281408432684e-11, 0.10729330140120806, 0.9942274123531455, 2.3063642662357609e-10, 0.0, 0.0, 0.0, 1.0], "right_foot_pose": [0.9999999996344479, -2.7024781829988663e-05, -8.751217784534021e-07, -0.00011022503986578627, 2.7038947299601413e-05, 0.9994760377755987, 0.03236740924583355, -0.24067161276278495, -5.892571727458662e-11, -0.032367409257663994, 0.9994760381409594, 2.0598238392732782e-10, 0.0, 0.0, 0.0, 1.0]}, {"left_foot_pose": [0.9999999999999996, -3.6157686111016933e-09, 4.805113529293692e-10, 2.786324925715955e-07, 3.64694625668884e-09, 0.9935299699645612, -0.1135702372200543, -2.805176477771454e-07, -6.675893475105591e-11, 0.11357023722005434, 0.9935299699645614, 2.6372765082882665e-10, 0.0, 0.0, 0.0, 1.0], "right_foot_pose": [0.9999999996344476, -2.7029894620068528e-05, -6.996177068999833e-07, -0.00011022504146636358, 2.7038947244363047e-05, 0.9996651346601162, 0.025876974588780025, -0.24067161276857332, -6.846713534540031e-11, -0.02587697459823758, 0.9996651350255465, 2.3344695621041467e-10, 0.0, 0.0, 0.0, 1.0]}, {"left_foot_pose": [1.0000000000000002, -3.6103537748795116e-09, 5.15616216389958e-10, 2.786310318442231e-07, 3.6461637834712436e-09, 0.9927359964382558, -0.12031309727434264, -2.805080253440867e-07, -7.749789638199718e-11, 0.12031309727434261, 0.9927359964382558, 3.0402702577703167e-10, 0.0, 0.0, 0.0, 1.0], "right_foot_pose": [0.9999999996344477, -2.703413586531007e-05, -5.100585874432586e-07, -0.00011022504358687221, 2.703894712699757e-05, 0.9998220056670539, 0.01886680293018249, -0.2406716127751574, -7.991383675758722e-11, -0.018866802937077192, 0.9998220060325413, 2.6654532747638626e-10, 0.0, 0.0, 0.0, 1.0]}, {"left_foot_pose": [1.0, -3.6039006306804053e-09, 5.54488788218066e-10, 2.786298503379414e-07, 3.645191093596834e-09, 0.9918300639876038, -0.12756615605381985, -2.8049651728222214e-07, -9.022305037600742e-11, 0.12756615605381982, 0.9918300639876038, 3.5281022547906105e-10, 0.0, 0.0, 0.0, 1.0], "right_foot_pose": [0.9999999996344477, -2.703722710568705e-05, -3.0496026200901126e-07, -0.00011022504637359098, 2.7038946915588364e-05, 0.9999363556654843, 0.011282016102026974, -0.24067161278255236, -9.357859999856294e-11, -0.01128201610614864, 0.9999363560310138, 3.0609703660644527e-10, 0.0, 0.0, 0.0, 1.0]}, {"left_foot_pose": [1.0, -3.5961537574856568e-09, 5.977859318662126e-10, 2.786290363120114e-07, 3.643974878890952e-09, 0.9907941225627981, -0.1353772754010668, -2.804826532507715e-07, -1.0544536996560435e-10, 0.1353772754010668, 0.9907941225627982, 4.124295072127637e-10, 0.0, 0.0, 0.0, 1.0], "right_foot_pose": [0.9999999996344479, -2.703882014698363e-05, -8.2685189827591e-08, -0.00011022504997665328, 2.703894657275999e-05, 0.9999953114763037, 0.0030620735305639316, -0.24067161279088628, -1.1005340064469368e-10, -0.0030620735316803376, 0.9999953118418545, 3.5376086782168414e-10, 0.0, 0.0, 0.0, 1.0]}, {"left_foot_pose": [1.0, -3.5868295730153166e-09, 6.460844914624175e-10, 2.78628800400027e-07, 3.64245804945897e-09, 0.989606756758871, -0.14380009380104802, -2.804660470482473e-07, -1.235833027333327e-10, 0.14380009380104797, 0.9896067567588714, 4.850589513383241e-10, 0.0, 0.0, 0.0, 1.0], "right_foot_pose": [0.9999999996344476, -2.703848071886959e-05, 1.5863023531479473e-07, -0.00011022505461044663, 2.7038946042961056e-05, 0.9999828183813655, -0.005861928945168388, -0.24067161280013724, -1.2985701616110287e-10, 0.005861928947314698, 0.9999828187469118, 4.1086779811738694e-10, 0.0, 0.0, 0.0, 1.0]}, {"left_foot_pose": [1.0, -3.575552489702157e-09, 7.001538238071703e-10, 2.786293927942163e-07, 3.6405618278719126e-09, 0.988243383503218, -0.15288889744554104, -2.804461579162393e-07, -1.4526015764980021e-10, 0.15288889744554102, 0.9882433835032183, 5.738902547625102e-10, 0.0, 0.0, 0.0, 1.0], "right_foot_pose": [0.9999999996344476, -2.70356684518825e-05, 4.209414240848672e-07, -0.0001102250605352871, 2.7038945250888214e-05, 0.99987889999185, -0.015562281965858743, -0.2406716128103056, -1.5375261832041581e-10, 0.015562281971551704, 0.9998789003573579, 4.794190738843795e-10, 0.0, 0.0, 0.0, 1.0]}, {"left_foot_pose": [1.0, -3.561851107042152e-09, 7.608964847083399e-10, 2.7863116392606857e-07, 3.638190415561876e-09, 0.9866746680815395, -0.16270556034194195, -2.804223824866975e-07, -1.7122436968504298e-10, 0.16270556034194197, 0.98667466808154, 6.829505155847571e-10, 0.0, 0.0, 0.0, 1.0], "right_foot_pose": [0.9999999996344477, -2.702971223876456e-05, 7.065083799447779e-07, -0.00011022506807986665, 2.7038944094644368e-05, 0.9996587479888934, -0.02612253506409661, -0.2406716128213106, -1.8267675403731987e-10, 0.026122535073650692, 0.999658748354321, 5.618217002734127e-10, 0.0, 0.0, 0.0, 1.0]}, {"left_foot_pose": [0.9999999999999999, -3.5451906558922474e-09, 8.29136787006135e-10, 2.7863463202340566e-07, 3.6352406031939203e-09, 0.9848670897196009, -0.17331132561735746, -2.803942606328935e-07, -2.0216794878440978e-10, 0.17331132561735743, 0.9848670897196007, 8.165285253491916e-10, 0.0, 0.0, 0.0, 1.0], "right_foot_pose": [0.9999999996344475, -2.7019784400638356e-05, 1.0176734375540941e-06, -0.00011022507763425865, 2.7038942439139127e-05, 0.9992917673464252, -0.037629283577480965, -0.2406716128328359, -2.1755871194901724e-10, 0.037629283591242284, 0.9992917677117187, 6.603058239074144e-10, 0.0, 0.0, 0.0, 1.0]}, {"left_foot_pose": [0.9999999999999998, -3.52483995879709e-09, 9.060909800240324e-10, 2.78640456014001e-07, 3.631567256598366e-09, 0.9827815507007212, -0.18477127374753702, -2.803611299524028e-07, -2.3920045345257293e-10, 0.18477127374753705, 0.9827815507007214, 9.812522322460993e-10, 0.0, 0.0, 0.0, 1.0], "right_foot_pose": [0.9999999996344476, -2.7004866513327472e-05, 1.3570064019482516e-06, -0.00011022508969546832, 2.703894009924186e-05, 0.9987403146130333, -0.050177517231890324, -0.24067161284453203, -2.598460602823659e-10, 0.05017751725023986, 0.9987403149781245, 7.784922567699581e-10, 0.0, 0.0, 0.0, 1.0]}, {"left_foot_pose": [1.0, -3.5000459005883616e-09, 9.926074406862995e-10, 2.786495673055833e-07, 3.6270443651587672e-09, 0.9803732878816032, -0.19715023816423907, -2.8032292403654124e-07, -2.830910033380274e-10, 0.19715023816423916, 0.9803732878816037, 1.1833690832796506e-09, 0.0, 0.0, 0.0, 1.0], "right_foot_pose": [0.9999999996344481, -2.698371520514812e-05, 1.727199954316383e-06, -0.00011022510478019346, 2.7038936847497807e-05, 0.9979584327322618, -0.06386678172152649, -0.2406716128555225, -3.1071055696221686e-10, 0.0638667817448815, 0.9979584330970672, 9.189530941755564e-10, 0.0, 0.0, 0.0, 1.0]}, {"left_foot_pose": [1.0, -3.470441098066648e-09, 1.0879015743814335e-09, 2.786630459682138e-07, 3.6216815181141746e-09, 0.9775961839265609, -0.2104891949061243, -2.802814516814772e-07, -3.33038202665698e-10, 0.21048919490612422, 0.9775961839265607, 1.4237148543427836e-09, 0.0, 0.0, 0.0, 1.0], "right_foot_pose": [0.9999999996344483, -2.695487739463399e-05, 2.13036477467814e-06, -0.00011022512308236573, 2.703893247299541e-05, 0.9968924081083151, -0.07877516058315659, -0.24067161286390648, -3.6967522438622825e-10, 0.0787751606119629, 0.9968924084727304, 1.0792872429110645e-09, 0.0, 0.0, 0.0, 1.0]}, {"left_foot_pose": [0.9999999999999997, -3.43551683157491e-09, 1.1916554965019088e-09, 2.7868204679343256e-07, 3.6154656908660074e-09, 0.974406720106573, -0.22479222364475313, -2.8023860841261405e-07, -3.888797477799983e-10, 0.2247922236447531, 0.974406720106573, 1.706775831777918e-09, 0.0, 0.0, 0.0, 1.0], "right_foot_pose": [0.9999999996344484, -2.6916741595484218e-05, 2.567602322401683e-06, -0.0001102251447701666, 2.703892674645591e-05, 0.9954826731404963, -0.09494338705749578, -0.24067161286796201, -4.370078428365061e-10, 0.09494338709221423, 0.9954826735043958, 1.2593397297200326e-09, 0.0, 0.0, 0.0, 1.0]}, {"left_foot_pose": [0.9999999999999999, -3.4051918514471612e-09, 1.2738607391149515e-09, 2.7870327280049567e-07, 3.611342860193797e-09, 0.9708024880025973, -0.23988023946954984, -2.8022305218616816e-07, -4.198290645811123e-10, 0.23988023946954984, 0.9708024880025975, 1.9005318013798345e-09, 0.0, 0.0, 0.0, 1.0], "right_foot_pose": [0.9999999996344482, -2.68681218170008e-05, 3.034352909915053e-06, -0.00011022516210549074, 2.7038921341566135e-05, 0.9936851809198821, -0.11220410192644001, -0.2406716128563398, -4.780416583229151e-10, 0.11220410196746927, 0.993685181283124, 1.3599202319802828e-09, 0.0, 0.0, 0.0, 1.0]}, {"left_foot_pose": [0.9999999999999999, -3.3968803774882785e-09, 1.2912825531063987e-09, 2.787152697768247e-07, 3.6137553838426095e-09, 0.9670108754241028, -0.25473509144111317, -2.802683304967829e-07, -3.833797020186038e-10, 0.25473509144111334, 0.9670108754241027, 1.7963630583039958e-09, 0.0, 0.0, 0.0, 1.0], "right_foot_pose": [0.9999999996344484, -2.6811518309776813e-05, 3.4993837419792706e-06, -0.00011022516149882672, 2.703892010497553e-05, 0.9915919506821177, -0.12940402857458136, -0.24067161282321126, -4.422695690408392e-10, 0.12940402862189712, 0.9915919510445942, 1.2432912754878345e-09, 0.0, 0.0, 0.0, 1.0]}, {"left_foot_pose": [0.9999999999999986, -4.948068301064925e-08, 1.433438717723945e-08, 7.135750620251846e-08, 5.1512610344772685e-08, 0.9632327811208365, -0.2686682142982645, -1.470187494372402e-06, -5.134650990889487e-10, 0.26866821429826476, 0.9632327811208378, 0.0005397570217990505, 0.0, 0.0, 0.0, 1.0], "right_foot_pose": [0.9999999996344486, -2.675253697641609e-05, 3.924939753075935e-06, -0.0001102251448314405, 2.703892354757554e-05, 0.9894102304879169, -0.14514611629232818, -0.24067161278539126, -3.487027901408853e-10, 0.14514611634539587, 0.9894102308495958, 9.705601738962955e-10, 0.0, 0.0, 0.0, 1.0]}, {"left_foot_pose": [0.9999999999999379, -3.368381933157318e-07, 1.003287559142585e-07, -1.2261739447613773e-06, 3.5146150251950113e-07, 0.9590376996400238, -0.28327846841765, -8.91969755686603e-06, -8.000518614522493e-10, 0.2832784684176679, 0.9590376996400833, 0.0037384969135933477, 0.0, 0.0, 0.0, 1.0], "right_foot_pose": [0.9999999996344479, -2.6695710245561163e-05, 4.29449426878717e-06, -0.00011022512696038864, 2.7038927982830947e-05, 0.9873080668292723, -0.15881681410588583, -0.2406716127589513, -2.6118306171274534e-10, 0.15881681416394858, 0.9873080671901833, 7.213952629703257e-10, 0.0, 0.0, 0.0, 1.0]}, {"left_foot_pose": [0.9999999999995907, -8.635396152663772e-07, 2.712822002315374e-07, -3.6213791372134707e-06, 9.051483509761686e-07, 0.9543866200661489, -0.29857357458069766, -2.266982558011589e-05, -1.0779925650601448e-09, 0.29857357458082084, 0.9543866200665396, 0.009189405528176334, 0.0, 0.0, 0.0, 1.0], "right_foot_pose": [0.9999999996344481, -2.664325570079633e-05, 4.608773821280735e-06, -0.00011022511060601592, 2.7038932494102667e-05, 0.9853675816634176, -0.17044274192727069, -0.2406716127420953, -1.8675932915417494e-10, 0.17044274198958131, 0.9853675820236195, 5.13077594299638e-10, 0.0, 0.0, 0.0, 1.0]}, {"left_foot_pose": [0.999999999998576, -1.601783742895361e-06, 5.315257494697967e-07, -7.006873300054173e-06, 1.6876696960528116e-06, 0.949358044121289, -0.3141962826949976, -4.210164246675613e-05, -1.3337483281552163e-09, 0.3141962826954472, 0.94935804412264, 0.01617280387697058, 0.0, 0.0, 0.0, 1.0], "right_foot_pose": [0.9999999996344482, -2.659686721791345e-05, 4.86936838243301e-06, -0.00011022509670007702, 2.7038936632672542e-05, 0.9836514753731026, -0.18008268730007332, -0.2406716127320195, -1.2607118430419549e-10, 0.1800826873659063, 0.9836514757326782, 3.453619334958802e-10, 0.0, 0.0, 0.0, 1.0]}, {"left_foot_pose": [0.9999999999964246, -2.524133088992266e-06, 8.82996440410011e-07, -1.1275119475545603e-05, 2.674121943292997e-06, 0.9441019013958102, -0.3296537574086893, -6.659645080576114e-05, -1.548661497547354e-09, 0.3296537574098718, 0.9441019013991847, 0.02396901384249442, 0.0, 0.0, 0.0, 1.0], "right_foot_pose": [0.9999999996344481, -2.6557720016213017e-05, 5.078561938188813e-06, -0.00011022508553609062, 2.703894013837631e-05, 0.9822032462075062, -0.18782114473172273, -0.24067161272638618, -7.864696984410746e-11, 0.1878211448003832, 0.9822032465665522, 2.1553554774289552e-10, 0.0, 0.0, 0.0, 1.0]}, {"left_foot_pose": [0.9999999999926288, -3.6043128351219685e-06, 1.3234296725728179e-06, -1.6318454949471733e-05, 3.83960078844073e-06, 0.9388733387039723, -0.34426276861739724, -9.553577884840146e-05, -1.702119734770098e-09, 0.344262768619941, 0.9388733387108908, 0.03185835786355164, 0.0, 0.0, 0.0, 1.0], "right_foot_pose": [0.9999999996344479, -2.652662325010121e-05, 5.238577337619617e-06, -0.00011022507702816361, 2.703894290752698e-05, 0.9810528357368612, -0.19374037462945345, -0.24067161272343454, -4.322622009773104e-11, 0.19374037470027677, 0.9810528360954869, 1.1924577991706542e-10, 0.0, 0.0, 0.0, 1.0]}, {"left_foot_pose": [0.9999999999866914, -4.818368643050573e-06, 1.8440907942340878e-06, -2.2029112058067485e-05, 5.159199944340963e-06, 0.934060506242525, -0.35711478638015376, -0.0001283013510464271, -1.7816921993065167e-09, 0.35711478638491495, 0.934060506254953, 0.03912115856922184, 0.0, 0.0, 0.0, 1.0], "right_foot_pose": [0.9999999996344479, -2.650417928682201e-05, 5.3509832166687835e-06, -0.00011022507104608073, 2.7038944895237684e-05, 0.9802225302237424, -0.19789843483631112, -0.2406716127219598, -1.8710493868435712e-11, 0.19789843490865378, 0.9802225305820648, 5.292709326365497e-11, 0.0, 0.0, 0.0, 1.0]}, {"left_foot_pose": [0.9999999999781675, -6.1459815388735636e-06, 2.427489569079011e-06, -2.8299214284974172e-05, 6.608009643623404e-06, 0.930180526276752, -0.36710242234537427, -0.00016427509136105432, -1.7988142829523116e-09, 0.3671024223534001, 0.9301805262970558, 0.04503773857018227, 0.0, 0.0, 0.0, 1.0], "right_foot_pose": [0.9999999996344481, -2.649076053015725e-05, 5.417029726374558e-06, -0.00011022506754383363, 2.7038946068876327e-05, 0.9797261090430908, -0.20034158462032609, -0.2406716127212001, -4.514207732465468e-12, 0.20034158469356145, 0.9797261094012317, 1.4644799262164554e-11, 0.0, 0.0, 0.0, 1.0]}, {"left_foot_pose": [0.999999999966698, -7.5715457533224575e-06, 3.045572713689104e-06, -3.502074880657596e-05, 8.161116039612037e-06, 0.9278408844839313, -0.37297626333786216, -0.0002028391388365601, -1.800037727178151e-09, 0.3729762633502967, 0.9278408845148246, 0.04888842040295954, 0.0, 0.0, 0.0, 1.0], "right_foot_pose": [0.9999999996344477, -2.6486585595219475e-05, 5.437408146992201e-06, -0.00011022506647477212, 2.7038946426263776e-05, 0.9795716590921265, -0.20109541012264667, -0.24067161272072876, -1.267448115877398e-13, 0.20109541019615762, 0.9795716594502113, 2.853134395408574e-12, 0.0, 0.0, 0.0, 1.0]}, {"left_foot_pose": [0.9999999999520428, -9.083996360749315e-06, 3.6600102622519337e-06, -4.208552480288244e-05, 9.793603093578518e-06, 0.9276147165924676, -0.37353840159368285, -0.0002433758148804449, -1.8579016585892477e-09, 0.37353840161161367, 0.9276147166369466, 0.05000000002624365, 0.0, 0.0, 0.0, 1.0], "right_foot_pose": [0.9999999996344476, -2.649173345216354e-05, 5.412269162320484e-06, -0.00011022506789661393, 2.7038945962769177e-05, 0.9797621021710469, -0.20016548758032168, -0.24067161272041943, -5.468818286802324e-12, 0.20016548765349282, 0.9797621025292012, 1.730939003241616e-11, 0.0, 0.0, 0.0, 1.0]}, {"left_foot_pose": [0.9999999999340984, -1.0660666263834759e-05, 4.260728582283768e-06, -4.938574065004378e-05, 1.1480575316416255e-05, 0.9286446621481879, -0.3709704723180493, -0.00028526616340361285, -1.9104557573730842e-09, 0.3709704723425173, 0.928644662209379, 0.05000000009057627, 0.0, 0.0, 0.0, 1.0], "right_foot_pose": [0.9999999996344476, -2.6506111655903006e-05, 5.341401888326947e-06, -0.00011022507193906433, 2.7038944676896795e-05, 0.9802940187942476, -0.1975440102486543, -0.24067161272042115, -2.073064488428117e-11, 0.1975440103208675, 0.9802940191525962, 5.864034258173945e-11, 0.0, 0.0, 0.0, 1.0]}, {"left_foot_pose": [0.9999999999129178, -1.2276628252919268e-05, 4.842387936243586e-06, -5.68140087743238e-05, 1.3197132962425142e-05, 0.9303035404118241, -0.3667905703846038, -0.00032789133247889714, -1.9391618402802923e-09, 0.3667905704165685, 0.9303035404928276, 0.05000000019763001, 0.0, 0.0, 0.0, 1.0], "right_foot_pose": [0.9999999996344477, -2.65295196542251e-05, 5.223887680739829e-06, -0.00011022507881212895, 2.703894257497461e-05, 0.9811599893317009, -0.19319698394000168, -0.24067161272118373, -4.6398628730627715e-11, 0.19319698401062654, 0.9811599896903659, 1.284213430041703e-10, 0.0, 0.0, 0.0, 1.0]}, {"left_foot_pose": [0.9999999998887208, -1.3912022427150862e-05, 5.386412910091121e-06, -6.426255627089636e-05, 1.4918371501875026e-05, 0.9325900389063403, -0.36093741716551697, -0.0003706328975856491, -1.9455828627286887e-09, 0.36093741720570877, 0.9325900390101076, 0.05000000034984839, 0.0, 0.0, 0.0, 1.0], "right_foot_pose": [0.9999999996344479, -2.6561541433936556e-05, 5.058534960556995e-06, -0.00011022508878402032, 2.7038939684730365e-05, 0.9823446221508669, -0.18708031056251645, -0.24067161272350823, -8.319404515837597e-11, 0.1870803106309063, 0.9823446225099648, 2.2905778662707377e-10, 0.0, 0.0, 0.0, 1.0]}, {"left_foot_pose": [0.9999999998618981, -1.554682993465672e-05, 5.873677735412919e-06, -7.162360995436809e-05, 1.6619386493673205e-05, 0.935504617697863, -0.35331446331812316, -0.0004128724331852601, -1.9327697070005553e-09, 0.35331446336694666, 0.9355046178270466, 0.05000000055202593, 0.0, 0.0, 0.0, 1.0], "right_foot_pose": [0.999999999634448, -2.6601601999716923e-05, 4.843431973301496e-06, -0.00011022510226180865, 2.7038936040565365e-05, 0.9838266443989202, -0.17912323422621243, -0.24067161272866183, -1.3243997592713833e-10, 0.17912323429169483, 0.9838266447585594, 3.648566587743929e-10, 0.0, 0.0, 0.0, 1.0]}, {"left_foot_pose": [0.9999999998330074, -1.716364728949586e-05, 6.2764993186137374e-06, -7.878962317139221e-05, 1.827526273342116e-05, 0.9392113689220716, -0.3433394881943302, -0.00045399202212130854, -2.0016410634542424e-09, 0.34333948825169963, 0.9392113690789006, 0.04965510205091936, 0.0, 0.0, 0.0, 1.0], "right_foot_pose": [0.999999999634448, -2.6648851828373707e-05, 4.576300616377881e-06, -0.00011022511955830622, 2.703893176616582e-05, 0.9855746189357494, -0.16924145407833918, -0.24067161273847973, -1.953032192559029e-10, 0.1692414541402109, 0.985574619296027, 5.400790925591537e-10, 0.0, 0.0, 0.0, 1.0]}, {"left_foot_pose": [0.9999999998027684, -1.8761174201958436e-05, 6.517761893143348e-06, -8.56523561759831e-05, 1.9861089415276644e-05, 0.9446557112924875, -0.3280633882773619, -0.0004933740684008175, -2.186620504713885e-09, 0.32806338834210746, 0.9446557114787894, 0.04676863865777696, 0.0, 0.0, 0.0, 1.0], "right_foot_pose": [0.9999999996344482, -2.67021418545897e-05, 4.254314802199978e-06, -0.00011022514117934451, 2.703892701237978e-05, 0.9875460278791215, -0.15733035971822762, -0.24067161275565704, -2.74101042538931e-10, 0.15733035977574739, 0.9875460282401202, 7.626975717656137e-10, 0.0, 0.0, 0.0, 1.0]}, {"left_foot_pose": [0.9999999997720465, -2.031312806959274e-05, 6.57906599527136e-06, -9.210393937184036e-05, 2.1351985294741266e-05, 0.9513793661405463, -0.3080215921426721, -0.0005303991161286544, -2.3055869846199264e-09, 0.3080215922129335, 0.9513793663574017, 0.04154533972577633, 0.0, 0.0, 0.0, 1.0], "right_foot_pose": [0.9999999996344485, -2.6759948633883397e-05, 3.8740752314257776e-06, -0.00011022516730169532, 2.7038922124120837e-05, 0.9896844855428831, -0.14326415582628252, -0.24067161278386462, -3.707015504744595e-10, 0.14326415587866287, 0.9896844859046624, 1.0402596839487188e-09, 0.0, 0.0, 0.0, 1.0]}, {"left_foot_pose": [0.9999999997418314, -2.1783636809296333e-05, 6.466100215374304e-06, -9.803695753574787e-05, 2.272305611631996e-05, 0.958686912850125, -0.28446335899999764, -0.0005644481074378871, -2.319155558921989e-09, 0.2844633590734878, 0.9586869130976128, 0.03470488274518789, 0.0, 0.0, 0.0, 1.0], "right_foot_pose": [0.9999999996344483, -2.6820233586877977e-05, 3.431928710529815e-06, -0.00011022519805624006, 2.703891758345997e-05, 0.991914541246337, -0.1269076125887163, -0.24067161282824046, -4.88178908828751e-10, 0.1269076126351206, 0.991914541608931, 1.3848379387670917e-09, 0.0, 0.0, 0.0, 1.0]}, {"left_foot_pose": [0.9999999997132132, -2.3135033342825426e-05, 6.192258678483498e-06, -0.00010334386841930054, 2.3949401460615887e-05, 0.9660204259376804, -0.2584657348617239, -0.0005949022319252824, -2.2349721072833104e-09, 0.2584657349359, 0.9660204262147087, 0.026966945187775287, 0.0, 0.0, 0.0, 1.0], "right_foot_pose": [0.9999999996344486, -2.6880394980811733e-05, 2.923567306335244e-06, -0.00011022523299953138, 2.7038914173971407e-05, 0.9941398857719946, -0.10810128022435173, -0.2406716128956425, -6.297576350056278e-10, 0.10810128026388524, 0.9941398861354023, 1.8106707938558841e-09, 0.0, 0.0, 0.0, 1.0]}, {"left_foot_pose": [0.9999999996873472, -2.4330211828921228e-05, 5.774656418322532e-06, -0.0001079169905191732, 2.5006116452609956e-05, 0.9729896910997075, -0.230848565922321, -0.0006211428916211466, -2.086655483434865e-09, 0.23084856599454728, 0.9729896914039032, 0.019051204521992215, 0.0, 0.0, 0.0, 1.0], "right_foot_pose": [0.9999999996344487, -2.6937052283662676e-05, 2.344789184850208e-06, -0.00011022527055750547, 2.703891309585948e-05, 0.9962353642761295, -0.08668966624982727, -0.24067161299453285, -7.978356710682028e-10, 0.08668966628153826, 0.9962353646403026, 2.3320381181690664e-09, 0.0, 0.0, 0.0, 1.0]}, {"left_foot_pose": [0.9999999996654159, -2.5333955739131397e-05, 5.230614155332658e-06, -0.0001116485035054654, 2.5868293993930692e-05, 0.9793588717607077, -0.20212916571941422, -0.0006425516541855251, -1.917039965295436e-09, 0.202129165787092, 0.9793588720883765, 0.011677338341875967, 0.0, 0.0, 0.0, 1.0], "right_foot_pose": [0.9999999996344484, -2.6985932723134985e-05, 1.6918665692097415e-06, -0.00011022530786873597, 2.7038915962288267e-05, 0.9980427821565989, -0.0625348243302404, -0.24067161313493232, -9.946556306944271e-10, 0.06253482435312692, 0.9980427825214335, 2.965960865797257e-09, 0.0, 0.0, 0.0, 1.0]}, {"left_foot_pose": [0.999999999648583, -2.611324044347232e-05, 4.575285947910901e-06, -0.00011443043493017738, 2.6511027231490338e-05, 0.985006884535677, -0.17251503329996257, -0.0006585101849234023, -1.7616128321180649e-09, 0.17251503336063329, 0.9850068848818171, 0.005565024567298293, 0.0, 0.0, 0.0, 1.0], "right_foot_pose": [0.9999999996344483, -2.7021805165943444e-05, 9.620327472211672e-07, -0.00011022533912920934, 2.7038924903644132e-05, 0.9993684456888088, -0.03553461735312201, -0.24067161332451867, -1.2156646961025907e-09, 0.03553461736614459, 0.9993684460541286, 3.7131137886614596e-09, 0.0, 0.0, 0.0, 1.0]}, {"left_foot_pose": [0.9999999996379416, -2.663539287790776e-05, 3.830455729686433e-06, -0.00011615462960943429, 2.6909413637824435e-05, 0.9898253397880578, -0.1422877225530787, -0.0006684001657628873, -1.5927523055307372e-09, 0.1422877226046376, 0.989825340146426, 0.0014339414554137148, 0.0, 0.0, 0.0, 1.0], "right_foot_pose": [0.9999999996344477, -2.703843945948453e-05, 1.6483407048260096e-07, -0.00011022535026231767, 2.7038941856724737e-05, 0.9999817302400892, -0.006044704702016064, -0.2406716135290423, -1.3916768197136038e-09, 0.006044704704263304, 0.9999817306056347, 4.374435272347377e-09, 0.0, 0.0, 0.0, 1.0]}, {"left_foot_pose": [0.99999999963445, -2.6868810435056877e-05, 3.027790357629234e-06, -0.00011671422951909163, 2.7038869920280784e-05, 0.9937165384211296, -0.11192604941312553, -0.000671611547682951, -1.4455490108663166e-09, 0.11192604945407887, 0.9937165387843785, 5.141009756792769e-09, 0.0, 0.0, 0.0, 1.0], "right_foot_pose": [0.9999999996344475, -2.7030550827524764e-05, -6.744718007093571e-07, -0.00011022534116844965, 2.7038964255493327e-05, 0.9996874588756925, 0.024999676709049047, -0.24067161371207102, -1.4940315775026382e-09, -0.02499967671814743, 0.9996874592411317, 4.854335516890629e-09, 0.0, 0.0, 0.0, 1.0]}, {"left_foot_pose": [0.9999999996344492, -2.6949886265228173e-05, 2.1920481991510865e-06, -0.00011671428504394718, 2.7038887602125833e-05, 0.9967128902986154, -0.08101489728118118, -0.0006716115862133946, -1.5004288138609888e-09, 0.08101489731083665, 0.9967128906629615, 5.133348163210982e-09, 0.0, 0.0, 0.0, 1.0], "right_foot_pose": [0.9999999996344465, -2.6995696983883543e-05, -1.5294427015913754e-06, -0.00011022531537673019, 2.703898756061367e-05, 0.9983957822608531, 0.05662032526075703, -0.240671613841347, -1.516001358161034e-09, -0.056620325281413926, 0.9983957826258223, 5.111326389917181e-09, 0.0, 0.0, 0.0, 1.0]}, {"left_foot_pose": [0.9999999996344487, -2.700543616688421e-05, 1.3450244554513713e-06, -0.00011671434448597487, 2.7038910317894352e-05, 0.9987647119062091, -0.04968953128986895, -0.000671611710161021, -1.475497368092458e-09, 0.049689531308072826, 0.9987647122713067, 4.871732475764112e-09, 0.0, 0.0, 0.0, 1.0], "right_foot_pose": [0.9999999996344459, -2.693457589617514e-05, -2.3741354989661957e-06, -0.00011022527891945896, 2.7039006933305804e-05, 0.9961330270587114, 0.0878577923222638, -0.24067161389057165, -1.4575940291912489e-09, -0.0878577923543414, 0.9961330274228551, 5.115895276852633e-09, 0.0, 0.0, 0.0, 1.0]}, {"left_foot_pose": [0.9999999996344483, -2.7034078297075928e-05, 5.123795770722861e-07, -0.00011671439716025994, 2.7038933416818384e-05, 0.9998213981998295, -0.018898967448932675, -0.0006716118942860505, -1.37189958087007e-09, 0.01889896745587826, 0.9998213985653158, 4.389501664925355e-09, 0.0, 0.0, 0.0, 1.0], "right_foot_pose": [0.9999999996344459, -2.6850910534605785e-05, -3.1838857990842243e-06, -0.00011022524057734476, 2.703901853878672e-05, 0.9930373139334876, 0.11780022243042264, -0.24067161384704083, -1.3258316850490302e-09, -0.1178002224734495, 0.9930373142965009, 4.856391899732415e-09, 0.0, 0.0, 0.0, 1.0]}, {"left_foot_pose": [0.9999999996344472, -2.703750179312263e-05, -2.800774178135512e-07, -0.0001167144368818887, 2.7038952367606348e-05, 0.9999458908178722, 0.01040262973235318, -0.0006716121056788687, -1.198856947032795e-09, -0.010402629736123522, 0.9999458911834053, 3.7348523579394666e-09, 0.0, 0.0, 0.0, 1.0], "right_foot_pose": [0.9999999996344455, -2.6750955687216287e-05, -3.936369180606152e-06, -0.0001102252044973065, 2.7039020529637143e-05, 0.9893402172131417, 0.14562257336535017, -0.2406716137163436, -1.1346669655943123e-09, -0.14562257341855284, 0.9893402175748038, 4.343834750231146e-09, 0.0, 0.0, 0.0, 1.0]}, {"left_foot_pose": [0.9999999996344473, -2.7020205134991322e-05, -1.0070219856050944e-06, -0.00011671445735833563, 2.7038964068081135e-05, 0.9993048822768724, 0.03727937132654583, -0.0006716123119605809, -9.742737629416184e-10, -0.037279371340147124, 0.9993048826421725, 2.971850404653864e-09, 0.0, 0.0, 0.0, 1.0], "right_foot_pose": [0.9999999996310592, -2.6765337519211126e-05, -4.636583765115358e-06, -4.775997260553222e-05, 2.716396880362406e-05, 0.9853212612233238, 0.170710314402496, -0.24067161730080305, -5.946197654470062e-10, -0.17071031446546214, 0.9853212615868516, 0.00019234898368046538, 0.0, 0.0, 0.0, 1.0]}, {"left_foot_pose": [0.9999999996344474, -2.698835834182986e-05, -1.6535905423553654e-06, -0.0001167144623895576, 2.7038969046137988e-05, 0.9981264988657097, 0.06118407906454784, -0.0006716124712311117, -7.653120692219363e-10, -0.06118407908689327, 0.998126499230579, 2.300574716840309e-09, 0.0, 0.0, 0.0, 1.0], "right_foot_pose": [0.9999999995819776, -2.8363313505666966e-05, -5.618513100680584e-06, 0.000827436056539458, 2.891444694313113e-05, 0.9809435835256977, 0.19429278191358373, -0.24067167889561428, 6.572897889206879e-10, -0.19429278199482122, 0.9809435839357505, 0.002756575964716665, 0.0, 0.0, 0.0, 1.0]}, {"left_foot_pose": [0.9999999996344471, -2.6947599631778185e-05, -2.220978842448762e-06, -0.00011671445875145389, 2.7038969517946544e-05, 0.9966190207422897, 0.08216158934426679, -0.0006716125843165624, -5.878556098682323e-10, -0.08216158937428544, 0.9966190211066078, 1.7543385077978257e-09, 0.0, 0.0, 0.0, 1.0], "right_foot_pose": [0.9999999994690972, -3.180758176806805e-05, -7.076964980865216e-06, 0.002662834497056725, 3.258536001163932e-05, 0.9761446571644212, 0.2171211809740146, -0.24067181092743012, 2.0418376421726836e-09, -0.2171211810893499, 0.9761446576826449, 0.0077423082631688095, 0.0, 0.0, 0.0, 1.0]}, {"left_foot_pose": [0.9999999996344472, -2.6902577662792045e-05, -2.712390997333669e-06, -0.00011671445093622626, 2.7038967244188106e-05, 0.9949541830006959, 0.10033031943691616, -0.0006716126619542052, -4.394417908232983e-10, -0.10033031947358047, 0.9949541833644057, 1.314332517821093e-09, 0.0, 0.0, 0.0, 1.0], "right_foot_pose": [0.9999999992782861, -3.688778971276092e-05, -9.094977396735656e-06, 0.0053663163