{"LoopMode": "Wrap", "FrameDuration": 0.0167, "EnableCycleOffsetPosition": true, "EnableCycleOffsetRotation": false, "Debug_info": [{"left_foot_pose": [0.9999999118142101, -0.00041175621658556057, 8.263407696330279e-05, 0.012569373505914406, 0.0004199661446913553, 0.9804974189563423, -0.19653151159137117, 6.27576790427839e-06, -9.942752774573933e-08, 0.196531528963599, 0.9804975054140737, 0.03320151003202251, 0.0, 0.0, 0.0, 1.0], "right_foot_pose": [0.9999995000000581, -0.0009828611787293892, 0.00018434624259051042, 0.030000000151283724, 0.000999999816905314, 0.9828609046129817, -0.18434598499483978, -0.1400500002405366, -2.0264859142366882e-10, 0.18434607716806667, 0.9828613960435851, 6.680132766390123e-10, 0.0, 0.0, 0.0, 1.0]}, {"left_foot_pose": [0.9999998200905387, -0.0005857744018411416, 0.0001291791053568246, 0.0179531984442239, 0.0005998490449005723, 0.9765792927080618, -0.21515697812282558, 8.973864988284785e-06, -1.2018918028998335e-07, 0.21515701690201217, 0.9765794683884226, 0.03904662092937289, 0.0, 0.0, 0.0, 1.0], "right_foot_pose": [0.999999500000047, -0.000981228050290343, 0.00019285012029013858, 0.030000000024639123, 0.0009999998277863212, 0.9812277410358524, -0.19284999409391465, -0.14005000006553345, -6.4187485261772e-11, 0.19285009051901364, 0.9812282316499095, 3.319689731440256e-10, 0.0, 0.0, 0.0, 1.0]}, {"left_foot_pose": [0.9999996840571774, -0.0007752063972694177, 0.00017589936799679328, 0.023791410430946985, 0.000794912277517965, 0.9752460409240262, -0.22112107040371515, 1.1894537299519253e-05, -1.3069389210852406e-07, 0.22112114036666697, 0.9752463490231218, 0.040000005348098513, 0.0, 0.0, 0.0, 1.0], "right_foot_pose": [0.9999995000000422, -0.0009805019724173731, 0.0001965083902532079, 0.029999999956934257, 0.0009999998326771418, 0.98050164708033, -0.1965083206205144, -0.14005000003246088, -4.343651797327771e-12, 0.19650841887471954, 0.980502137331356, 2.1384913978517162e-10, 0.0, 0.0, 0.0, 1.0]}, {"left_foot_pose": [0.9999995023873665, -0.0009731274340170881, 0.00021965431339489658, 0.02985813561973427, 0.0009976096444264703, 0.9754878872427392, -0.2200508727946687, 1.4927850132802345e-05, -1.3258090161232382e-07, 0.22005098242383556, 0.9754883726289558, 0.04000000558312403, 0.0, 0.0, 0.0, 1.0], "right_foot_pose": [0.9999995000000432, -0.0009806702272299546, 0.00019566698389140107, 0.029999999983786035, 0.0009999998315802026, 0.9806699053033944, -0.19566690275202045, -0.14005000004286056, -1.6580649479242102e-11, 0.19566700058552833, 0.9806703956385461, 2.172059407334892e-10, 0.0, 0.0, 0.0, 1.0]}, {"left_foot_pose": [0.9999992795257775, -0.0011726992138657419, 0.00025636786257789796, 0.03592751798360036, 0.0012003948980199319, 0.9769496266933054, -0.21346659213071476, 1.7962694770265464e-05, -1.2638286348431928e-07, 0.21346674607621166, 0.9769503305284353, 0.040000005421412806, 0.0, 0.0, 0.0, 1.0], "right_foot_pose": [0.9999995000000499, -0.0009817108547771328, 0.00019037711948539034, 0.03000000000021613, 0.000999999825005461, 0.9817105541320246, -0.19037696264554563, -0.14005000004148144, -9.673564105047073e-11, 0.19037705783415976, 0.9817110449874796, 3.7110672174156534e-10, 0.0, 0.0, 0.0, 1.0]}, {"left_foot_pose": [0.9999990259799111, -0.0013671745692620007, 0.0002808432436620333, 0.041773700464560005, 0.0013957217550768692, 0.9795619702951224, -0.20113775953888272, 2.088339874985537e-05, -1.129313458189767e-07, 0.20113795560568892, 0.9795629243773738, 0.03912524413012427, 0.0, 0.0, 0.0, 1.0], "right_foot_pose": [0.9999995000000641, -0.0009833929412525445, 0.00018148813905910987, 0.02999999992025431, 0.0009999998107622185, 0.9833926865128635, -0.18148780706535553, -0.1400500001298985, -2.8024815814743597e-10, 0.1814878978095682, 0.9833931782093386, 7.355539718978399e-10, 0.0, 0.0, 0.0, 1.0]}, {"left_foot_pose": [0.9999987580424454, -0.0015518082472072675, 0.0002753265908967117, 0.047170809883566006, 0.001576043641461013, 0.9846313051356772, -0.17463879589957731, 2.3574825610540168e-05, -8.925677411425347e-08, 0.17463901293232803, 0.9846325279829095, 0.03338621352994718, 0.0, 0.0, 0.0, 1.0], "right_foot_pose": [0.9999995000000822, -0.000986138834350489, 0.00016592102019519694, 0.02999999978448768, 0.0009999997927782659, 0.9861386358415967, -0.16592043545292762, -0.1400500003416008, -5.437004085943826e-10, 0.16592051841370917, 0.9861391289109899, 1.303734481483687e-09, 0.0, 0.0, 0.0, 1.0]}, {"left_foot_pose": [0.9999984969409961, -0.0017165281626477654, 0.0002442269772555433, 0.0518929821581218, 0.0017338153724584405, 0.9900329081664039, -0.14082554680109677, 2.5931117951662197e-05, -6.172744069506762e-08, 0.14082575857647783, 0.9900343962314425, 0.024290161467507926, 0.0, 0.0, 0.0, 1.0], "right_foot_pose": [0.9999995000001003, -0.0009894083608188416, 0.0001451573113314166, 0.02999999967130172, 0.000999999774745198, 0.9894082162581563, -0.1451564039279848, -0.14005000052187405, -8.768084926282701e-10, 0.1451564765070758, 0.9894087109622852, 2.049886704824644e-09, 0.0, 0.0, 0.0, 1.0]}, {"left_foot_pose": [0.9999982674238579, -0.0018513082060896873, 0.00019444076020023278, 0.05571436263371579, 0.001861491144720514, 0.9945299796985814, -0.10443492869465891, 2.7841809426210756e-05, -3.592479970180753e-08, 0.10443510970294598, 0.9945317027934976, 0.014195323047470274, 0.0, 0.0, 0.0, 1.0], "right_foot_pose": [0.9999995000001132, -0.0009928612244999996, 0.00011927326736871805, 0.029999999570917174, 0.0009999997617114328, 0.992861116024214, -0.11927197612024822, -0.14005000060691436, -1.2690924037642863e-09, 0.11927203575751238, 0.9928616124547563, 2.950941692392295e-09, 0.0, 0.0, 0.0, 1.0]}, {"left_foot_pose": [0.9999980957739154, -0.001947049251123391, 0.0001320899607560692, 0.058409093083427635, 0.0019515246715803222, 0.9977053512525684, -0.0676773494859681, 2.9193919130138593e-05, -1.572805856764636e-08, 0.06767747838981084, 0.9977072511106642, 0.005459928878852542, 0.0, 0.0, 0.0, 1.0], "right_foot_pose": [0.9999995000001144, -0.0009960772085555066, 8.848568104131025e-05, 0.02999999948711298, 0.00099999976057513, 0.9960770986573971, -0.08848397329879043, -0.1400500005425055, -1.6913190794417339e-09, 0.08848401754247356, 0.996077596695932, 3.963826343544863e-09, 0.0, 0.0, 0.0, 1.0]}, {"left_foot_pose": [0.9999980072525598, -0.0019954155826004873, 6.170545405085824e-05, 0.05975131077178388, 0.001996369432327362, 0.9995202754685474, -0.030906850961717823, 2.987283302422275e-05, -3.840412956354942e-09, 0.03090691255905168, 0.9995222672637503, 0.00044221952859216374, 0.0, 0.0, 0.0, 1.0], "right_foot_pose": [0.9999995000000954, -0.0009985665121655944, 5.352083721416456e-05, 0.029999999459186025, 0.0009999997796153188, 0.9985663409089607, -0.05351880794758148, -0.14005000027522155, -2.0171920390964716e-09, 0.05351883470900784, 0.9985668401921775, 4.836630720927992e-09, 0.0, 0.0, 0.0, 1.0]}, {"left_foot_pose": [0.9999980000006519, -0.0019999582068647025, -1.2722732360598763e-05, 0.059859935124186754, 0.0019999986742797937, 0.9999777595100543, 0.006362428039332862, 2.9930344588376123e-05, -2.1407721787069703e-09, -0.006362440759929055, 0.9999797594689491, 5.561021573785574e-09, 0.0, 0.0, 0.0, 1.0], "right_foot_pose": [0.9999995000000599, -0.000999867836449898, 1.624622077584347e-05, 0.02999999938564559, 0.0009999998150259765, 0.9998675563247008, -0.01624406998388847, -0.14005000020759736, -2.1459570256255704e-09, 0.016244078108072043, 0.9998680562586342, 5.29991146802633e-09, 0.0, 0.0, 0.0, 1.0]}, {"left_foot_pose": [0.9999980000005781, -0.001998076515670332, -8.766460061284171e-05, 0.059859934997333025, 0.0019999987111673227, 0.9990368585020827, 0.04383326772493362, 2.9930207622728966e-05, -2.055648367638384e-09, -0.04383335538751202, 0.9990388565793992, 5.113581100224529e-09, 0.0, 0.0, 0.0, 1.0], "right_foot_pose": [0.9999995000000217, -0.0009997753301182134, -2.1189521286431874e-05, 0.02999999929533221, 0.0009999998532606274, 0.9997749337780701, 0.0211915499515486, -0.1400500003124657, -2.0366075968621475e-09, -0.021191560545292448, 0.9997754336658087, 5.290718613215617e-09, 0.0, 0.0, 0.0, 1.0]}, {"left_foot_pose": [0.9999980000005342, -0.0019937072981523764, -0.00015851227561343773, 0.05985993486292401, 0.0019999987330557105, 0.9968522179099539, 0.07925689656474261, 2.9930081390013713e-05, -1.7395991461927009e-09, -0.07925705507534249, 0.9968542116181206, 4.269783540622463e-09, 0.0, 0.0, 0.0, 1.0], "right_foot_pose": [0.9999994999999962, -0.0009984039258177364, -5.647440506511784e-05, 0.029999999301892677, 0.0009999998787564488, 0.9984034513901456, 0.05647608566895623, -0.14005000032032297, -1.7047144408224764e-09, -0.05647611390531158, 0.998403950592221, 4.791286541128148e-09, 0.0, 0.0, 0.0, 1.0]}, {"left_foot_pose": [0.9999980000005303, -0.0019877389671711823, -0.00022110797997839174, 0.05985993501990787, 0.0019999987351047074, 0.9938680519739539, 0.11055449005155057, 2.9930355880353893e-05, -1.3105343421497834e-09, -0.11055471115830959, 0.9938700397137968, 3.321609536033332e-09, 0.0, 0.0, 0.0, 1.0], "right_foot_pose": [0.9999994869694697, -0.0010089880181477753, -8.946494424149859e-05, 0.03038930106768703, 0.001012946591360745, 0.9960922118017549, 0.08831352969444017, -0.14004941103454724, 8.040886341160447e-09, -0.08831357501011372, 0.9960927228270131, 0.0015394462694943503, 0.0, 0.0, 0.0, 1.0]}, {"left_foot_pose": [0.9999980000005504, -0.0019811345219294288, -0.00027404544592920046, 0.05985993519881612, 0.0019999987251034614, 0.9905658480512664, 0.1370229932514113, 2.993055764268643e-05, -9.226773603037206e-10, -0.13702326729604275, 0.9905678291866328, 2.4708131304840286e-09, 0.0, 0.0, 0.0, 1.0], "right_foot_pose": [0.999999423785848, -0.0010658721907035114, -0.0001278453947828286, 0.032210478236217074, 0.00107351197995886, 0.9928858683048563, 0.11906510862776062, -0.1400466724991351, 2.76976380895139e-08, -0.11906517726432306, 0.9928864404165333, 0.008042274624547083, 0.0, 0.0, 0.0, 1.0]}, {"left_foot_pose": [0.9999980000005818, -0.0019747008749716245, -0.00031709823677374496, 0.05985993526346723, 0.001999998709344437, 0.987349052718348, 0.15854919773163237, 2.9930533242119792e-05, -5.957897252724481e-10, -0.1585495148293936, 0.9873510274200181, 1.7061535725892973e-09, 0.0, 0.0, 0.0, 1.0], "right_foot_pose": [0.9999993075923501, -0.0011635552255032443, -0.00017593765077866225, 0.03531574540200971, 0.0011767815502537334, 0.988766558425141, 0.1494634006213051, -0.14004201186272294, 5.2344643329548066e-08, -0.1494635041718848, 0.9887672430459346, 0.017485951978861533, 0.0, 0.0, 0.0, 1.0]}, {"left_foot_pose": [0.9999980000006149, -0.0019690695018028666, -0.0003503713294512777, 0.05985993523642942, 0.001999998692857764, 0.9845333957669267, 0.17518559479841284, 2.993036678696371e-05, -3.371089259668409e-10, -0.17518594516953198, 0.98453536483717, 1.0611716574904229e-09, 0.0, 0.0, 0.0, 1.0], "right_foot_pose": [0.99999913511243, -0.0012940705476037313, -0.0002348527400923206, 0.0394781854377076, 0.0013152088751873091, 0.9839377289941539, 0.17850718665488285, -0.14003577029255973, 7.957894856855613e-08, -0.17850734114664427, 0.983938579971712, 0.027512244923258496, 0.0, 0.0, 0.0, 1.0]}, {"left_foot_pose": [0.9999980000006425, -0.0019647294566690686, -0.00037394234571493497, 0.0598599351386238, 0.0019999986789553323, 0.9823633985397827, 0.18697099565080405, 2.9930155888986676e-05, -1.4910371020340913e-10, -0.18697136959313043, 0.9823653632699344, 5.716535370070552e-10, 0.0, 0.0, 0.0, 1.0], "right_foot_pose": [0.9999989029527602, -0.0014503899502739978, -0.00030076946014672264, 0.04447088502628408, 0.0014812471991106969, 0.9791814516706456, 0.20298150312504284, -0.1400282870026428, 1.0554438051400499e-07, -0.20298172595866576, 0.9791825258483886, 0.035762921654736796, 0.0, 0.0, 0.0, 1.0]}, {"left_foot_pose": [0.9999980000006609, -0.0019620451822927342, -0.00038778006898411833, 0.05985993499158376, 0.0019999986698147313, 0.9810212781824869, 0.1938897928167478, 2.9930013799929142e-05, -3.496347102019446e-11, -0.19389018059691257, 0.981023240228333, 3.040663346109973e-10, 0.0, 0.0, 0.0, 1.0], "right_foot_pose": [0.9999986099721172, -0.001627414589470245, -0.00036273349336250944, 0.05006693298618409, 0.0016673493388575465, 0.9760638109042743, 0.21747794598351214, -0.14001989816765759, 1.242536923002407e-07, -0.2174782484865539, 0.9760651676170014, 0.03987974635853199, 0.0, 0.0, 0.0, 1.0]}, {"left_foot_pose": [0.9999980000006664, -0.001960626031401785, -0.00039489268585575905, 0.05985993499268871, 0.001999998667088009, 0.9803117082920717, 0.19744608021131385, 2.9930017537901747e-05, -1.197461039521494e-12, -0.19744647510413046, 0.9803136689187577, 2.2248190789664335e-10, 0.0, 0.0, 0.0, 1.0], "right_foot_pose": [0.9999982590792453, -0.001819360420170455, -0.0004144467879820116, 0.0560393962247994, 0.0018659685048095925, 0.9750361345293164, 0.2220384077669171, -0.1400109396344455, 1.3270327323339297e-07, -0.22203879456029818, 0.9750378319379163, 0.04000000527384828, 0.0, 0.0, 0.0, 1.0]}, {"left_foot_pose": [0.9999980000006592, -0.0019616591368931337, -0.0003897282550007943, 0.05985993502172502, 0.001999998670525408, 0.9808282547151027, 0.19486388777257893, 2.9930022350969226e-05, -4.1734342402507967e-11, -0.19486427750092394, 0.9808302163749052, 2.81824119596763e-10, 0.0, 0.0, 0.0, 1.0], "right_foot_pose": [0.9999978584619689, -0.002019362129618945, -0.00045304311587916513, 0.062161356446428596, 0.0020695582760813483, 0.9757572923597123, 0.21884566099282032, -0.14000175670537848, 1.314840320577339e-07, -0.21884612992564448, 0.9757593819259698, 0.04000000540495312, 0.0, 0.0, 0.0, 1.0]}, {"left_foot_pose": [0.9999980000006412, -0.0019644736068463813, -0.0003752841143461373, 0.059859935038169367, 0.0019999986796189802, 0.9822354728712244, 0.18764188188867822, 2.993001468049039e-05, -1.549937831194665e-10, -0.18764225717276808, 0.9822374373455278, 5.053915758113092e-10, 0.0, 0.0, 0.0, 1.0], "right_foot_pose": [0.9999974222469261, -0.0022199548297357906, -0.00047675995742494737, 0.06820589715614336, 0.0022705725022991756, 0.9777158433219191, 0.20992039971813167, -0.1399926901131161, 1.2195862146568012e-07, -0.20992094111322568, 0.9777183635802913, 0.040000005158276085, 0.0, 0.0, 0.0, 1.0]}, {"left_foot_pose": [0.999998000000611, -0.0019689463203062673, -0.00035106291043364825, 0.05985993489792924, 0.0019999986948322584, 0.9844718019748356, 0.17553139639859752, 2.9930178097325143e-05, -3.6099632148648114e-10, -0.1755317474612747, 0.9844737709219036, 9.18705514441065e-10, 0.0, 0.0, 0.0, 1.0], "right_foot_pose": [0.9999969705909071, -0.0024158167009148894, -0.00047184602981312944, 0.07394610603112876, 0.0024614648073357803, 0.9814599135509523, 0.19165171348975477, -0.13998407486884804, 1.0255342220334463e-07, -0.1916522943307083, 0.9814628867551564, 0.03763087136562832, 0.0, 0.0, 0.0, 1.0]}, {"left_foot_pose": [0.9999980000005746, -0.001974806263108871, -0.0003164412659407322, 0.059859934770223396, 0.0019999987129008007, 0.9874017410473317, 0.15822073752149998, 2.9930385485311267e-05, -6.464823387613958e-10, -0.15822105396224065, 0.987403715854401, 1.5483752821565666e-09, 0.0, 0.0, 0.0, 1.0], "right_foot_pose": [0.9999965292004476, -0.002599814317213078, -0.00042726171653015906, 0.07915504690169332, 0.002634689175727363, 0.9867644209637688, 0.1621389402117365, -0.13997625469039038, 7.552217154228303e-08, -0.1621395031617953, 0.9867678458048986, 0.03043773000822833, 0.0, 0.0, 0.0, 1.0]}, {"left_foot_pose": [0.9999980000005413, -0.0019814821863284346, -0.0002715202819373495, 0.05985993466066845, 0.0019999987295597054, 0.9907396731192245, 0.13576045120982294, 2.9930538296257456e-05, -1.0003085269511044e-09, -0.1357607227292131, 0.9907416546022696, 2.348998114076739e-09, 0.0, 0.0, 0.0, 1.0], "right_foot_pose": [0.9999961282824323, -0.0027600588144960094, -0.00035425342010634355, 0.08360580732810309, 0.0027827001532429105, 0.9918618784838819, 0.12728814002208633, -0.13996957536440902, 4.770987709441511e-08, -0.12728863297940507, 0.9918657186909082, 0.020719885929431504, 0.0, 0.0, 0.0, 1.0]}, {"left_foot_pose": [0.9999980000005229, -0.001988251613078851, -0.00021644971429037412, 0.05985993456440941, 0.001999998738931195, 0.9941243691021673, 0.10822540719379682, 2.9930575843113705e-05, -1.4047680508062634e-09, -0.10822562364219487, 0.9941263573546671, 3.29108014451851e-09, 0.0, 0.0, 0.0, 1.0], "right_foot_pose": [0.9999958009288274, -0.0028859603808394406, -0.0002633579176878692, 0.08707147470195582, 0.0028979518132680486, 0.995858661474237, 0.09086874183143971, -0.13996437862693306, 2.3674614849286414e-08, -0.0908691234656807, 0.9958628431669588, 0.010835572610571755, 0.0, 0.0, 0.0, 1.0]}, {"left_foot_pose": [0.9999980000005328, -0.00199422636918236, -0.00015184242952000584, 0.05985993449044266, 0.001999998733735288, 0.9971117527110734, 0.07592201663889604, 2.993044638845664e-05, -1.816548337640352e-09, -0.07592216847957019, 0.9971137469383123, 4.306067877268838e-09, 0.0, 0.0, 0.0, 1.0], "right_foot_pose": [0.9999955809294718, -0.0029685152221439314, -0.00016136574540940644, 0.08932513288044036, 0.002972897833403007, 0.9985215141282056, 0.05427658520566497, -0.13996100418940252, 6.2990454584948945e-09, -0.05427682507748202, 0.9985259266836832, 0.0031430206066924704, 0.0, 0.0, 0.0, 1.0]}, {"left_foot_pose": [0.9999980000005853, -0.00199839744500791, -8.001551273402838e-05, 0.05985993449872904, 0.0019999987076218923, 0.9991973282779294, 0.04000873863818178, 2.9930094481472186e-05, -2.0745280050242434e-09, -0.04000881865165023, 0.9991993266761647, 5.05511028869865e-09, 0.0, 0.0, 0.0, 1.0], "right_foot_pose": [0.9999955000148378, -0.0029995292442719485, -5.267245111188361e-05, 0.09013985952849912, 0.002999991679045959, 0.9998413435552227, 0.017558125401439376, -0.13995979043753148, -2.016328059845169e-09, -0.01755820440705082, 0.9998458428467862, 4.848229055720576e-07, 0.0, 0.0, 0.0, 1.0]}, {"left_foot_pose": [0.9999980000006607, -0.001999992381060402, -5.015482531141059e-06, 0.059859934308586424, 0.0019999986698399337, 0.9999948529553633, 0.002508798139174692, 2.9930205196997475e-05, -2.120448008934549e-09, -0.0025088031525387316, 0.9999968529484193, 5.357942069184052e-09, 0.0, 0.0, 0.0, 1.0], "right_foot_pose": [0.9999955000034393, -0.0029993996754010253, 5.978677273123618e-05, 0.09013997484919017, 0.002999995478494116, 0.9997969136979421, -0.019928155639662045, -0.13995979031681427, -2.12729996803865e-09, 0.019928245323077902, 0.9998014128007338, 5.441946629436423e-09, 0.0, 0.0, 0.0, 1.0]}, {"left_foot_pose": [0.9999980000007304, -0.0019988188501771334, 6.86858391532416e-05, 0.05985993425101417, 0.001999998635079847, 0.9994081414601229, -0.034341910090783224, 2.993027910086661e-05, -1.9296124597303248e-09, 0.034341978778572375, 0.9994101402795417, 5.177414746926345e-09, 0.0, 0.0, 0.0, 1.0], "right_foot_pose": [0.9999955000035377, -0.002995138214682303, 0.00017064509759558505, 0.09013997471412727, 0.0029999954457265742, 0.9983764649484342, -0.05688087784478755, -0.1399597901764691, -1.958380715975745e-09, 0.05688113381555392, 0.9983809576588776, 4.8446400016666225e-09, 0.0, 0.0, 0.0, 1.0]}, {"left_foot_pose": [0.9999979998781299, -0.001995394755203049, 0.0001365265975418011, 0.05986176945908048, 0.0020000599343333036, 0.9976655545859784, -0.06826009780913203, 2.9934521463223854e-05, -2.042494324403389e-09, 0.06826023434199492, 0.9976675500423864, 7.643142632254851e-06, 0.0, 0.0, 0.0, 1.0], "right_foot_pose": [0.9999955000035798, -0.0029875504590145007, 0.0002729740734274848, 0.09013997465924872, 0.002999995431649696, 0.9958472360544895, -0.09099056253284839, -0.13995979007724804, -1.5796763590503005e-09, 0.09099097199661581, 0.9958517173832212, 3.901238679326902e-09, 0.0, 0.0, 0.0, 1.0]}, {"left_foot_pose": [0.9999979416343503, -0.0020189159673139768, 0.00020175574430884475, 0.060727093057847285, 0.0020289719227088573, 0.9950426142516036, -0.09942876392811327, 3.2090176611867735e-05, -1.724415244501652e-08, 0.0994289686241011, 0.995044662413878, 0.003350915210201297, 0.0, 0.0, 0.0, 1.0], "right_foot_pose": [0.9999955000035721, -0.0029781113599003243, 0.00036169784831476264, 0.09013997492061666, 0.0029999954342368345, 0.9927008771675623, -0.12056520434249351, -0.1399597904534267, -1.1666306849246951e-09, 0.12056574689139801, 0.9927053443376436, 3.0189313895978565e-09, 0.0, 0.0, 0.0, 1.0]}, {"left_foot_pose": [0.9999977834936724, -0.0020875870074817736, 0.00027383978771015714, 0.06301667160143226, 0.0021054709073331447, 0.9915061922288478, -0.13004244600941006, 3.780854328634328e-05, -3.892448305855045e-08, 0.13004273433121163, 0.9915083899028093, 0.011160970840422876, 0.0, 0.0, 0.0, 1.0], "right_foot_pose": [0.9999955000035342, -0.002968175966701927, 0.0004357798899768004, 0.09013997506169219, 0.002999995446965681, 0.9893890768698008, -0.1452592668232972, -0.13995979056400043, -7.983370400259321e-10, 0.14525992049479547, 0.9893935291368373, 2.192702401593305e-09, 0.0, 0.0, 0.0, 1.0]}, {"left_foot_pose": [0.9999975313314104, -0.0021933071785514837, 0.00035599818324737247, 0.06650464118449745, 0.0022220105944330665, 0.9870844621563369, -0.16018529033108544, 4.652748599521736e-05, -6.472805792282359e-08, 0.1601856859184251, 0.9870868989237173, 0.02107955601388139, 0.0, 0.0, 0.0, 1.0], "right_foot_pose": [0.9999955000034848, -0.0029588627323583892, 0.0004950799038487437, 0.09013997509156349, 0.002999995463352287, 0.9862846579288755, -0.1650259784438233, -0.13995979047843626, -4.961266393576399e-10, 0.16502672106496083, 0.9862890962261252, 1.4685767046884735e-09, 0.0, 0.0, 0.0, 1.0]}, {"left_foot_pose": [0.9999971890698901, -0.0023282226765983494, 0.0004485883272797199, 0.07096514358396111, 0.0023710445611040067, 0.9819442316231914, -0.18915576684212, 5.7682379532592726e-05, -9.197457478692753e-08, 0.18915629876139275, 0.9819469917662986, 0.03074844019008617, 0.0, 0.0, 0.0, 1.0], "right_foot_pose": [0.999995500003438, -0.002950553790256347, 0.0005424068625859029, 0.09013997503378984, 0.0029999954789593514, 0.9835150023606276, -0.18080165972330345, -0.13995979028747849, -2.643554889942277e-10, 0.18080247333459165, 0.9835194281945294, 8.811373644612708e-10, 0.0, 0.0, 0.0, 1.0]}, {"left_foot_pose": [0.9999967614165641, -0.0024878346024751444, 0.0005365029125259847, 0.07617232378931729, 0.0025450258095377743, 0.977534593094751, -0.21075967865488338, 7.070671542633994e-05, -1.1493492619103126e-07, 0.21076036150583802, 0.9775377588706823, 0.03780938995368619, 0.0, 0.0, 0.0, 1.0], "right_foot_pose": [0.9999955000033989, -0.002944898144298663, 0.0005723179810896587, 0.09013997491325212, 0.0029999954919586783, 0.9816297785605745, -0.19077205736209377, -0.13995979008625625, -9.533364742414093e-11, 0.19077291583984712, 0.9816341959110647, 4.454526886243926e-10, 0.0, 0.0, 0.0, 1.0]}, {"left_foot_pose": [0.9999962560313576, -0.00266926879362177, 0.0006024345406694322, 0.08190032438942753, 0.0027364069967572503, 0.9754715113652843, -0.22010870630549137, 8.502998293465763e-05, -1.284309397931052e-07, 0.22010953073148884, 0.975475163436337, 0.04000000500851323, 0.0, 0.0, 0.0, 1.0], "right_foot_pose": [0.9999955000033786, -0.0029419964278352383, 0.0005870519664100283, 0.09013997478496541, 0.0029999954987735573, 0.9806625351113858, -0.19568339800789808, -0.13995979000542713, -1.1696112085923863e-11, 0.19568427858652485, 0.980666948109332, 2.6448308820814503e-10, 0.0, 0.0, 0.0, 1.0]}, {"left_foot_pose": [0.9999956851216275, -0.0028654041376012054, 0.0006474544434078537, 0.08792326574683804, 0.0029376415898660553, 0.9754154440480338, -0.22035444577876748, 0.00010008726046812494, -1.325227442969828e-07, 0.22035539696523518, 0.9754196527793958, 0.04000000537995992, 0.0, 0.0, 0.0, 1.0], "right_foot_pose": [0.999995500003378, -0.0029418637950301236, 0.0005877162627715024, 0.09013997481724079, 0.0029999954990025087, 0.9806183239839508, -0.19590483070591622, -0.1399597900172805, -7.851796097462855e-12, 0.1959057122809826, 0.9806227367829488, 2.290024350704023e-10, 0.0, 0.0, 0.0, 1.0]}, {"left_foot_pose": [0.9999950664709714, -0.0030676634441660043, 0.0006756291231508318, 0.09401529424434577, 0.0031411834875122, 0.9765987722803863, -0.21504643904687448, 0.00011531745812026414, -1.2847232401755063e-07, 0.2150475003840699, 0.9766035902957495, 0.04000000536402304, 0.0, 0.0, 0.0, 1.0], "right_foot_pose": [0.9999955000033938, -0.0029443888682705315, 0.0005749323040333416, 0.0901399748382919, 0.0029999954936327836, 0.9814600184211737, -0.19164350306688663, -0.1399597900178714, -7.260110056454079e-11, 0.1916443654660943, 0.9814644350077582, 3.4598417880671306e-10, 0.0, 0.0, 0.0, 1.0]}, {"left_foot_pose": [0.9999944238997096, -0.0032693748170091208, 0.0006807038966921696, 0.09995055083720154, 0.003339486408936183, 0.979006934508846, -0.2037995829586451, 0.0001301549757681958, -1.1661096712222546e-07, 0.2038007197531425, 0.9790123935007611, 0.039831115124560376, 0.0, 0.0, 0.0, 1.0], "right_foot_pose": [0.9999955000034269, -0.0029494408411766923, 0.000548426494870428, 0.09013997480586053, 0.0029999954826427696, 0.9831440162903903, -0.18280821442020873, -0.13995979004689482, -2.1309358513623554e-10, 0.18280903706087737, 0.9831484404548858, 6.23101195640352e-10, 0.0, 0.0, 0.0, 1.0]}, {"left_foot_pose": [0.9999937871544767, -0.0034668178808618913, 0.0006378293103127574, 0.10550317175097838, 0.003525003892059296, 0.9834921413946072, -0.18091650605351692, 0.00014402989042421044, -9.553611437700544e-08, 0.18091763039801317, 0.9834982516563818, 0.035528243226346214, 0.0, 0.0, 0.0, 1.0], "right_foot_pose": [0.9999955000034766, -0.002956873371036183, 0.0005068260690683924, 0.09013997465448953, 0.002999995466101596, 0.9856215364652284, -0.16894137114136767, -0.1399597902505001, -4.4732169531159466e-10, 0.16894213138169406, 0.9856259717784484, 1.1172686872895632e-09, 0.0, 0.0, 0.0, 1.0]}, {"left_foot_pose": [0.9999931912238629, -0.0036489869785254207, 0.0005499090349036035, 0.11044728494193996, 0.003690190497980038, 0.9888303572771834, -0.14899968799016794, 0.00015638435407283602, -6.882617327063488e-08, 0.14900070275374286, 0.9888370900097179, 0.027174750754769543, 0.0, 0.0, 0.0, 1.0], "right_foot_pose": [0.9999955000035305, -0.0029660995329405053, 0.0004496957297038392, 0.09013997453407845, 0.0029999954481004266, 0.9886969330874723, -0.14989788034104254, -0.1399597904463221, -7.559123183542707e-10, 0.1498985548862522, 0.9887013822398617, 1.8072459848084144e-09, 0.0, 0.0, 0.0, 1.0]}, {"left_foot_pose": [0.9999926750925635, -0.0038028138758906425, 0.0004340136463916873, 0.11455703724118817, 0.003827500649004193, 0.9935441360217098, -0.11338165643373402, 0.0001666572625915741, -4.2376968411647755e-08, 0.11338248711110853, 0.9935514136754565, 0.01712887384835808, 0.0, 0.0, 0.0, 1.0], "right_foot_pose": [0.9999955000035753, -0.0029761931817622574, 0.00037715612649809305, 0.09013997442978891, 0.002999995433150235, 0.9920614872182727, -0.1257179605532562, -0.13995979056598887, -1.1307437838890162e-09, 0.1257185262895401, 0.9920659515110808, 2.6625956509040982e-09, 0.0, 0.0, 0.0, 1.0]}, {"left_foot_pose": [0.9999922799242414, -0.00391773937078624, 0.0003023411003031014, 0.11760657202450849, 0.003929388237108049, 0.9970281547611219, -0.07693775745181951, 0.00017428452437066345, -2.0507874740121987e-08, 0.07693835150206611, 0.9970358519472332, 0.0077488442316104855, 0.0, 0.0, 0.0, 1.0], "right_foot_pose": [0.9999955000035913, -0.0029859839871170875, 0.0002896069685807821, 0.09013997434142111, 0.002999995427924542, 0.9953250833507884, -0.09653485629646377, -0.13995979055144575, -1.5450418411288006e-09, 0.09653529070953856, 0.995329562329797, 3.6419302712475954e-09, 0.0, 0.0, 0.0, 1.0]}, {"left_foot_pose": [0.9999920466725636, -0.003985049528030894, 0.00016115792826772862, 0.11937002894018163, 0.0039883068611464055, 0.999175394861935, -0.040405738588458986, 0.00017870025954313043, -6.1671205213114774e-09, 0.0404060599756604, 0.9991833416932273, 0.0013928956274324653, 0.0, 0.0, 0.0, 1.0], "right_foot_pose": [0.9999955000035542, -0.002994069799530776, 0.00018846399392814664, 0.09013997429007793, 0.0029999954402409003, 0.9980203325581067, -0.06282050483691204, -0.139959790351457, -1.9215719887814575e-09, 0.06282078753598581, 0.998024823665904, 4.60398890539393e-09, 0.0, 0.0, 0.0, 1.0]}, {"left_foot_pose": [0.9999920000106776, -0.003999964003032107, 1.4234483476115604e-05, 0.11971969060003419, 0.003999989330744609, 0.999985669985977, -0.003558076453827993, 0.0001795800716726803, -2.1017604523188637e-09, 0.0035581049270361157, 0.9999936699246298, 5.600010642703435e-09, 0.0, 0.0, 0.0, 1.0], "right_foot_pose": [0.9999955000034597, -0.002998967472916929, 7.852978217288779e-05, 0.0901399742595613, 0.0029999954717128637, 0.9996528532035922, -0.026175811526807917, -0.13995979013958498, -2.1134645831569853e-09, 0.026175929324737342, 0.9996573516580498, 5.203181163704329e-09, 0.0, 0.0, 0.0, 1.0]}, {"left_foot_pose": [0.999992000010526, -0.003997686342758493, -0.00013571608143573378, 0.11971969048652559, 0.0039999893687154104, 0.9994162288564067, 0.033929361672299, 0.00017957994718866693, -2.0914723346162603e-09, -0.033929633100645895, 0.9994242242399657, 5.2850931755998865e-09, 0.0, 0.0, 0.0, 1.0], "right_foot_pose": [0.999995500003344, -0.002999803740099979, -3.392024076541709e-05, 0.09013997414382291, 0.002999995510304532, 0.9999315689595839, 0.011307405757421063, -0.1399597902611129, -2.0785139197612692e-09, -0.011307456634703159, 0.9999360686686196, 5.336128115762673e-09, 0.0, 0.0, 0.0, 1.0]}, {"left_foot_pose": [0.9999920000104168, -0.003990158915404069, -0.0002802623721968389, 0.11971969034566236, 0.003999989395916833, 0.9975343607632458, 0.07006567762818114, 0.00017957981308464217, -1.841956787758274e-09, -0.0700662381500071, 0.9975423410920998, 4.549098417405695e-09, 0.0, 0.0, 0.0, 1.0], "right_foot_pose": [0.9999955000032537, -0.002996633512464869, -0.00014198885404686034, 0.09013997411959115, 0.002999995540446363, 0.9988747988284662, 0.047330078091509964, -0.13995979029901803, -1.8101346874940467e-09, -0.047330291072241654, 0.9988792937822952, 4.983816616344061e-09, 0.0, 0.0, 0.0, 1.0]}, {"left_foot_pose": [0.9999920000103905, -0.003978878395150315, -0.0004104167843210562, 0.11971969039194597, 0.003999989402516834, 0.9947142399032971, 0.10260400098625162, 0.00017957994424019214, -1.4231209249297958e-09, -0.10260482181809799, 0.9947221976711272, 3.5789025423782483e-09, 0.0, 0.0, 0.0, 1.0], "right_foot_pose": [0.9999954869176916, -0.0029947469669285697, -0.0002400725981204126, 0.09027103648273306, 0.0030043542148494636, 0.996797821267984, 0.07990667913980498, -0.13995932853417875, 3.557761110746427e-09, -0.07990703977750727, 0.9968023199180446, 0.00052973003985992, 0.0, 0.0, 0.0, 1.0]}, {"left_foot_pose": [0.9999920000104192, -0.003965832754061924, -0.0005216183754668051, 0.11971969060746855, 0.003999989395337997, 0.9914528519894736, 0.13040415011331827, 0.0001795802253188863, -1.023778366134587e-09, -0.1304051933494465, 0.9914607836659476, 2.715708560807606e-09, 0.0, 0.0, 0.0, 1.0], "right_foot_pose": [0.9999953459229124, -0.0030321611737790144, -0.00033783299266486577, 0.09167134721575843, 0.0030509232232630774, 0.9938465229499472, 0.11072389393344849, -0.13995442004732234, 2.145290305598845e-08, -0.11072440931843376, 0.9938511484025581, 0.005718799356495642, 0.0, 0.0, 0.0, 1.0]}, {"left_foot_pose": [0.9999920000104789, -0.003952732007039321, -0.0006130454502046652, 0.11971969070538603, 0.0039999893804223965, 0.9881776938836546, 0.15326071054167678, 0.00017958025873803483, -6.767507436194251e-10, -0.1532619366328891, 0.9881855993585099, 1.9187061314762666e-09, 0.0, 0.0, 0.0, 1.0], "right_foot_pose": [0.9999950625995313, -0.003110948351691253, -0.0004435954379380233, 0.09442248271812681, 0.0031424157200209057, 0.9899833778249091, 0.14114898814311708, -0.1399447869401134, 4.489803103140032e-08, -0.14114968519531454, 0.9899882657735202, 0.014542321154556184, 0.0, 0.0, 0.0, 1.0]}, {"left_foot_pose": [0.999992000010546, -0.003940941768365592, -0.0006847575395594128, 0.11971969070349735, 0.003999989363690149, 0.9852301629682524, 0.17118856872654248, 0.00017958012441784445, -3.9846747091836696e-10, -0.17118993824267298, 0.9852380448624947, 1.2359542833628723e-09, 0.0, 0.0, 0.0, 1.0], "right_foot_pose": [0.9999946493317766, -0.0032232661086930214, -0.0005584473202899047, 0.09829752537082907, 0.003271285345525345, 0.9853194566271447, 0.17068938773156409, -0.13993122496285199, 7.169159432246579e-08, -0.17069030126981644, 0.9853247287328244, 0.024642055496118594, 0.0, 0.0, 0.0, 1.0]}, {"left_foot_pose": [0.9999920000106053, -0.003931518539424249, -0.0007369374225504123, 0.11971969062390891, 0.003999989348810116, 0.9828743802392933, 0.18423341921170314, 0.00017957991578870965, -1.9074803749190333e-10, -0.18423489308814434, 0.9828822432869572, 6.961707807451312e-10, 0.0, 0.0, 0.0, 1.0], "right_foot_pose": [0.9999941175825534, -0.003362880432545319, -0.0006751558979142591, 0.10306956194877988, 0.003429985463581763, 0.9804356528364501, 0.19680997395173644, -0.13991452772210314, 9.8503206044168e-08, -0.19681113200822775, 0.9804414201356602, 0.033659771724525875, 0.0, 0.0, 0.0, 1.0]}, {"left_foot_pose": [0.9999920000106476, -0.003925253637128747, -0.0007696093751711011, 0.1197196904862387, 0.003999989338254069, 0.9813081716760572, 0.19240133130279705, 0.00017957974231049435, -5.6630957285624644e-11, -0.19240287052349064, 0.9813160221938302, 3.551303764948166e-10, 0.0, 0.0, 0.0, 1.0], "right_foot_pose": [0.999993480430116, -0.0035267653956269707, -0.0007752568010150084, 0.10851168222729013, 0.0036109690179952896, 0.9766819199333944, 0.21466110075644682, -0.13989548628707044, 1.1995892156750908e-07, -0.2146625006866887, 0.9766882874279403, 0.03923723488942, 0.0, 0.0, 0.0, 1.0]}, {"left_foot_pose": [0.9999920000106651, -0.003922650057612918, -0.0007827714842933234, 0.1197196904264809, 0.003999989333875226, 0.9806572839291687, 0.1956918280409152, 0.00017957971467957076, -2.8149829584459267e-12, -0.1956933935859661, 0.9806651292397467, 2.373938268185327e-10, 0.0, 0.0, 0.0, 1.0], "right_foot_pose": [0.9999927545337715, -0.0037135018096058864, -0.0008371285862998338, 0.11439696348341352, 0.003806688842417411, 0.975520641018007, 0.21987493733455218, -0.13987488896952088, 1.3023744288207112e-07, -0.21987653092616866, 0.9755277090620523, 0.04000000515160397, 0.0, 0.0, 0.0, 1.0]}, {"left_foot_pose": [0.9999920000106584, -0.003923633301829174, -0.0007778279995538731, 0.1197196904576661, 0.0039999893355001865, 0.9809030923672134, 0.1944559679458435, 0.0001795797232478722, -2.147970703271489e-11, -0.19445752360387575, 0.9809109396442928, 2.513314834029501e-10, 0.0, 0.0, 0.0, 1.0], "right_foot_pose": [0.9999919615264158, -0.003912827640526562, -0.0008755926030779812, 0.1204984783494635, 0.004009598799598819, 0.9758644425015734, 0.2183403603976128, -0.1398535335385556, 1.31490255029425e-07, -0.21834211604944384, 0.9758722869100411, 0.040000005384164185, 0.0, 0.0, 0.0, 1.0]}, {"left_foot_pose": [0.9999920000106298, -0.003928108612341096, -0.0007549022922990558, 0.11971969047780265, 0.003999989342644432, 0.9820219081538912, 0.1887245929682982, 0.00017957972008783487, -1.0944633925250024e-10, -0.18872610277468466, 0.9820297643816502, 4.201832493055946e-10, 0.0, 0.0, 0.0, 1.0], "right_foot_pose": [0.9999911288456849, -0.004117059269095057, -0.0008899735428337876, 0.12658931468811768, 0.0042121526464140874, 0.9774216147903049, 0.21125634833253165, -0.139832215688248, 1.24470299539873e-07, -0.21125822294927954, 0.9774302856144251, 0.04000000523091327, 0.0, 0.0, 0.0, 1.0]}, {"left_foot_pose": [0.9999920000105776, -0.003935900510536549, -0.000713163387433804, 0.11971969038371386, 0.003999989355738377, 0.9839698616605801, 0.17828996446467077, 0.00017957981795186425, -2.8248565111801094e-10, -0.1782913907927997, 0.983977733472242, 7.627606948834575e-10, 0.0, 0.0, 0.0, 1.0], "right_foot_pose": [0.999990289991594, -0.00432059148746927, -0.0008674166968790276, 0.13244256020697565, 0.0044068041158922405, 0.9804317992229608, 0.19680972320978488, -0.13981172649377183, 1.0849804588881436e-07, -0.19681163472118826, 0.9804413192222989, 0.03892282184944924, 0.0, 0.0, 0.0, 1.0]}, {"left_foot_pose": [0.9999920000105083, -0.0039466941708575926, -0.0006507842244225869, 0.11971969024646441, 0.003999989373115973, 0.9866682485452699, 0.16269532076130924, 0.0001795800264137613, -5.43182736866933e-10, -0.16269662233043472, 0.9866761419443916, 1.3308916330112552e-09, 0.0, 0.0, 0.0, 1.0], "right_foot_pose": [0.999989484214709, -0.004519054249524934, -0.0007807744166894625, 0.1378312847385783, 0.004586006976988904, 0.985393373295174, 0.17023180785612613, -0.13979285886638734, 8.316154775857524e-08, -0.17023359837190763, 0.9854037355243508, 0.03292103949347812, 0.0, 0.0, 0.0, 1.0]}, {"left_foot_pose": [0.9999920000104384, -0.003959497605668176, -0.000567709287425979, 0.11971969013235716, 0.003999989390526377, 0.9898690768664373, 0.14192677953248803, 0.00017958020132358143, -8.754662854118353e-10, -0.14192791495086005, 0.9898769958725694, 2.078999750132482e-09, 0.0, 0.0, 0.0, 1.0], "right_foot_pose": [0.9999887556312378, -0.004697677810219701, -0.0006484090373260655, 0.14252857065579708, 0.004742215841277856, 0.9905986349215264, 0.13671816221893462, -0.13977641381639358, 5.5230336087798936e-08, -0.13671969980511078, 0.9906097736673092, 0.023700955494533583, 0.0, 0.0, 0.0, 1.0]}, {"left_foot_pose": [0.9999920000103897, -0.003972971487295849, -0.00046412582745118024, 0.11971969003208834, 0.003999989402807699, 0.9932375204931038, 0.11603115085824828, 0.0001795802789138594, -1.2679437436532572e-09, -0.11603207910863844, 0.9932454664471054, 2.9831001904789822e-09, 0.0, 0.0, 0.0, 1.0], "right_foot_pose": [0.9999881517775995, -0.0048431093852515485, -0.0004905057623538966, 0.14630750757250033, 0.00486788500475514, 0.9948992246297719, 0.10075632251456619, -0.13976318776793872, 2.991144863195594e-08, -0.10075751645689429, 0.9949110125420454, 0.01362080471610206, 0.0, 0.0, 0.0, 1.0]}, {"left_foot_pose": [0.9999920000103886, -0.003985435776770245, -0.00034090598893602624, 0.11971968994908565, 0.0039999894029925055, 0.9963535769229653, 0.08522646207363767, 0.00017958020465202312, -1.6896051969131857e-09, -0.08522714388316983, 0.9963615478055737, 3.99862152417052e-09, 0.0, 0.0, 0.0, 1.0], "right_foot_pose": [0.9999877215914652, -0.004945187580166165, -0.00031903934963114583, 0.1489411814658743, 0.004955468323936064, 0.9979132569340907, 0.06437837345635505, -0.13975397478195792, 1.0463632809034793e-08, -0.06437916398177633, 0.9979255098678493, 0.005038817600612901, 0.0, 0.0, 0.0, 1.0]}, {"left_foot_pose": [0.9999920000104687, -0.003994925989571302, -0.00020119990515630375, 0.11971968992575978, 0.0039999893829841295, 0.998726133200135, 0.050300208230611015, 0.00017957992390564385, -2.0058644220116675e-09, -0.05030061062695647, 0.9987341230630685, 4.855265266223707e-09, 0.0, 0.0, 0.0, 1.0], "right_foot_pose": [0.9999875128217265, -0.004995477881214434, -0.0001392887492344375, 0.1502026735841889, 0.00499741939578478, 0.9995990105741417, 0.027871918817683354, -0.13974956735776753, -6.580419583418252e-10, -0.027872266860361473, 0.9996114929011497, 0.0003132366196957892, 0.0, 0.0, 0.0, 1.0]}, {"left_foot_pose": [0.9999920000106094, -0.003999642903994702, -5.264430295141225e-05, 0.11971968981853874, 0.003999989347749136, 0.9999053825495855, 0.013161536140812636, 0.00017957987784886394, -2.12274988526359e-09, -0.013161641425314435, 0.9999133818461441, 5.29783893837843e-09, 0.0, 0.0, 0.0, 1.0], "right_foot_pose": [0.9999875000260933, -0.00499976445631592, 4.6335138243010703e-05, 0.15027964905403948, 0.00499997915632375, 0.9999445643160929, -0.009266525947483107, -0.13974930062061564, -2.1225572029746657e-09, 0.009266641790875803, 0.9999570637531991, 5.524329847739207e-09, 0.0, 0.0, 0.0, 1.0]}, {"left_foot_pose": [0.9999920000107583, -0.003998834910522818, 9.609289030806118e-05, 0.11971968972362988, 0.003999989310633525, 0.9997034135324374, -0.024022594720556418, 0.00017957997210638586, -2.0000475540126387e-09, 0.024022786910590867, 0.9997114112127807, 5.260108668081465e-09, 0.0, 0.0,