{"LoopMode": "Wrap", "FrameDuration": 0.0167, "EnableCycleOffsetPosition": true, "EnableCycleOffsetRotation": false, "Debug_info": [{"left_foot_pose": [0.99999991181421, -0.00041175770744834335, 8.262665210790552e-05, 0.008369779145680555, 0.00041996614553773895, 0.980500958955245, -0.19651384968058172, 4.1763910457182085e-06, -9.9419401079909e-08, 0.19651386705124887, 0.9805010454132904, 0.033201507875189475, 0.0, 0.0, 0.0, 1.0], "right_foot_pose": [0.9999995000000578, -0.0009828573896009667, 0.00018436644428693717, 0.020000000096277712, 0.0009999998170361262, 0.9828571153398654, -0.18436618677557123, -0.14005000021349348, -2.025325729139169e-10, 0.1843662789588989, 0.9828576067685744, 5.105361342017112e-10, 0.0, 0.0, 0.0, 1.0]}, {"left_foot_pose": [0.9999998200905382, -0.0005857775934022968, 0.0001291646339748428, 0.011954797659782941, 0.0005998490453105538, 0.9765846034833939, -0.21513287154757685, 5.975227144024153e-06, -1.2017709767753608e-07, 0.21513291032241985, 0.9765847791647134, 0.03904661827411404, 0.0, 0.0, 0.0, 1.0], "right_foot_pose": [0.999999500000047, -0.0009812234706702376, 0.0001928734208022139, 0.020000000019902417, 0.0009999998279230818, 0.9812231612106906, -0.19287329494785824, -0.14005000004794066, -6.380473563913161e-11, 0.19287339138460727, 0.9812236518224582, 2.0767051273073989e-10, 0.0, 0.0, 0.0, 1.0]}, {"left_foot_pose": [0.9999996840571773, -0.0007752112294994847, 0.0001758780715471338, 0.01584238598759506, 0.0007949122777493339, 0.9752521112555687, -0.22109429573380487, 7.920679988358825e-06, -1.3067976907271766e-07, 0.22109436568828714, 0.9752524193565879, 0.04000000239815178, 0.0, 0.0, 0.0, 1.0], "right_foot_pose": [0.9999995000000421, -0.0009804983692645397, 0.00019652636845374728, 0.019999999979396242, 0.0009999998328140366, 0.980498043719177, -0.19652629916426234, -0.14005000001318296, -3.9599585387795216e-12, 0.19652639742745648, 0.980498533968402, 1.0266622968435613e-10, 0.0, 0.0, 0.0, 1.0]}, {"left_foot_pose": [0.9999995023873662, -0.0009731329952874225, 0.00021962967608237308, 0.0198821380186003, 0.0009976096448810702, 0.9754934551885301, -0.22002618857613462, 9.940541432884586e-06, -1.325676528771284e-07, 0.22002629819300623, 0.9754939405775239, 0.0400000024955426, 0.0, 0.0, 0.0, 1.0], "right_foot_pose": [0.9999995000000435, -0.0009806680515934971, 0.00019567788839797658, 0.019999999996836326, 0.000999999831712069, 0.9806677294844719, -0.19567780750025623, -0.140050000018484, -1.6304370369634646e-11, 0.19567790533921622, 0.9806682198185361, 1.1163105856359934e-10, 0.0, 0.0, 0.0, 1.0]}, {"left_foot_pose": [0.9999992795257762, -0.0011727038716183146, 0.00025634656077341107, 0.023923659439642593, 0.001200394899089249, 0.9769535025027415, -0.2134488533576917, 1.1961402295215806e-05, -1.2637367711061272e-07, 0.21344900729039837, 0.9769542063406701, 0.04000000251307681, 0.0, 0.0, 0.0, 1.0], "right_foot_pose": [0.9999995000000497, -0.0009817099978851045, 0.0001903815387832625, 0.02000000000307548, 0.0009999998251285936, 0.9817096970799752, -0.1903813821241284, -0.14005000001161483, -9.652630845462267e-11, 0.19038147731495217, 0.9817101879350016, 2.6376366368818793e-10, 0.0, 0.0, 0.0, 1.0]}, {"left_foot_pose": [0.9999990259799084, -0.0013671764358324735, 0.0002808341660861205, 0.0278165550705285, 0.0013957217569362057, 0.9795633053562769, -0.2011312575415961, 1.3905381352881385e-05, -1.1292816819421174e-07, 0.2011314536020655, 0.979564259439833, 0.03912524147927534, 0.0, 0.0, 0.0, 1.0], "right_foot_pose": [0.9999995000000641, -0.000983392870166312, 0.00018148852496164213, 0.019999999937647447, 0.000999999810893344, 0.9833926152354509, -0.1814881932819849, -0.14005000009556334, -2.799044886062692e-10, 0.1814882840263903, 0.9833931069318904, 6.126113782922715e-10, 0.0, 0.0, 0.0, 1.0]}, {"left_foot_pose": [0.9999987580424414, -0.0015518058050549284, 0.00027534036932877416, 0.03141041872349027, 0.0015760436439445182, 0.9846297549686279, -0.1746475356735765, 1.569502313974319e-05, -8.926068853850637e-08, 0.17464775271718816, 0.9846309778139367, 0.033386211338880034, 0.0, 0.0, 0.0, 1.0], "right_foot_pose": [0.9999995000000816, -0.000986138315557056, 0.0001659241046232989, 0.019999999830867858, 0.00099999979295227, 0.9861381167512535, -0.1659235206072526, -0.14005000031335574, -5.429341326316745e-10, 0.16592360356957606, 0.9861386098203871, 1.158070077333928e-09, 0.0, 0.0, 0.0, 1.0]}, {"left_foot_pose": [0.9999984969409916, -0.001716522186551866, 0.00024426899498023233, 0.034554850688409265, 0.0017338153751259807, 0.9900294615068506, -0.14084977540877197, 1.7262266238972368e-05, -6.173710329887574e-08, 0.14084998722058706, 0.9900309495667081, 0.02429015989314727, 0.0, 0.0, 0.0, 1.0], "right_foot_pose": [0.9999995000000996, -0.0009894069737459718, 0.00014516676692139446, 0.01999999973737702, 0.00099999977495739, 0.989406828847938, -0.1451658604132447, -0.14005000050487318, -8.758711867443451e-10, 0.1451659329970631, 0.9894073235513733, 1.87124720579801e-09, 0.0, 0.0, 0.0, 1.0]}, {"left_foot_pose": [0.9999982674238539, -0.0018513010414863112, 0.00019450898635490346, 0.037099457477002044, 0.0018614911470890756, 0.9945261309516514, -0.10447157366982016, 1.8534451409729646e-05, -3.593649440220471e-08, 0.1044717547416194, 0.9945278540398993, 0.014195321955086965, 0.0, 0.0, 0.0, 1.0], "right_foot_pose": [0.9999995000001127, -0.0009928595609911036, 0.00011928711604187098, 0.019999999649064786, 0.000999999761951719, 0.9928594522030665, -0.11928582552634957, -0.14005000060050202, -1.2683236852022996e-09, 0.1192858851705378, 0.9928599486327772, 2.7197995383643203e-09, 0.0, 0.0, 0.0, 1.0]}, {"left_foot_pose": [0.9999980957739125, -0.001947043422817986, 0.00013217586710060738, 0.038893843043708874, 0.0019515246731559009, 0.997702364586093, -0.0677213648029152, 1.9436300152688574e-05, -1.573722390236405e-08, 0.06772149379059117, 0.9977042644385018, 0.005459928447896924, 0.0, 0.0, 0.0, 1.0], "right_foot_pose": [0.9999995000001141, -0.000996075911101274, 8.850028799767722e-05, 0.01999999956945903, 0.0009999997608245417, 0.9960758009280467, -0.08849858081364367, -0.14005000054148686, -1.690734602382984e-09, 0.08849862506463001, 0.9960762989659327, 3.6490295368674097e-09, 0.0, 0.0, 0.0, 1.0]}, {"left_foot_pose": [0.99999800725256, -0.001995412763433178, 6.179655354880359e-05, 0.039787608321662817, 0.001996369432366948, 0.9995188634333714, -0.030952482129092865, 1.9890962165898876e-05, -3.8430669440393596e-09, 0.030952543817363568, 0.9995208552257606, 0.0004422195530197001, 0.0, 0.0, 0.0, 1.0], "right_foot_pose": [0.9999995000000951, -0.0009985657787587212, 5.353452216461554e-05, 0.01999999953669257, 0.0009999997797836997, 0.9985656073238608, -0.053532493593792814, -0.14005000027176914, -2.016483772179727e-09, 0.0535325203620613, 0.9985661066067109, 4.401314188107186e-09, 0.0, 0.0, 0.0, 1.0]}, {"left_foot_pose": [0.9999980000006528, -0.001999958748437539, -1.2637234697538279e-05, 0.03985993994866973, 0.0019999986737869063, 0.9999780305893348, 0.006319679104293136, 1.9930327844936563e-05, -2.1404470494670602e-09, -0.006319691739391957, 0.9999800305487705, 4.9089496773069285e-09, 0.0, 0.0, 0.0, 1.0], "right_foot_pose": [0.9999995000000595, -0.0009998676216272477, 1.625944749994877e-05, 0.0199999994925754, 0.000999999815203493, 0.9998673413390187, -0.016257297561774086, -0.14005000021229064, -2.1450964361144177e-09, 0.016257305692570584, 0.9998678412728444, 4.782208830322876e-09, 0.0, 0.0, 0.0, 1.0]}, {"left_foot_pose": [0.9999980000005786, -0.0019980799678685542, -8.758587437525713e-05, 0.039859939861606575, 0.0019999987108457796, 0.9990385848066573, 0.04379390451500101, 1.9930171772288702e-05, -2.055341390578757e-09, -0.04379399209885342, 0.9990405828874253, 4.563084229913805e-09, 0.0, 0.0, 0.0, 1.0], "right_foot_pose": [0.9999995000000215, -0.0009997756008864598, -2.1176755831238443e-05, 0.019999999438772585, 0.0009999998535556746, 0.9997752042964955, 0.02117878358626116, -0.1400500003354081, -2.0356985461205753e-09, -0.021178794173622728, 0.9997757041843693, 4.732190153622362e-09, 0.0, 0.0, 0.0, 1.0]}, {"left_foot_pose": [0.9999980000005351, -0.0019937130132449674, -0.0001584403746249413, 0.039859939783343415, 0.0019999987328725654, 0.9968550755870664, 0.07922094597625876, 1.9930033981339912e-05, -1.7392918361002653e-09, -0.07922110441495785, 0.9968570693009485, 3.8199525695392644e-09, 0.0, 0.0, 0.0, 1.0], "right_foot_pose": [0.9999994999999957, -0.0009984046201368913, -5.6462136264142076e-05, 0.019999999448364572, 0.0009999998791696764, 0.9984041453707108, 0.0564638159073782, -0.1400500003635324, -1.70377002948254e-09, -0.056463844137599625, 0.9984046445731333, 4.213504260774936e-09, 0.0, 0.0, 0.0, 1.0]}, {"left_foot_pose": [0.9999980000005309, -0.0019877462867963318, -0.00022104216518322242, 0.039859939921693295, 0.0019999987348648584, 0.9938717119406647, 0.11052158254926393, 1.9930289970917538e-05, -1.3102015524693394e-09, -0.11052180359020844, 0.9938736996878269, 2.905466055247441e-09, 0.0, 0.0, 0.0, 1.0], "right_foot_pose": [0.9999994869694707, -0.001008988998368593, -8.945388019376435e-05, 0.02025983605280565, 0.0010129465906186818, 0.9960931799873026, 0.08830260880623902, -0.14004960525099197, 8.039171712831658e-09, -0.08830265411630801, 0.9960936910130572, 0.0015394462582157195, 0.0, 0.0, 0.0, 1.0]}, {"left_foot_pose": [0.999998000000551, -0.001981142749067313, -0.0002739859616736792, 0.039859940078696726, 0.0019999987248437343, 0.9905699617694147, 0.1369932510937751, 1.993048558764695e-05, -9.224954499639513e-10, -0.13699352507892248, 0.9905719429130083, 2.103876080294942e-09, 0.0, 0.0, 0.0, 1.0], "right_foot_pose": [0.9999994237858496, -0.0010658729776475855, -0.00012783882010286075, 0.021475367371488654, 0.0010735119783391968, 0.9928866023482329, 0.11905898726855785, -0.1400477752740214, 2.769446440603763e-08, -0.11905905590158947, 0.9928871744603319, 0.008042273912122332, 0.0, 0.0, 0.0, 1.0]}, {"left_foot_pose": [0.9999980000005824, -0.0019747084529338505, -0.0003170510408596237, 0.03985994014912973, 0.001999998709149435, 0.9873528417928096, 0.15852559985323206, 1.993047226261143e-05, -5.958507317918607e-10, -0.1585259169037972, 0.9873548165020575, 1.4141373211318253e-09, 0.0, 0.0, 0.0, 1.0], "right_foot_pose": [0.9999993075923523, -0.0011635549191430412, -0.00017593966632083912, 0.023547955656853053, 0.0011767815486772824, 0.9887662993096666, 0.1494651147748295, -0.14004466374352934, 5.234323317975599e-08, -0.14946521832659412, 0.9887669839302791, 0.017485950821002058, 0.0, 0.0, 0.0, 1.0]}, {"left_foot_pose": [0.999998000000615, -0.0019690743693910606, -0.0003503439719628364, 0.039859940148560306, 0.0019999986927207144, 0.9845358296183838, 0.17517191613632252, 1.993032386217279e-05, -3.372131202610244e-10, -0.17517226648008408, 0.9845377986934943, 8.41369370008227e-10, 0.0, 0.0, 0.0, 1.0], "right_foot_pose": [0.9999991351124318, -0.0012940679139689356, -0.00023486724520248848, 0.026326146813084334, 0.0013152088740955698, 0.9839357284306519, 0.17851821347767155, -0.14004049866100887, 7.958187234077986e-08, -0.17851836797897327, 0.9839365794064767, 0.027512243280861035, 0.0, 0.0, 0.0, 1.0]}, {"left_foot_pose": [0.9999980000006428, -0.0019647309683840145, -0.000373934402264482, 0.03985994009514469, 0.0019999986788308997, 0.982364154472609, 0.186967023864107, 1.9930129096355602e-05, -1.4894383804817692e-10, -0.18696739779849006, 0.9823661192042722, 4.0715913973699003e-10, 0.0, 0.0, 0.0, 1.0], "right_foot_pose": [0.9999989029527608, -0.001450384013867249, -0.0003007980827181462, 0.029658489228927335, 0.001481247198514579, 0.9791774468641639, 0.20300082132669964, -0.14003550606480716, 1.0555260326961896e-07, -0.20300104418152667, 0.9791785210375066, 0.03576291941016553, 0.0, 0.0, 0.0, 1.0]}, {"left_foot_pose": [0.999998000000661, -0.0019620457671149848, -0.0003877771092655925, 0.039859940006205824, 0.0019999986696808956, 0.9810215706986741, 0.19388831277111154, 1.9929993664799008e-05, -3.455307706435311e-11, -0.19388870054831706, 0.9810235327451049, 1.7152550907395536e-10, 0.0, 0.0, 0.0, 1.0], "right_foot_pose": [0.9999986099721179, -0.0016274057308537976, -0.00036277323360865845, 0.03339353223775183, 0.0016673493384401208, 0.9760585014934781, 0.21750177380538652, -0.1400299088688775, 1.2426561626181732e-07, -0.21750207634156782, 0.9760598581988156, 0.03987974371030634, 0.0, 0.0, 0.0, 1.0]}, {"left_foot_pose": [0.9999980000006666, -0.001960628275026501, -0.00039488154551644135, 0.039859940011391766, 0.001999998666955535, 0.980312830203895, 0.19744050988326045, 1.9929993622175117e-05, -8.325306756683355e-13, -0.1974409047649371, 0.9803147908328242, 1.0004117673156898e-10, 0.0, 0.0, 0.0, 1.0], "right_foot_pose": [0.9999982590792462, -0.0018193505554137215, -0.0004144900881000581, 0.03737981039577481, 0.0018659685042905201, 0.9750308512405278, 0.22206160697138227, -0.14002392970323985, 1.3271545160258205e-07, -0.22206199380517197, 0.9750325486399181, 0.04000000234618689, 0.0, 0.0, 0.0, 1.0]}, {"left_foot_pose": [0.9999980000006597, -0.001961663434772297, -0.00038970662076333724, 0.039859940029719765, 0.0019999986703971764, 0.9808304037424747, 0.19485307054212228, 1.9929993479066502e-05, -4.1451457467747415e-11, -0.19485346024883324, 0.9808323654065751, 1.6506537109384212e-10, 0.0, 0.0, 0.0, 1.0], "right_foot_pose": [0.9999978584619713, -0.0020193537858053273, -0.0004530803008358345, 0.041465869211215076, 0.0020695582750822994, 0.9757532632419762, 0.21886362466426534, -0.14001780063633382, 1.3149301020910753e-07, -0.2188640936355761, 0.975755352799594, 0.040000002436332976, 0.0, 0.0, 0.0, 1.0]}, {"left_foot_pose": [0.9999980000006415, -0.0019644795039378002, -0.00037525324328604016, 0.039859940035084425, 0.001999998679496978, 0.9822384214981846, 0.18762644626501174, 1.9929980766340664e-05, -1.5473698837963756e-10, -0.1876268215182308, 0.9822403859783853, 3.8463886936623837e-10, 0.0, 0.0, 0.0, 1.0], "right_foot_pose": [0.99999742224693, -0.0022199508327025944, -0.0004767785603317181, 0.04550025494800063, 0.002270572500567791, 0.9777140843984877, 0.2099285918338576, -0.14001174919745307, 1.2196132596888515e-07, -0.20992913325007367, 0.9777166046523187, 0.0400000024652141, 0.0, 0.0, 0.0, 1.0]}, {"left_foot_pose": [0.9999980000006113, -0.0019689521496120015, -0.0003510302141646226, 0.03985993992749206, 0.0019999986946794075, 0.9844747167510091, 0.17551504802506945, 1.9930144649325104e-05, -3.6043760158598514e-10, -0.17551539905505092, 0.9844766857039061, 7.805059654142354e-10, 0.0, 0.0, 0.0, 1.0], "right_foot_pose": [0.9999969705909129, -0.0024158189897827928, -0.00047183429866252334, 0.04933151656933865, 0.0024614648050040036, 0.981460843766998, 0.19164694973619031, -0.14000599728667784, 1.0254837668383515e-07, -0.19164753056269943, 0.9814638169740177, 0.037630868871480906, 0.0, 0.0, 0.0, 1.0]}, {"left_foot_pose": [0.9999980000005751, -0.0019748097037779484, -0.0003164197918490606, 0.03985993982613038, 0.0019999987127021176, 0.9874034615552475, 0.1582100000438181, 1.993036103627166e-05, -6.455452549101718e-10, -0.15821031646308548, 0.9874054363657575, 1.3844456553391282e-09, 0.0, 0.0, 0.0, 1.0], "right_foot_pose": [0.9999965292004542, -0.0025998219634776284, -0.00042721517188718645, 0.05280818700231218, 0.0026346891731605596, 0.9867673228974356, 0.16212127829124914, -0.1400007753239788, 7.551141564628807e-08, -0.16212184117997822, 0.9867707477486392, 0.030437728084779923, 0.0, 0.0, 0.0, 1.0]}, {"left_foot_pose": [0.999998000000542, -0.0019814832870483083, -0.0002715122473241525, 0.03985993973404957, 0.0019999987293243438, 0.9907402236621009, 0.13575643344996172, 1.9930525680831798e-05, -9.9934962728459e-10, -0.13575670496131823, 0.9907422051462463, 2.14582046575984e-09, 0.0, 0.0, 0.0, 1.0], "right_foot_pose": [0.9999961282824392, -0.0027600688196399346, -0.0003541754398227805, 0.0557788153863444, 0.0027827001507613794, 0.991865473767409, 0.12726012151504518, -0.13999631603314713, 4.769703925279794e-08, -0.12726061436384792, 0.9918693139883566, 0.020719884570509474, 0.0, 0.0, 0.0, 1.0]}, {"left_foot_pose": [0.9999980000005233, -0.0019882517503197836, -0.00021644845119291406, 0.039859939647005654, 0.001999998738667778, 0.9941244378933873, 0.10822477529753972, 1.9930572844392182e-05, -1.4040386342727708e-09, -0.10822499174467533, 0.994126426146024, 3.0257459524007935e-09, 0.0, 0.0, 0.0, 1.0], "right_foot_pose": [0.9999958009288334, -0.002885969510910174, -0.00026325782538969797, 0.05809195057716096, 0.002897951811188788, 0.9958618120698864, 0.0908342068616358, -0.13999284799003364, 2.3663483864613083e-08, -0.09083458835082892, 0.9958659937758365, 0.01083557171359393, 0.0, 0.0, 0.0, 1.0]}, {"left_foot_pose": [0.9999980000005336, -0.001994226462820591, -0.00015184119636759216, 0.03985993957415484, 0.0019999987334811528, 0.9971117996808034, 0.07592139976565433, 1.9930446480354025e-05, -1.8159315532328578e-09, -0.07592155160509595, 0.9971137939081356, 3.942424102454378e-09, 0.0, 0.0, 0.0, 1.0], "right_foot_pose": [0.9999955809294753, -0.0029685211425237844, -0.00016125677470394813, 0.059596138929598856, 0.0029728978322437127, 0.9985235057702145, 0.05423993273262282, -0.13999059768181826, 6.292920691505469e-09, -0.05424017244245095, 0.9985279183344915, 0.0031430205118431268, 0.0, 0.0, 0.0, 1.0]}, {"left_foot_pose": [0.9999980000005856, -0.0019983975601689697, -8.001263322678438e-05, 0.03985993957211833, 0.0019999987074901288, 0.9991973859423091, 0.04000729847448851, 1.9930091783205636e-05, -2.07369783574319e-09, -0.04000737848507827, 0.9991993843406592, 4.56046074515104e-09, 0.0, 0.0, 0.0, 1.0], "right_foot_pose": [0.9999955000148362, -0.0029995310350734565, -5.257040086785141e-05, 0.060139922736875275, 0.002999991679557203, 0.9998419403475255, 0.017524108308774305, -0.13998979036168074, -2.015125743476908e-09, -0.017524187161312287, 0.9998464396417759, 4.841401297847603e-07, 0.0, 0.0, 0.0, 1.0]}, {"left_foot_pose": [0.9999980000006612, -0.0019999923908809404, -5.0114702819411725e-06, 0.03985993943450889, 0.001999998669602776, 0.999994857987405, 0.0025067915893661453, 1.9930224514654732e-05, -2.1195916383844546e-09, -0.00250679659871879, 0.9999968579804708, 4.811514048297383e-09, 0.0, 0.0, 0.0, 1.0], "right_foot_pose": [0.9999955000034384, -0.0029993979550629176, 5.9873035491559216e-05, 0.060139999682632846, 0.002999995478864984, 0.9997963401419043, -0.019956910231303426, -0.13998979026958636, -2.1260206577569282e-09, 0.0199570000441116, 0.9998008392421157, 4.815674435609818e-09, 0.0, 0.0, 0.0, 1.0]}, {"left_foot_pose": [0.999998000000731, -0.001998818654292611, 6.869152896464187e-05, 0.03985993940284075, 0.001999998634723844, 0.9994080436836411, -0.034344755435132726, 1.993031798128153e-05, -1.928739380315329e-09, 0.034344824128610826, 0.9994100425028638, 4.598059266669452e-09, 0.0, 0.0, 0.0, 1.0], "right_foot_pose": [0.9999955000035372, -0.0029951341728588834, 0.0001707160285066735, 0.060139999596296366, 0.002999995445965308, 0.9983751175915533, -0.056904521800787276, -0.13998979011284113, -1.957199438438817e-09, 0.05690477787794833, 0.9983796102959342, 4.3236942914859355e-09, 0.0, 0.0, 0.0, 1.0]}, {"left_foot_pose": [0.9999979998781305, -0.0019953942225760797, 0.00013653437624120852, 0.03986116147377146, 0.002000059933947678, 0.9976652884508428, -0.0682639874352363, 1.9933035484585512e-05, -2.041718000914555e-09, 0.06826412397587736, 0.9976672839067179, 7.642656816936322e-06, 0.0, 0.0, 0.0, 1.0], "right_foot_pose": [0.9999955000035794, -0.002987545272648941, 0.000273030831032267, 0.060139999592505926, 0.0029999954317996755, 0.9958455071999032, -0.09100948201795955, -0.1399897900093084, -1.5786415754892456e-09, 0.09100989156686193, 0.9958499885208557, 3.4739111864912076e-09, 0.0, 0.0, 0.0, 1.0]}, {"left_foot_pose": [0.9999979416343481, -0.0020189152838340613, 0.0002017625949340791, 0.04043736875862634, 0.0020289719238366435, 0.9950422769175958, -0.09943213977170369, 2.1365898145239356e-05, -1.7245170741540974e-08, 0.09943234447464257, 0.9950443250791782, 0.0033509149859417, 0.0, 0.0, 0.0, 1.0], "right_foot_pose": [0.9999955000035714, -0.0029781060608486776, 0.0003617414786930724, 0.060139999809384385, 0.002999995434508139, 0.9926991107044811, -0.12057974802563644, -0.1399897903666752, -1.1657929104835734e-09, 0.12058029063998532, 0.9927035778666142, 2.6078720016808887e-09, 0.0, 0.0, 0.0, 1.0]}, {"left_foot_pose": [0.9999977834936691, -0.002087586987061364, 0.00027383995604555864, 0.04196196843342597, 0.0021054709089800825, 0.9915061817991779, -0.130042525530182, 2.5171907322377868e-05, -3.8925181555365597e-08, 0.13004281385216168, 0.9915083794731194, 0.0111609699627271, 0.0, 0.0, 0.0, 1.0], "right_foot_pose": [0.9999955000035332, -0.0029681705351180428, 0.0004358168856215699, 0.06013999993945658, 0.0029999954472191355, 0.9893872662442684, -0.14527159881067575, -0.139989790478948, -7.978690253855115e-10, 0.1452722525376669, 0.9893917185031579, 1.8451227629112665e-09, 0.0, 0.0, 0.0, 1.0]}, {"left_foot_pose": [0.9999975313314069, -0.002193309172426792, 0.00035598590820772096, 0.044284561128499524, 0.0022220105959481935, 0.9870853585297864, -0.16017976665308128, 3.097748613558812e-05, -6.472639758434546e-08, 0.16018016222678183, 0.9870877952993841, 0.021079554720110118, 0.0, 0.0, 0.0, 1.0], "right_foot_pose": [0.9999955000034843, -0.0029588553010548076, 0.0004951243163598011, 0.06013999998315749, 0.002999995463535043, 0.9862821807697201, -0.16504078260643504, -0.139989790408326, -4.959861959957323e-10, 0.16504152529419114, 0.9862866190558233, 1.198330830398664e-09, 0.0, 0.0, 0.0, 1.0]}, {"left_foot_pose": [0.9999971890698878, -0.00232822837919517, 0.0004485587350472772, 0.047254750949890074, 0.0023710445622173834, 0.9819466353395588, -0.1891432882578835, 3.8406715474247066e-05, -9.196917582799462e-08, 0.18914382014206818, 0.9819493954894305, 0.030748438355911692, 0.0, 0.0, 0.0, 1.0], "right_foot_pose": [0.9999955000034376, -0.0029505421164489633, 0.0005424703619996299, 0.060139999958344986, 0.0029999954790945155, 0.9835111110536177, -0.18082282616197604, -0.13998979023469577, -2.6423780514020334e-10, 0.18082363986851333, 0.983515536870009, 6.764266299863486e-10, 0.0, 0.0, 0.0, 1.0]}, {"left_foot_pose": [0.9999967614165624, -0.0024878451516009334, 0.0005364539959063958, 0.05072214402754543, 0.002545025810254597, 0.9775387361649703, -0.21074046156497492, 4.708172536243421e-05, -1.1492561852547404e-07, 0.21074114435367167, 0.9775419019543319, 0.03780938754519394, 0.0, 0.0, 0.0, 1.0], "right_foot_pose": [0.9999955000033984, -0.0029448832399028885, 0.0005723946679607341, 0.060139999888224153, 0.0029999954920917845, 0.9816248103778583, -0.1907976196855746, -0.13998979004721743, -9.497299121688496e-11, 0.1907984782783579, 0.9816292277059924, 2.909075064172484e-10, 0.0, 0.0, 0.0, 1.0]}, {"left_foot_pose": [0.9999962560313564, -0.0026692831178300636, 0.0006023710716399551, 0.05453634423021004, 0.0027364069972487474, 0.9754767438043186, -0.22008551604699192, 5.6620588409345834e-05, -1.2841906229435257e-07, 0.2200863403861359, 0.9754803958949776, 0.04000000226224537, 0.0, 0.0, 0.0, 1.0], "right_foot_pose": [0.9999955000033782, -0.0029419833572168355, 0.0005871174663790879, 0.06013999980932208, 0.0029999954989080617, 0.9806581781795143, -0.19570523139825052, -0.1399897899685183, -1.1262902841614465e-11, 0.19570611207512667, 0.9806625911578548, 1.3461409070769648e-10, 0.0, 0.0, 0.0, 1.0]}, {"left_foot_pose": [0.9999956851216254, -0.002865419153931212, 0.0006473879855564648, 0.05854694119760516, 0.0029376415904602293, 0.9754205536072664, -0.22033182671230472, 6.66470556462545e-05, -1.32510788083412e-07, 0.22033277780114163, 0.9754247623606942, 0.040000002397781315, 0.0, 0.0, 0.0, 1.0], "right_foot_pose": [0.9999955000033776, -0.002941855012802525, 0.0005877602219213782, 0.06013999983185982, 0.002999995499134082, 0.9806153965197416, -0.19591948380759697, -0.13998978997609074, -7.53293989707414e-12, 0.19592036544860172, 0.9806198093055668, 1.0833554192624106e-10, 0.0, 0.0, 0.0, 1.0]}, {"left_foot_pose": [0.9999950664709678, -0.003067675342442605, 0.0006755751023738692, 0.06260354237795314, 0.003141183488603762, 0.9766025584444362, -0.21502924407176238, 7.678864838836855e-05, -1.284634566109136e-07, 0.21503030532410053, 0.9766073764784948, 0.04000000245789999, 0.0, 0.0, 0.0, 1.0], "right_foot_pose": [0.9999955000033935, -0.002944384293401597, 0.0005749557333663154, 0.06013999984240826, 0.0029999954937568038, 0.9814584934141146, -0.19165131288966997, -0.1399897899715825, -7.236750956142574e-11, 0.19165217532402143, 0.9814629099938371, 2.2677911631907577e-10, 0.0, 0.0, 0.0, 1.0]}, {"left_foot_pose": [0.9999944238997034, -0.003269379793123937, 0.0006806800053417723, 0.06655575128298784, 0.0033394864107770357, 0.979008423595652, -0.2037924295926365, 8.666845427315537e-05, -1.1660770106820309e-07, 0.20379356634723694, 0.9790138825958812, 0.03983111248543371, 0.0, 0.0, 0.0, 1.0], "right_foot_pose": [0.9999955000034266, -0.002949439404822228, 0.0005484342202150145, 0.06013999981162369, 0.0029999954827668145, 0.9831435374501747, -0.1828107896078907, -0.13998978999635003, -2.1282496664946334e-10, 0.18281161226014697, 0.9831479616125163, 4.945223952557143e-10, 0.0, 0.0, 0.0, 1.0]}, {"left_foot_pose": [0.999993787154468, -0.0034668133495366097, 0.000637853952864369, 0.0702531680497109, 0.003525003894548845, 0.9834908555919011, -0.1809234957507041, 9.59052244744879e-05, -9.553953186545e-08, 0.18092462013863952, 0.9834969658456915, 0.03552824090885425, 0.0, 0.0, 0.0, 1.0], "right_foot_pose": [0.9999955000034761, -0.0029568716711542427, 0.0005068359872172505, 0.06013999969509812, 0.002999995466265426, 0.9856209697489688, -0.1689446773896848, -0.13998979020385394, -4.4665900315485556e-10, 0.16894543764488745, 0.985625405059639, 9.681584006715482e-10, 0.0, 0.0, 0.0, 1.0]}, {"left_foot_pose": [0.9999931912238527, -0.003648974534889202, 0.000549991618256039, 0.07354538750124166, 0.0036901905007310815, 0.9888269852776551, -0.1490220644091792, 0.00010412976103459093, -6.883564241809947e-08, 0.14902307932514644, 0.9888337179872296, 0.027174749056556778, 0.0, 0.0, 0.0, 1.0], "right_foot_pose": [0.99999550000353, -0.002966095309004037, 0.00044972359039925706, 0.06013999959788135, 0.002999995448306047, 0.9886955250009801, -0.14990716750825056, -0.13998979041019707, -7.549828950555332e-10, 0.14990784209525, 0.988699974147034, 1.628526737074143e-09, 0.0, 0.0, 0.0, 1.0]}, {"left_foot_pose": [0.9999926750925533, -0.0038027983420945268, 0.000434149753883743, 0.07628201721559424, 0.0038275006515531753, 0.9935400776801867, -0.11341721334088577, 0.00011096972494842317, -4.238934101423465e-08, 0.11341804427876075, 0.993547355304205, 0.017128872652043048, 0.0, 0.0, 0.0, 1.0], "right_foot_pose": [0.9999955000035747, -0.0029761876710422586, 0.0003771996117204611, 0.060139999508319227, 0.002999995433387377, 0.9920596502093996, -0.12573245584893117, -0.13998979054123797, -1.129915113277193e-09, 0.12573302165044176, 0.992064114493942, 2.43757084655849e-09, 0.0, 0.0, 0.0, 1.0]}, {"left_foot_pose": [0.9999922799242339, -0.003917725964104581, 0.0003025147986943834, 0.0783126622629662, 0.003929388239004882, 0.9970247428488174, -0.07698195928474172, 0.00011604966741019483, -2.0518718787562194e-08, 0.0769825536762752, 0.9970324400085889, 0.007748843562427492, 0.0, 0.0, 0.0, 1.0], "right_foot_pose": [0.9999955000035902, -0.0029859793261934, 0.00028965502353696387, 0.06013999942629395, 0.0029999954281819323, 0.9953235296176033, -0.09655087476034052, -0.13998979053424704, -1.5444381571974974e-09, 0.09655130924549694, 0.9953280085896209, 3.3437038624017923e-09, 0.0, 0.0, 0.0, 1.0]}, {"left_foot_pose": [0.9999920466725614, -0.003985041899802837, 0.00016134645974610223, 0.07948692514052312, 0.003988306861717303, 0.9991734822104756, -0.04045300799409184, 0.0001189923602369844, -6.172197348686163e-09, 0.040453329757265594, 0.999181429026556, 0.001392895752169554, 0.0, 0.0, 0.0, 1.0], "right_foot_pose": [0.9999955000035535, -0.002994066948669262, 0.00018850928259973832, 0.06013999937290434, 0.0029999954404526167, 0.9980193821999105, -0.06283560121989966, -0.13998979033409908, -1.920946933066179e-09, 0.06283588398690558, 0.9980238733034318, 4.194038463745109e-09, 0.0, 0.0, 0.0, 1.0]}, {"left_foot_pose": [0.9999920000106799, -0.003999963357130263, 1.4414687331564536e-05, 0.07971976041680175, 0.003999989330185009, 0.9999855086746526, -0.0036031272604696795, 0.0001195801189255389, -2.101430826652701e-09, 0.0036031560940853287, 0.9999935086120125, 4.899112254763693e-09, 0.0, 0.0, 0.0, 1.0], "right_foot_pose": [0.9999955000034593, -0.0029989663452415815, 7.857284078278883e-05, 0.060139999353461024, 0.0029999954718626064, 0.9996524772658003, -0.026190164633263565, -0.13998979012480586, -2.1126230339593506e-09, 0.026190282495779687, 0.9996569757185667, 4.686578791712748e-09, 0.0, 0.0, 0.0, 1.0]}, {"left_foot_pose": [0.9999920000105271, -0.003997691980519454, -0.00013554990123135858, 0.07971976033414002, 0.0039999893683398255, 0.999417638407272, 0.033887816770708, 0.0001195799729192034, -2.0911668008247633e-09, -0.03388808786669464, 0.9994256338021053, 4.6886383178734725e-09, 0.0, 0.0, 0.0, 1.0], "right_foot_pose": [0.9999955000033434, -0.002999804208340234, -3.3878829060406023e-05, 0.06013999928308585, 0.0029999955105683485, 0.9999317249641857, 0.011293601599337245, -0.13998979026381533, -2.0776227435999214e-09, -0.011293652414503074, 0.9999362246739241, 4.776385433002961e-09, 0.0, 0.0, 0.0, 1.0]}, {"left_foot_pose": [0.9999920000104179, -0.003990169583600602, -0.00028011044208828934, 0.07971976024765537, 0.0039999893956931135, 0.997537027876672, 0.07002769523417969, 0.00011957982501110791, -1.8416551952941111e-09, -0.07002825545214555, 0.9975450082268621, 4.05840538952873e-09, 0.0, 0.0, 0.0, 1.0], "right_foot_pose": [0.9999955000032525, -0.0029966353898405857, -0.00014194923513942607, 0.060139999272512075, 0.002999995540829806, 0.9988754245134801, 0.04731687151291216, -0.13998979032205663, -1.8092029881982846e-09, -0.04731708443421685, 0.998879919470126, 4.398895622759191e-09, 0.0, 0.0, 0.0, 1.0]}, {"left_foot_pose": [0.9999920000103913, -0.003978892674724239, -0.0004102783221363939, 0.0797197603052514, 0.003999989402309672, 0.9947178098499773, 0.10256938554971909, 0.0001195799411985287, -1.4227902446560308e-09, -0.10257020610464128, 0.9947257676463662, 3.1484167703488275e-09, 0.0, 0.0, 0.0, 1.0], "right_foot_pose": [0.9999954869176926, -0.0029947499397844023, -0.00024003550755612407, 0.06022747591392935, 0.0030043542145882325, 0.9967988108318914, 0.07989433384089523, -0.13998948108633474, 3.5570301955430004e-09, -0.07989469442287965, 0.9968033094864174, 0.0005297300152973736, 0.0, 0.0, 0.0, 1.0]}, {"left_foot_pose": [0.9999920000104204, -0.0039658493997422025, -0.000521491801699671, 0.07971976048872739, 0.003999989395070569, 0.9914570134696884, 0.13037250678960755, 0.00011958020971909213, -1.023532728974206e-09, -0.1303735497725883, 0.9914649451794527, 2.3207213026288365e-09, 0.0, 0.0, 0.0, 1.0], "right_foot_pose": [0.999995345922917, -0.0030321640726104124, -0.00033780696035466733, 0.061162102945918916, 0.0030509232217860818, 0.9938474733991881, 0.11071536246404512, -0.13998620255892483, 2.1449695566245455e-08, -0.11071587780931391, 0.9938520988562193, 0.005718798859634618, 0.0, 0.0, 0.0, 1.0]}, {"left_foot_pose": [0.9999920000104798, -0.0039527484619102165, -0.0006129393433504733, 0.07971976058508927, 0.003999989380206233, 0.988181807637557, 0.15323418397710523, 0.00011958025039193309, -6.767434158824068e-10, -0.15323540985610348, 0.9881897131453217, 1.5960253466063001e-09, 0.0, 0.0, 0.0, 1.0], "right_foot_pose": [0.9999950625995363, -0.0031109489941758316, -0.0004435909203928501, 0.06299832848136054, 0.003142415718361154, 0.9899835826731146, 0.14114755138208057, -0.1399797717390542, 4.4895609301931245e-08, -0.14114824842717588, 0.989988470622733, 0.014542320132492417, 0.0, 0.0, 0.0, 1.0]}, {"left_foot_pose": [0.9999920000105467, -0.0039409539270981965, -0.000684687558614707, 0.07971976060396302, 0.003999989363540181, 0.9852332026689263, 0.1711710736188293, 0.00011958013321209174, -3.985825453600567e-10, -0.17117244299499745, 0.9852410845874858, 9.894511737718048e-10, 0.0, 0.0, 0.0, 1.0], "right_foot_pose": [0.9999946493317805, -0.0032232617520988813, -0.0005584724577972564, 0.0655846981817168, 0.003271285344252619, 0.9853181254813209, 0.1706970717094242, -0.1399707202341921, 7.169281334726904e-08, -0.17069798528879404, 0.9853233975798713, 0.024642054037453148, 0.0, 0.0, 0.0, 1.0]}, {"left_foot_pose": [0.9999920000106058, -0.003931523803370634, -0.0007369093384752913, 0.0797197605639663, 0.003999989348686379, 0.9828756962529801, 0.18422639821814601, 0.00011957994230433252, -1.9067481821327493e-10, -0.18422787203841906, 0.9828835593111714, 5.120714963169348e-10, 0.0, 0.0, 0.0, 1.0], "right_foot_pose": [0.9999941175825561, -0.0033628690117019576, -0.0006752127776565072, 0.06876976052423799, 0.0034299854628368777, 0.9804323242080089, 0.19682655524041054, -0.13995957757262958, 9.850963473491306e-08, -0.19682771339446037, 0.980438091487626, 0.033659769674914755, 0.0, 0.0, 0.0, 1.0]}, {"left_foot_pose": [0.9999920000106483, -0.003925255072879499, -0.0007696020516619131, 0.07971976048183203, 0.003999989338122122, 0.9813085306621617, 0.19239950035009132, 0.0001195797789973474, -5.6257922331055553e-11, -0.19240103955613855, 0.9813163811828061, 2.1117880361076757e-10, 0.0, 0.0, 0.0, 1.0], "right_foot_pose": [0.9999934804301178, -0.003526747573801941, -0.0007753378686576063, 0.07240206568595339, 0.003610969017521451, 0.9766769860153732, 0.2146835482534255, -0.13994687066112804, 1.1996976617027512e-07, -0.2146849483300521, 0.9766833534777322, 0.039237232350529685, 0.0, 0.0, 0.0, 1.0]}, {"left_foot_pose": [0.9999920000106655, -0.003922654055923338, -0.0007827514468777077, 0.07971976044777888, 0.0039999893337411925, 0.9806582835533408, 0.19568681862492968, 0.00011957975017704795, -2.4259607605627502e-12, -0.19568838412990644, 0.9806661288719152, 1.1035508618029155e-10, 0.0, 0.0, 0.0, 1.0], "right_foot_pose": [0.9999927545337733, -0.0037134817701632945, -0.0008372174740116909, 0.07633015496457811, 0.0038066888419150805, 0.9755153784139473, 0.21989828466350944, -0.1399331236406801, 1.302495870563895e-07, -0.21989987842433137, 0.9755224464198389, 0.04000000230109652, 0.0, 0.0, 0.0, 1.0]}, {"left_foot_pose": [0.999992000010659, -0.003923641257041287, -0.0007777878689609688, 0.07971976046898681, 0.003999989335368509, 0.9809050812070758, 0.194445935281398, 0.00011957975399025118, -2.1169177552479973e-11, -0.19444749085916962, 0.9809129285000652, 1.309344438427118e-10, 0.0, 0.0, 0.0, 1.0], "right_foot_pose": [0.9999919615264192, -0.003912810149089482, -0.0008756707607416, 0.08040256767388808, 0.004009598798725785, 0.9758600815402473, 0.2183598506450648, -0.1399188701287638, 1.3150022194540888e-07, -0.21836160645360486, 0.9758679259136369, 0.04000000240602708, 0.0, 0.0, 0.0, 1.0]}, {"left_foot_pose": [0.9999920000106304, -0.003928119982895861, -0.0007548431229300958, 0.07971976047837974, 0.0039999893425186495, 0.9820247508213046, 0.18870980064536969, 0.00011957974566568965, -1.0917905291151555e-10, -0.18871131033341773, 0.9820326070718047, 2.9805029971852193e-10, 0.0, 0.0, 0.0, 1.0], "right_foot_pose": [0.9999911288456919, -0.004117049270858014, -0.0008900197865829513, 0.08446785309015432, 0.004212152644870277, 0.9774192420549778, 0.21126732598953563, -0.13990464167964903, 1.2447479438869932e-07, -0.21126920070368477, 0.9774279128580333, 0.04000000243908627, 0.0, 0.0, 0.0, 1.0]}, {"left_foot_pose": [0.9999920000105782, -0.003935913029922154, -0.000713094289536178, 0.07971976040407562, 0.003999989355596096, 0.9839729915462133, 0.1782726899801301, 0.00011957984146596969, -2.820430050254847e-10, -0.17827411617006383, 0.9839808633829134, 6.268157520805673e-10, 0.0, 0.0, 0.0, 1.0], "right_foot_pose": [0.9999902899916038, -0.004320592681556851, -0.0008674107378204482, 0.08837456024763238, 0.004406804113667656, 0.9804320705065025, 0.19680837177273722, -0.13989096531677545, 1.0849491045247303e-07, -0.19681028327100275, 0.9804415905084689, 0.03892281927081806, 0.0, 0.0, 0.0, 1.0]}, {"left_foot_pose": [0.9999920000105089, -0.003946702801074742, -0.0006507318829806284, 0.07971976029686825, 0.003999989372928497, 0.9866704061709517, 0.16268223526699663, 0.00011958005703670282, -5.423245343381463e-10, -0.16268353673144073, 0.9866782995873331, 1.1720803563819437e-09, 0.0, 0.0, 0.0, 1.0], "right_foot_pose": [0.9999894842147206, -0.004519065806815275, -0.0007807075061698938, 0.09197122601502941, 0.004586006974439052, 0.9853958933136062, 0.17021721998878378, -0.1398783697492605, 8.315187638391079e-08, -0.17021901035111606, 0.9854062555692851, 0.032921037397113974, 0.0, 0.0, 0.0, 1.0]}, {"left_foot_pose": [0.9999920000104392, -0.003959501047431681, -0.0005676852806696738, 0.07971976020278682, 0.003999989390298814, 0.9898699373955777, 0.14192077763792557, 0.00011958024357964017, -8.744730798340342e-10, -0.14192191300828594, 0.989877856408592, 1.885958410274835e-09, 0.0, 0.0, 0.0, 1.0], "right_foot_pose": [0.9999887556312499, -0.00469769472851514, -0.0006482864350088792, 0.09510639603542159, 0.004742215838728446, 0.9906022023358498, 0.1366923118405086, -0.1398673919472013, 5.52175024094962e-08, -0.13669384913594929, 0.9906133411217494, 0.023700954000900908, 0.0, 0.0, 0.0, 1.0]}, {"left_foot_pose": [0.9999920000103905, -0.003972972155013834, -0.00046412010944105913, 0.07971976011412343, 0.003999989402548941, 0.9932376875097618, 0.11602972117109106, 0.00011958033194064445, -1.2671390539907233e-09, -0.11603064941004676, 0.9932456334650983, 2.7356484716412055e-09, 0.0, 0.0, 0.0, 1.0], "right_foot_pose": [0.9999881517776105, -0.004843125911416656, -0.0004903425382044792, 0.09762862071087709, 0.004867885002515419, 0.994902619527461, 0.10072279460478942, -0.13985856429238436, 2.9899304568762493e-08, -0.10072398814980722, 0.9949144074799582, 0.01362080367876433, 0.0, 0.0, 0.0, 1.0]}, {"left_foot_pose": [0.9999920000103899, -0.003985435988657579, -0.00034090350866159563, 0.0797197600344297, 0.003999989402724017, 0.9963536299749294, 0.08522584185891263, 0.00011958026316818623, -1.6889821952567201e-09, -0.08522652366348543, 0.9963616008579608, 3.664329381591891e-09, 0.0, 0.0, 0.0, 1.0], "right_foot_pose": [0.9999877215914731, -0.004945199378103714, -0.0003188564025375062, 0.09938644783743082, 0.004955468322421962, 0.9979156378199151, 0.06434145730536002, -0.13985241669774487, 1.045565829946675e-08, -0.06434224737746431, 0.9979278907829049, 0.00503881723554879, 0.0, 0.0, 0.0, 1.0]}, {"left_foot_pose": [0.9999920000104696, -0.003994926283198376, -0.00020119407136080108, 0.0797197600048395, 0.003999989382803225, 0.9987262066618139, 0.050298749605156096, 0.00011957998039424829, -2.00511679781231e-09, -0.050299151989835415, 0.9987341965253342, 4.397441695502824e-09, 0.0, 0.0, 0.0, 1.0], "right_foot_pose": [0.9999875128217266, -0.004995482847883633, -0.0001391105093193892, 0.10022842206057096, 0.004997419395778451, 0.9996000044084558, 0.027836253088332794, -0.13984947757837018, -6.591233152073634e-10, -0.02783660068563562, 0.9996124867478742, 0.0003132365739105525, 0.0, 0.0, 0.0, 1.0]}, {"left_foot_pose": [0.9999920000106102, -0.003999643007909333, -5.263639185474499e-05, 0.07971975993130552, 0.003999989347543769, 0.9999054085833043, 0.013159558164143733, 0.00011957994700204262, -2.1218945694256545e-09, -0.013159663432825026, 0.9999134078800701, 4.7627623997459345e-09, 0.0, 0.0, 0.0, 1.0], "right_foot_pose": [0.9999875000260914, -0.004999763036578688, 4.648812664478982e-05, 0.10027979887741918, 0.0049999791567419, 0.9999442802979527, -0.0092971236327119, -0.13984930043173452, -2.1212548555465274e-09, 0.00929723985857314, 0.9999567797315105, 4.861493783925308e-09, 0.0, 0.0, 0.0, 1.0]}, {"left_foot_pose": [0.9999920000107593, -0.003998834648398928, 9.61037843577799e-05, 0.07971975987192179, 0.0039999893103110145, 0.9997033480785458, -0.024025318438347553, 0.00011958006120537865, -1.9991756958441846e-09, 0.02402551065016837, 0.9997113457583644, 4.686604986037