{"LoopMode": "Wrap", "FrameDuration": 0.0167, "EnableCycleOffsetPosition": true, "EnableCycleOffsetRotation": false, "Debug_info": [{"left_foot_pose": [0.9999999999884726, 4.7851304004989146e-06, 3.9740439577986843e-07, 0.00019842111302273752, -4.801604232007997e-06, 0.9965691632582973, 0.08276413969590062, -6.676505781611462e-05, -3.7654267229317554e-12, -0.08276413969685503, 0.9965691632697852, 3.2324906640290862e-12, 0.0, 0.0, 0.0, 1.0], "right_foot_pose": [0.9999999979400312, 6.398293128505883e-05, -5.11093250354972e-06, 0.0009680834198771015, -6.418673637815635e-05, 0.9968248031031633, -0.07962604974757179, -0.12012479653779064, -3.7831135118629886e-12, 0.07962604991159852, 0.996824805156591, 3.1225924623790036e-12, 0.0, 0.0, 0.0, 1.0]}, {"left_foot_pose": [0.9999999999884728, 4.7857713992069175e-06, 3.8960438747395467e-07, 0.00019842111184945638, -4.801603842573542e-06, 0.9967029138325225, 0.08113754700941074, -6.676505823770273e-05, -1.4076384766607103e-11, -0.08113754701034648, 0.9967029138440127, 1.2160543405581592e-11, 0.0, 0.0, 0.0, 1.0], "right_foot_pose": [0.9999999979400316, 6.39744956156621e-05, -5.215466289843433e-06, 0.0009680834190446233, -6.418673677555158e-05, 0.996693359867823, -0.08125479847647983, -0.1201247965385844, -1.4129376459943886e-11, 0.08125479864386106, 0.9966933619209802, 1.2173470564924571e-11, 0.0, 0.0, 0.0, 1.0]}, {"left_foot_pose": [0.9999999999884726, 4.7868063102377815e-06, 3.7666801888649733e-07, 0.00019842110949629203, -4.80160321603231e-06, 0.9969188587065152, 0.07843971654872697, -6.67650585686741e-05, -3.1721520918291894e-11, -0.07843971654963167, 0.9969188587180075, 2.7423299742146412e-11, 0.0, 0.0, 0.0, 1.0], "right_foot_pose": [0.999999997940031, 6.396013579154544e-05, -5.388719505062205e-06, 0.0009680834171101356, -6.418673748034963e-05, 0.9964696056508533, -0.08395427859314565, -0.12012479653951663, -3.1858944781307197e-11, 0.08395427876608663, 0.9964696077035498, 2.7733502994120585e-11, 0.0, 0.0, 0.0, 1.0]}, {"left_foot_pose": [0.9999999999884727, 4.788197453243285e-06, 3.5854006724669587e-07, 0.00019842110598419248, -4.801602422626433e-06, 0.9972091033466334, 0.07465925381055581, -6.676505868398117e-05, -5.61702594806638e-11, -0.07465925381141704, 0.997209103358129, 4.853738244658956e-11, 0.0, 0.0, 0.0, 1.0], "right_foot_pose": [0.9999999979400314, 6.393924043830448e-05, -5.631246251581127e-06, 0.0009680834140223212, -6.418673852256108e-05, 0.9961440138947815, -0.08773311496610565, -0.12012479654042821, -5.6488094218044094e-11, 0.08773311514682931, 0.9961440159468075, 4.924043117693344e-11, 0.0, 0.0, 0.0, 1.0]}, {"left_foot_pose": [0.9999999999884726, 4.7898816536748175e-06, 3.352776665187766e-07, 0.00019842110133042908, -4.801601541084392e-06, 0.9975604379728347, 0.06980811248266061, -6.676505844460494e-05, -8.71388830792212e-11, -0.06980811248346606, 0.997560437984334, 7.526697320958675e-11, 0.0, 0.0, 0.0, 1.0], "right_foot_pose": [0.9999999979400311, 6.391110859772905e-05, -5.9420353712429965e-06, 0.0009680834097304141, -6.418673995875857e-05, 0.9957056609987959, -0.0925755504170182, -0.12012479654116098, -8.779922121773606e-11, 0.09257555060771515, 0.9957056630499189, 7.637716153974239e-11, 0.0, 0.0, 0.0, 1.0]}, {"left_foot_pose": [0.9999999999884729, 4.791783106698224e-06, 3.0689322205726097e-07, 0.00019842109546816834, -4.801600646942962e-06, 0.9979570247978672, 0.063888783315496, -6.676505767408067e-05, -1.250543280029713e-10, -0.06388878331623339, 0.9979570248093715, 1.0802868322112857e-10, 0.0, 0.0, 0.0, 1.0], "right_foot_pose": [0.9999999979400311, 6.387478067482878e-05, -6.320619316047496e-06, 0.0009680834041028998, -6.418674189251893e-05, 0.9951395914719291, -0.09847430814757852, -0.1201247965415486, -1.263110775638173e-10, 0.09847430835042427, 0.9951395935218866, 1.0949557927020237e-10, 0.0, 0.0, 0.0, 1.0]}, {"left_foot_pose": [0.9999999999884727, 4.7938162734916355e-06, 2.732881567712144e-07, 0.0001984210882204164, -4.801599821755184e-06, 0.9983809954650174, 0.05688047003345119, -6.676505612826858e-05, -1.711793617123262e-10, -0.05688047003410802, 0.9983809954765261, 1.4800297792882944e-10, 0.0, 0.0, 0.0, 1.0], "right_foot_pose": [0.9999999979400309, 6.382893532241568e-05, -6.767952707043502e-06, 0.0009680833968916847, -6.418674448982057e-05, 0.9944252105749741, -0.10544428127205593, -0.12012479654138936, -1.7341371784609057e-10, 0.10544428148925664, 0.9944252126234606, 1.4972426770620828e-10, 0.0, 0.0, 0.0, 1.0]}, {"left_foot_pose": [0.9999999999884726, 4.795882773377399e-06, 2.3422874023673283e-07, 0.00019842107928873967, -4.801599173587912e-06, 0.9988117904731877, 0.048734045478397166, -6.67650534533562e-05, -2.2765837948847051e-10, -0.04873404547896036, 0.9988117904847017, 1.9718530974710546e-10, 0.0, 0.0, 0.0, 1.0], "right_foot_pose": [0.9999999979400305, 6.377179925757004e-05, -7.286716556310025e-06, 0.0009680833877053072, -6.418674799881241e-05, 0.9935348781475816, -0.11352727330616016, -0.12012479654040528, -2.314376107962732e-10, 0.11352727354000791, 0.9935348801942346, 1.990101070048489e-10, 0.0, 0.0, 0.0, 1.0]}, {"left_foot_pose": [0.9999999999884728, 4.797864283919017e-06, 1.8934123774396967e-07, 0.0001984210682539464, -4.801598869093444e-06, 0.9992246598493509, 0.03937104425709841, -6.676504912991182e-05, -2.9750696832686424e-10, -0.03937104425755401, 0.9992246598608698, 2.583978309100843e-10, 0.0, 0.0, 0.0, 1.0], "right_foot_pose": [0.9999999979400302, 6.370104781406872e-05, -7.881353878803009e-06, 0.0009680833759904945, -6.418675277248336e-05, 0.9924323578107501, -0.12279255291041014, -0.12012479653818761, -3.036715693844119e-10, 0.12279255316333954, 0.9924323598551329, 2.601155610348904e-10, 0.0, 0.0, 0.0, 1.0]}, {"left_foot_pose": [0.9999999999884726, 4.7996122261825905e-06, 1.381205156913112e-07, 0.00019842105458756255, -4.801599176071052e-06, 0.999588487274437, 0.028685468191194552, -6.676504240436809e-05, -3.8455367575764157e-10, -0.028685468191527393, 0.99958848728596, 3.3528127496573745e-10, 0.0, 0.0, 0.0, 1.0], "right_foot_pose": [0.9999999979400298, 6.361369450307465e-05, -8.557916831353704e-06, 0.0009680833610209793, -6.418675929398233e-05, 0.9910710946083632, -0.13333447158121053, -0.12012479653413188, -3.943402688268943e-10, 0.13333447185585032, 0.9910710966499432, 3.365968198609792e-10, 0.0, 0.0, 0.0, 1.0]}, {"left_foot_pose": [0.9999999999884728, 4.80093477000231e-06, 7.995694456522027e-08, 0.00019842103770466603, -4.801600517800362e-06, 0.9998630483310413, 0.016549457970082723, -6.676503222424052e-05, -4.931264274089762e-10, -0.01654945797027618, 0.9998630483425676, 4.320822449832562e-10, 0.0, 0.0, 0.0, 1.0], "right_foot_pose": [0.9999999979400296, 6.350598818591791e-05, -9.323662095051474e-06, 0.0009680833419280738, -6.418676818527797e-05, 0.9893926117092069, -0.14526615495459877, -0.12012479652737296, -5.083295774740713e-10, 0.14526615525381023, 0.9893926137473313, 4.3257546850083983e-10, 0.0, 0.0, 0.0, 1.0]}, {"left_foot_pose": [0.9999999999884726, 4.801582573709578e-06, 1.4198354936125531e-08, 0.00019842101714086368, -4.801603524793683e-06, 0.9999960055952861, 0.002826441299216376, -6.676501724688956e-05, -6.269070545328012e-10, -0.0028264412992522864, 0.9999960056068137, 5.527279467454349e-10, 0.0, 0.0, 0.0, 1.0], "right_foot_pose": [0.9999999979400285, 6.337337440634625e-05, -1.0186175043614347e-05, 0.0009680833178720873, -6.418678014390369e-05, 0.9873259099333314, -0.15870583938335953, -0.12012479651677174, -6.500360883390981e-10, 0.15870583971024757, 0.9873259119672011, 5.517997100912275e-10, 0.0, 0.0, 0.0, 1.0]}, {"left_foot_pose": [0.9999999999884726, 4.801237767156915e-06, -5.971362515575318e-08, 0.00019842099298436603, -4.80160902123898e-06, 0.9999206186503263, -0.01259985614578156, -6.676499610318472e-05, -7.86020400546422e-10, 0.012599856145922711, 0.9999206186618532, 6.983211647826337e-10, 0.0, 0.0, 0.0, 1.0], "right_foot_pose": [0.9999999979400274, 6.321066691595077e-05, -1.115151690733778e-05, 0.0009680832885324082, -6.418679568743295e-05, 0.9847901515881454, -0.17374795888025021, -0.12012479650110194, -8.203304928839423e-10, 0.17374795923811415, 0.9847901536167949, 6.951468081717316e-10, 0.0, 0.0, 0.0, 1.0]}, {"left_foot_pose": [0.9999999999884728, 4.79951935699147e-06, -1.4194373598739137e-07, 0.0001984209669089343, -4.8016177646432906e-06, 0.9995570294734233, -0.029761465138856667, -6.676496841164642e-05, -9.598691643151346e-10, 0.02976146513919482, 0.9995570294849461, 8.606940021804732e-10, 0.0, 0.0, 0.0, 1.0], "right_foot_pose": [0.9999999979400264, 6.301279630416406e-05, -1.2220255574846783e-05, 0.0009680832553921102, -6.418681440421026e-05, 0.9817063624174335, -0.19040119187963078, -0.12012479647982943, -1.0088717296891247e-09, 0.19040119227178845, 0.9817063644397348, 8.542580878789785e-10, 0.0, 0.0, 0.0, 1.0]}, {"left_foot_pose": [0.9999999999884724, 4.7960400209173894e-06, -2.3161804224578302e-07, 0.00019842094450206774, -4.801629469542958e-06, 0.9988247147404988, -0.048468435094468146, -6.676493768583043e-05, -1.1107298012281544e-09, 0.04846843509502124, 0.9988247147520132, 1.0070765263381354e-09, 0.0, 0.0, 0.0, 1.0], "right_foot_pose": [0.9999999979400251, 6.277698252314574e-05, -1.337908839976802e-05, 0.000968083224812204, -6.418683307131454e-05, 0.9780313843866536, -0.20845768643726414, -0.12012479645539054, -1.1761890963767462e-09, 0.20845768686660765, 0.9780313864013892, 9.965245087451002e-10, 0.0, 0.0, 0.0, 1.0]}, {"left_foot_pose": [0.9999999999884724, 4.790599006223781e-06, -3.2544097317019736e-07, 0.0001984209395870567, -4.801640277612668e-06, 0.9976843290848432, -0.06801455340933765, -6.676491779793875e-05, -1.1430931066913835e-09, 0.06801455341011589, 0.9976843290963446, 1.0501626998560276e-09, 0.0, 0.0, 0.0, 1.0], "right_foot_pose": [0.9999999979400245, 6.250824644158129e-05, -1.4583202724405755e-05, 0.0009680832140497278, -6.418684190247564e-05, 0.9738439740574558, -0.22721775914754294, -0.12012479643828376, -1.2195894127198124e-09, 0.2272177596155295, 0.973843976063568, 1.0360266533560036e-09, 0.0, 0.0, 0.0, 1.0]}, {"left_foot_pose": [0.9999999999881657, 4.846909030124207e-06, -4.2086939977545816e-07, 0.0001992520959989342, -4.865147217345983e-06, 0.9962358446800692, -0.08668414936377024, -6.682814299454297e-05, -8.650043124476879e-10, 0.08668414936479159, 0.9962358446918601, 0.0001966332014874117, 0.0, 0.0, 0.0, 1.0], "right_foot_pose": [0.9999999979400256, 6.223176834915212e-05, -1.572117883813554e-05, 0.0009680832620314699, -6.418682462122e-05, 0.9695374093729225, -0.24494327446674977, -0.12012479651678867, -9.821122515934552e-10, 0.2449432749712653, 0.9695374113701601, 8.005322515991509e-10, 0.0, 0.0, 0.0, 1.0]}, {"left_foot_pose": [0.9999999999782534, 6.55818757279946e-06, -6.959967459031552e-07, 0.00022189332338946814, -6.5950159691843645e-06, 0.9944114239604189, -0.10557423858839222, -6.852338311696786e-05, -2.685445197679356e-10, 0.10557423859068608, 0.9944114239820446, 0.00502944763907074, 0.0, 0.0, 0.0, 1.0], "right_foot_pose": [0.9999999979400271, 6.197940981473373e-05, -1.6688250470742657e-05, 0.0009680833608742172, -6.418679727418059e-05, 0.9656072604376852, -0.2600050277784706, -0.12012479671849961, -6.623521036014558e-10, 0.26000502831403266, 0.9656072624268206, 4.5977923551765443e-10, 0.0, 0.0, 0.0, 1.0]}, {"left_foot_pose": [0.9999999999462966, 1.0282630714362359e-05, -1.2943283453361133e-06, 0.0002712238190190951, -1.03637724735426e-05, 0.9921780900859186, -0.12483043477474522, -7.220803496443828e-05, 6.189626849660991e-10, 0.1248304347814551, 0.9921780901392016, 0.013763757643068614, 0.0, 0.0, 0.0, 1.0], "right_foot_pose": [0.9999999979400294, 6.177740017470769e-05, -1.7421075071855556e-05, 0.0009680834322518089, -6.418676677392192e-05, 0.9624618008537997, -0.271417165590756, -0.12012479673296671, -3.275665670461423e-10, 0.2714171661498469, 0.9624618028364483, 2.057640863251109e-10, 0.0, 0.0, 0.0, 1.0]}, {"left_foot_pose": [0.9999999998762249, 1.55746552848484e-05, -2.2318425613179487e-06, 0.0003415181071717044, -1.5733753681205766e-05, 0.9899050541529727, -0.14173208357619718, -7.74529739232914e-05, 1.8838868527257276e-09, 0.14173208359376913, 0.9899050542754945, 0.022945107974187993, 0.0, 0.0, 0.0, 1.0], "right_foot_pose": [0.9999999979400307, 6.164881000112412e-05, -1.787071059783421e-05, 0.0009680834566666166, -6.418674373897665e-05, 0.9604598041770189, -0.2784186783251164, -0.12012479663006963, -8.099956299472289e-11, 0.278418678898645, 0.9604598061555376, 4.707576689577664e-11, 0.0, 0.0, 0.0, 1.0]}, {"left_foot_pose": [0.9999999997520836, 2.2011577128119908e-05, -3.3650686862011266e-06, 0.00042704797117561075, -2.2267312489008352e-05, 0.9885360343855417, -0.15098512584183574, -8.38330921934631e-05, 3.0709116459372394e-09, 0.15098512587933474, 0.9885360346306056, 0.029119051729941843, 0.0, 0.0, 0.0, 1.0], "right_foot_pose": [0.9999999979400314, 6.161170291573024e-05, -1.7998199872415937e-05, 0.0009680834407316522, -6.418673643999449e-05, 0.9598821443598821, -0.28040375321870653, -0.120124796530644, -2.051639233642066e-12, 0.28040375379632904, 0.9598821463372095, 3.0897021052744833e-12, 0.0, 0.0, 0.0, 1.0]}, {"left_foot_pose": [0.9999999995640831, 2.9203784861042157e-05, -4.355895059982461e-06, 0.000522077860908357, -2.9526849860319954e-05, 0.989073818605748, -0.14742109915751625, -9.092659824706112e-05, 3.0476964583024886e-09, 0.14742109922186827, 0.9890738190368893, 0.0300000001385579, 0.0, 0.0, 0.0, 1.0], "right_foot_pose": [0.9999999979400305, 6.167608921317292e-05, -1.7776355280552574e-05, 0.0009680834112726629, -6.418674931538053e-05, 0.9608844853265583, -0.2769494570111606, -0.12012479651695357, -1.3542337659210012e-10, 0.27694945758165934, 0.960884487305953, 1.0787193360783931e-10, 0.0, 0.0, 0.0, 1.0]}, {"left_foot_pose": [0.9999999993127335, 3.6728721041096064e-05, -5.053189245652347e-06, 0.0006208808745189048, -3.707470384550279e-05, 0.9906766567728058, -0.13623421138217714, -9.83023518943936e-05, 2.368281599838155e-09, 0.136234211475893, 0.9906766574536529, 0.03000000046533413, 0.0, 0.0, 0.0, 1.0], "right_foot_pose": [0.9999999979400287, 6.183026772678991e-05, -1.7232544570200878e-05, 0.0009680833711893103, -6.418677900724368e-05, 0.963284771522988, -0.2684817402207504, -0.12012479647786156, -4.501185651847113e-10, 0.268481740773787, 0.9632847735073347, 3.6263313879514314e-10, 0.0, 0.0, 0.0, 1.0]}, {"left_foot_pose": [0.9999999990110656, 4.4161378972708866e-05, -5.257600258824049e-06, 0.0007177291313774362, -4.447324760370118e-05, 0.9929898804692259, -0.1181993879334569, -0.00010553321515557532, 8.958874906311783e-10, 0.11819938805038763, 0.9929898814512236, 0.029892323541887734, 0.0, 0.0, 0.0, 1.0], "right_foot_pose": [0.9999999979400257, 6.206740425855178e-05, -1.635806097255491e-05, 0.0009680832940382828, -6.41868275365069e-05, 0.9669764949114591, -0.2548655609704852, -0.12012479647019694, -9.833417236323923e-10, 0.25486556149544043, 0.9669764969034221, 7.785993794140467e-10, 0.0, 0.0, 0.0, 1.0]}, {"left_foot_pose": [0.9999999986849331, 5.10790665614963e-05, -4.589514304487975e-06, 0.0008068898126901274, -5.128483869068397e-05, 0.9959847497102033, -0.08952304571767826, -0.00011219735689399664, -1.667355358550657e-09, 0.08952304583532157, 0.9959847510199985, 0.025396597983387767, 0.0, 0.0, 0.0, 1.0], "right_foot_pose": [0.9999999979400211, 6.238486312541598e-05, -1.5102538515666044e-05, 0.0009680831651976759, -6.418689752207256e-05, 0.9719185580558055, -0.23531747148642904, -0.12012479674332904, -1.810792861677456e-09, 0.2353174719710649, 0.9719185600579645, 1.374185376601389e-09, 0.0, 0.0, 0.0, 1.0]}, {"left_foot_pose": [0.9999999983714072, 5.698801228024864e-05, -3.090790411831418e-06, 0.000882640766224322, -5.707176638930474e-05, 0.9985294433918074, -0.05421205975114414, -0.0001178567406768475, -3.1922974953374065e-09, 0.054212059839251286, 0.9985294450180155, 0.016796170932111137, 0.0, 0.0, 0.0, 1.0], "right_foot_pose": [0.9999999979400163, 6.276031263825516e-05, -1.345770740879319e-05, 0.0009680830244044119, -6.418696692822446e-05, 0.9777643913026602, -0.20970644000738722, -0.12012479696848077, -2.7746443408360217e-09, 0.2097064404392046, 0.9777643933168759, 2.1446497633359485e-09, 0.0, 0.0, 0.0, 1.0]}, {"left_foot_pose": [0.9999999981152383, 6.138738347011693e-05, -1.0553602680107528e-06, 0.0009392548903164189, -6.13964544516125e-05, 0.9998511533522644, -0.017253039460417483, -0.0001220814340447251, -3.9157684813802496e-09, 0.017253039492694668, 0.9998511552367505, 0.007545489226108537, 0.0, 0.0, 0.0, 1.0], "right_foot_pose": [0.9999999979400134, 6.315768237942146e-05, -1.1449024441279528e-05, 0.0009680828765008649, -6.418701574329378e-05, 0.9839530647448939, -0.1784274705844309, -0.12012479699849182, -3.7628276915610075e-09, 0.1784274709517513, 0.983953066771867, 3.0044612284174654e-09, 0.0, 0.0, 0.0, 1.0]}, {"left_foot_pose": [0.9999999979634224, 6.380809723711778e-05, 1.2971886123580144e-06, 0.0009710006116685467, -6.382128134157766e-05, 0.9997948100620525, 0.0202566951852787, -0.0001244448778565943, -4.3812664966117e-09, -0.020256695226812917, 0.9997948120982071, 0.001099003493023984, 0.0, 0.0, 0.0, 1.0], "right_foot_pose": [0.999999997940013, 6.353414406941003e-05, -9.131586226840893e-06, 0.0009680827565307454, -6.418701822782185e-05, 0.9898184811010672, -0.14233541495637386, -0.1201247967163879, -4.5459509554100754e-09, 0.1423354152492939, 0.9898184831401216, 3.751743686553066e-09, 0.0, 0.0, 0.0, 1.0]}, {"left_foot_pose": [0.9999999979400402, 6.407286408610626e-05, 3.819494040156969e-06, 0.0009757851886273341, -6.418660626957362e-05, 0.9982323328450285, 0.059432361074188804, -0.0001247965899315341, -4.740852915675888e-09, -0.05943236119692116, 0.998232334901329, 4.092645375375348e-09, 0.0, 0.0, 0.0, 1.0], "right_foot_pose": [0.9999999979400169, 6.384323304071297e-05, -6.633813644796806e-06, 0.0009680827238224888, -6.418696024633218e-05, 0.9946371934283488, -0.10342557386358434, -0.12012479647839729, -4.785229167762535e-09, 0.10342557407633353, 0.9946371954773162, 4.035460743345709e-09, 0.0, 0.0, 0.0, 1.0]}, {"left_foot_pose": [0.9999999979400447, 6.387305046200272e-05, 6.336026716068315e-06, 0.0009757851887767839, -6.418653901044644e-05, 0.9951227941972532, 0.0986439068018902, -0.00012479674072297334, -4.437373122051684e-09, -0.09864390700537605, 0.9951227962471344, 3.805338905094047e-09, 0.0, 0.0, 0.0, 1.0], "right_foot_pose": [0.9999999979400229, 6.405449245791243e-05, -4.120192779566924e-06, 0.0009680827653671662, -6.418686760726529e-05, 0.9979332547540133, -0.06425896774853944, -0.12012479662123461, -4.398174397402052e-09, 0.06425896788062954, 0.9979332568097509, 3.756724611947426e-09, 0.0, 0.0, 0.0, 1.0]}, {"left_foot_pose": [0.9999999979400452, 6.360141067873318e-05, 8.647027970985993e-06, 0.0009757852967614479, -6.418652912076861e-05, 0.9908914928113853, 0.134662709589977, -0.00012479677570786333, -3.5281592225149146e-09, -0.13466270986760084, 0.990891494852547, 3.0120573188407995e-09, 0.0, 0.0, 0.0, 1.0], "right_foot_pose": [0.9999999979709198, 6.367902949135596e-05, -1.7724263051138037e-06, 0.0009729137790921573, -6.370369121965702e-05, 0.9996110635795387, -0.02788758704555304, -0.12012482014071893, -4.117534087313247e-09, 0.027887587101876794, 0.9996110656078367, 4.4882034830634465e-05, 0.0, 0.0, 0.0, 1.0]}, {"left_foot_pose": [0.9999999979400432, 6.330217023540383e-05, 1.0618380870351893e-05, 0.0009757855331415825, -6.418656216458867e-05, 0.9862279931143785, 0.1653914794591043, -0.0001247964104512684, -2.5048679114495693e-09, -0.1653914797999625, 0.98622799514594, 2.061522806628968e-09, 0.0, 0.0, 0.0, 1.0], "right_foot_pose": [0.9999999998949753, 1.4492986924858616e-05, 4.884052701148107e-08, 0.0014650161635678157, -1.4493069130001889e-05, 0.9999946899515699, 0.003258812454614551, -0.12012730593163136, -1.6103414486942351e-09, -0.003258812454980339, 0.9999946900565937, 0.004191585789062792, 0.0, 0.0, 0.0, 1.0]}, {"left_foot_pose": [0.9999999979400396, 6.301550891436256e-05, 1.220521937911219e-05, 0.0009757857077885297, -6.418661652848913e-05, 0.9817592443964374, 0.1901283301410275, -0.00012479637052401505, -1.5534725296750542e-09, -0.1901283305327827, 0.9817592464188041, 1.2465969853603376e-09, 0.0, 0.0, 0.0, 1.0], "right_foot_pose": [0.999999994475095, -0.00010506836187409622, -3.2324822407661183e-06, 0.0026611193069927255, 0.0001051180739650495, 0.9995304549070124, 0.030640800635289022, -0.12013336131935451, 1.1585715188468803e-08, -0.03064080080579401, 0.9995304604292857, 0.012646193074807674, 0.0, 0.0, 0.0, 1.0]}, {"left_foot_pose": [0.9999999979400358, 6.277556402180616e-05, 1.3384971382645012e-05, 0.0009757857987036429, -6.41866722655421e-05, 0.9780180890852908, 0.20852005491565503, -0.0001247965284674364, -7.800769771032482e-10, -0.20852005534524828, 0.9780180910999627, 6.289922263591485e-10, 0.0, 0.0, 0.0, 1.0], "right_foot_pose": [0.9999999606904701, -0.00027997134466690445, -1.5333124294189846e-05, 0.004413839355192404, 0.0002803909014316808, 0.9985095671621698, 0.054576237196774055, -0.12014223954333528, 3.0488787331702997e-08, -0.05457623935067657, 0.9985096064126459, 0.02195424683719726, 0.0, 0.0, 0.0, 1.0]}, {"left_foot_pose": [0.9999999979400331, 6.260928038093614e-05, 1.4142574856600384e-05, 0.0009757858132115056, -6.418671523998479e-05, 0.9754251217514419, 0.2203311774040405, -0.00012479671995352035, -2.463389858549112e-10, -0.22033117785793127, 0.9754251237607823, 2.3398037674038363e-10, 0.0, 0.0, 0.0, 1.0], "right_foot_pose": [0.9999998767010319, -0.0004952769440291157, -3.603706030729897e-05, 0.006575793155161198, 0.0004965862650222752, 0.9973703735231498, 0.07247131446561444, -0.12015319290245091, 4.892514098325585e-08, -0.07247132342548553, 0.9973704964961398, 0.028661299918816392, 0.0, 0.0, 0.0, 1.0]}, {"left_foot_pose": [0.9999999979400318, 6.25350810195675e-05, 1.4467224507818085e-05, 0.0009757858082983075, -6.418673494616001e-05, 0.9742680277519163, 0.22539255972736694, -0.0001247967714655216, -1.2304799993414192e-11, -0.2253925601916696, 0.9742680297588777, 7.332397883308417e-11, 0.0, 0.0, 0.0, 1.0], "right_foot_pose": [0.9999997269655029, -0.0007365918108420206, -5.917283104216899e-05, 0.008999580954970336, 0.000738964759819944, 0.9967949313404616, 0.07999574229324895, -0.12016546943675295, 5.896938056939367e-08, -0.07999576417828876, 0.9967952034964495, 0.03000000124513936, 0.0, 0.0, 0.0, 1.0]}, {"left_foot_pose": [0.9999999979400321, 6.255269577675977e-05, 1.4390851290956257e-05, 0.0009757858358998308, -6.418673032473363e-05, 0.9745427080568589, 0.22420193142180597, -0.00012479676400172293, -6.397967468861561e-11, -0.2242019318836591, 0.9745427100643849, 1.1987084241882329e-10, 0.0, 0.0, 0.0, 1.0], "right_foot_pose": [0.9999995071866477, -0.0009897072884434161, -7.814054542772595e-05, 0.01153780572545141, 0.0009927872169689087, 0.9969018644806642, 0.07864913838381925, -0.12017832349622577, 5.882994020709767e-08, -0.07864917720140852, 0.996902355762859, 0.030000001146762295, 0.0, 0.0, 0.0, 1.0]}, {"left_foot_pose": [0.9999999979400337, 6.265876459092942e-05, 1.3921643711499686e-05, 0.0009757858273791791, -6.41867037907254e-05, 0.9761966701916059, 0.21688719876214185, -0.0001247967727882309, -3.7830511166435987e-10, -0.21688719920894622, 0.9761966722025331, 3.929476882769123e-10, 0.0, 0.0, 0.0, 1.0], "right_foot_pose": [0.9999992270840328, -0.0012403222880164745, -8.620880907055334e-05, 0.01404308479482573, 0.0012433146562702726, 0.9975952015850243, 0.06929839784006361, -0.12019101060645931, 4.914689815576488e-08, -0.06929845146290142, 0.9975959726386435, 0.029991061167173164, 0.0, 0.0, 0.0, 1.0]}, {"left_foot_pose": [0.9999999979400369, 6.28500746184007e-05, 1.3030527839684674e-05, 0.0009757856520664126, -6.41866538640487e-05, 0.9791798838360474, 0.20299446044387331, -0.00012479657314525949, -1.0137507244213894e-09, -0.20299446086209852, 0.9791798858531086, 9.083945262666759e-10, 0.0, 0.0, 0.0, 1.0], "right_foot_pose": [0.9999989109944425, -0.0014739559874239355, -7.391668410576564e-05, 0.016368024079324587, 0.001475808228777345, 0.998744875121808, 0.05006492193138498, -0.12020277896547414, 3.0417995921276156e-08, -0.05006497649725759, 0.9987459627594638, 0.026205349855569493, 0.0, 0.0, 0.0, 1.0]}, {"left_foot_pose": [0.9999999979400409, 6.310919765456684e-05, 1.1711032282700701e-05, 0.0009757854754315396, -6.418659596995756e-05, 0.9832198945627605, 0.18242432627277488, -0.00012479637561065536, -1.867062606540837e-09, -0.18242432664867977, 0.983219896588132, 1.6385243162275742e-09, 0.0, 0.0, 0.0, 1.0], "right_foot_pose": [0.9999985962997834, -0.0016750699699924288, -3.923083027805458e-05, 0.018365233950088836, 0.0016755293081052985, 0.9997245878010077, 0.023408142763643523, -0.12021288914674304, 9.748632109294554e-09, -0.02340817563803457, 0.9997259911162151, 0.017908531427152374, 0.0, 0.0, 0.0, 1.0]}, {"left_foot_pose": [0.999999997940044, 6.340434660047539e-05, 9.99008854673959e-06, 0.000975785321024843, -6.41865486605445e-05, 0.9878204735992684, 0.15559790428602988, -0.00012479631813474158, -2.83054607572846e-09, -0.15559790460673453, 0.9878204756341076, 2.5224491800868165e-09, 0.0, 0.0, 0.0, 1.0], "right_foot_pose": [0.9999983296834414, -0.0018276987526961845, 1.2148939902161632e-05, 0.01988733555334803, 0.0018277391299962161, 0.9999762578132023, -0.0066440333816567155, -0.12022059751804327, -5.35993542831892e-09, 0.006644044489110396, 0.9999779280928287, 0.00855505377608172, 0.0, 0.0, 0.0, 1.0]}, {"left_foot_pose": [0.9999999979400447, 6.369603022264261e-05, 7.920044948538292e-06, 0.000975785246832009, -6.41865356940779e-05, 0.9923652261369993, 0.12333391193889695, -0.00012479652806104188, -3.6966142480445833e-09, -0.1233339121931951, 0.9923652281811984, 3.4074363539082775e-09, 0.0, 0.0, 0.0, 1.0], "right_foot_pose": [0.9999981612143966, -0.001916238548629131, 7.481744414474179e-05, 0.02078693709298098, 0.0019176985751436341, 0.9992370155563526, -0.03900909091748047, -0.12022515755932128, -9.635835790492136e-09, 0.039009162665431536, 0.9992388529416485, 0.0015993660605785748, 0.0, 0.0, 0.0, 1.0]}, {"left_foot_pose": [0.9999999979400424, 6.393987363479706e-05, 5.622187958630363e-06, 0.0009757852215338291, -6.418657508520369e-05, 0.9961620592724794, 0.08752798150361862, -0.00012479682541094266, -4.082257795969641e-09, -0.08752798168418392, 0.9961620613245087, 3.910984029686926e-09, 0.0, 0.0, 0.0, 1.0], "right_foot_pose": [0.9999981263143605, -0.00193041631391073, 0.00014443207154475808, 0.020968076587381333, 0.0019358119144913838, 0.9972110346530542, -0.07460834402677287, -0.12022608052067858, -4.091039197786092e-09, 0.07460848382751481, 0.9972129031159593, 4.10170301889945e-09, 0.0, 0.0, 0.0, 1.0]}, {"left_foot_pose": [0.9999999979400376, 6.410358879327928e-05, 3.264254245348609e-06, 0.0009757851000152549, -6.418664531483187e-05, 0.9987090932085532, 0.050795108254875695, -0.00012479672609596627, -3.891665386785954e-09, -0.05079510835976151, 0.9987090952658442, 3.819266701510227e-09, 0.0, 0.0, 0.0, 1.0], "right_foot_pose": [0.9999981263144693, -0.00192378252106384, 0.00021547241583926187, 0.020968076441065776, 0.0019358118581935444, 0.9937842615985591, -0.11130630724022832, -0.12022608043082247, -3.967316961319793e-09, 0.11130651580126849, 0.9937861236403848, 3.9603461898796155e-09, 0.0, 0.0, 0.0, 1.0]}, {"left_foot_pose": [0.9999999979400334, 6.41783222576109e-05, 1.0377952407424396e-06, 0.0009757851881401844, -6.418671246256984e-05, 0.9998700752485509, 0.016119196708404074, -0.0001247966523790535, -3.1574046655799784e-09, -0.016119196741812034, 0.999870077308247, 3.1821122334352303e-09, 0.0, 0.0, 0.0, 1.0], "right_foot_pose": [0.999998126314484, -0.001915185033357136, 0.0002818400417782406, 0.020968076472847014, 0.0019358118506544756, 0.989343008928584, -0.14559073911693238, -0.1202260803301737, -3.270417521447417e-09, 0.14559101191496596, 0.9893448626488016, 3.297002205970845e-09, 0.0, 0.0, 0.0, 1.0]}, {"left_foot_pose": [0.9999999998760694, -1.5741944891422566e-05, 2.3170827889747726e-07, 0.0017702900958625814, 1.574364751689792e-05, 0.9998999188859625, -0.014147507341716504, -0.00012405985864803737, -8.97580867706131e-09, 0.014147507343610796, 0.9998999190098796, 0.0034133473712139664, 0.0, 0.0, 0.0, 1.0], "right_foot_pose": [0.9999981263144226, -0.0019058789640379395, 0.00033910620496742497, 0.02096807684823755, 0.0019358118823388406, 0.9845356501184714, -0.1751736460719913, -0.12022608073054002, -2.380864513832442e-09, 0.1751739742974779, 0.9845374948313685, 2.39103285087916e-09, 0.0, 0.0, 0.0, 1.0]}, {"left_foot_pose": [0.999999971216502, -0.00023972610634218595, 9.919193884326818e-06, 0.003998693163074263, 0.0002399312299764036, 0.9991513554050737, -0.04118872934687288, -0.00012197703836911225, -3.676230279004037e-08, 0.04118873054124121, 0.9991513841637816, 0.011540440832647249, 0.0, 0.0, 0.0, 1.0], "right_foot_pose": [0.9999981263143216, -0.0018970017216838274, 0.00038568421545561, 0.020968077054698327, 0.0019358119345951527, 0.9799497742902818, -0.1992352692185299, -0.12022608078738693, -1.511155632805674e-09, 0.1992356425263664, 0.9799516104109969, 1.553837170042982e-09, 0.0, 0.0, 0.0, 1.0]}, {"left_foot_pose": [0.9999998324314198, -0.0005776709709673772, 3.786004177653762e-05, 0.007368106504491109, 0.0005789102933280414, 0.9978675904253095, -0.06526819165305468, -0.00011882235780332796, -7.576901552018421e-08, 0.06526820263372399, 0.9978677576337249, 0.02092738716986927, 0.0, 0.0, 0.0, 1.0], "right_foot_pose": [0.9999981263142161, -0.0018895548800966983, 0.00042065474189874417, 0.020968077095742037, 0.0019358119890058644, 0.9761028033249333, -0.2173006442078583, -0.12022608061223916, -7.800884104791287e-10, 0.2173010513632229, 0.9761046322379778, 8.834911274790969e-10, 0.0, 0.0, 0.0, 1.0]}, {"left_foot_pose": [0.9999994967922706, -0.0009996667750423857, 8.415191626211531e-05, 0.011585531125175219, 0.0010032024687393014, 0.9964845575324371, -0.08377064034726378, -0.00011487093106576397, -1.1335916299655566e-07, 0.08377068261463985, 0.9964850589618821, 0.02811973797309192, 0.0, 0.0, 0.0, 1.0], "right_foot_pose": [0.999998126314133, -0.0018843464439271397, 0.00044340354333612185, 0.020968077003496097, 0.0019358120319349476, 0.9734121606390574, -0.22905243537622305, -0.12022608038138154, -2.5907994447297765e-10, 0.22905286454982615, 0.9734139845109677, 4.2627030377717645e-10, 0.0, 0.0, 0.0, 1.0]}, {"left_foot_pose": [0.999998899867441, -0.0014770395467439523, 0.00013644810823756486, 0.016357961978385304, 0.0014833286522965639, 0.995767394485645, -0.09189720243500497, -0.00011040232877080648, -1.3477499085970321e-07, 0.0918973037332886, 0.9957684899445928, 0.030000005171109546, 0.0, 0.0, 0.0, 1.0], "right_foot_pose": [0.9999981263140928, -0.001881957475292029, 0.0004534361749059668, 0.020968076898656356, 0.0019358120527368191, 0.9721780326336624, -0.23423519269366466, -0.12022608030376533, -1.65787619607807e-11, 0.23423563157769747, 0.9721798541933468, 2.1478211570391537e-10, 0.0, 0.0, 0.0, 1.0]}, {"left_foot_pose": [0.9999980203256333, -0.001981564949778716, 0.00018095625187239622, 0.021392366491644173, 0.0019898102413758965, 0.9958604992675909, -0.09087302489578138, -0.00010569109863621702, -1.3638232130535187e-07, 0.09087320506538618, 0.995862470726318, 0.030000005378128664, 0.0, 0.0, 0.0, 1.0], "right_foot_pose": [0.999998126314099, -0.0018823785092158618, 0.0004516851105812602, 0.02096807693728915, 0.0019358120495230665, 0.9723955352288405, -0.2333306145766684, -0.12022608032232766, -5.043735367992543e-11, 0.23333105176586513, 0.9723973571960359, 2.1560173091295098e-10, 0.0, 0.0, 0.0, 1.0]}, {"left_foot_pose": [0.9999968920487418, -0.002484738262868521, 0.0002048624499952712, 0.026395746294318862, 0.002493169236965922, 0.9966192024379501, -0.08212155282933307, -0.00010100874446459553, -1.1928700275987552e-07, 0.08212180835630738, 0.9966222998670442, 0.030000004982247613, 0.0, 0.0, 0.0, 1.0], "right_foot_pose": [0.9999981263141459, -0.0018854799820363123, 0.0004385583593716911, 0.02096807694404707, 0.0019358120252840683, 0.9739977326592975, -0.2265494855574621, -0.12022608031792864, -3.277075732953248e-10, 0.22654991004144145, 0.9739995576283467, 4.369395123493547e-10, 0.0, 0.0, 0.0, 1.0]}, {"left_foot_pose": [0.9999956075567568, -0.00295878420310744, 0.00017453719840183898, 0.03107509707410112, 0.0029639276624112048, 0.9982618238132009, -0.05886039627758981, -9.663501735258234e-05, -7.861130534886808e-08, 0.058860655052269964, 0.9982662086271438, 0.02695166831484254, 0.0, 0.0, 0.0, 1.0], "right_foot_pose": [0.999998126314253, -0.0018927868086380023, 0.000405864608371179, 0.02096807674548994, 0.0019358119700222767, 0.9777723778706076, -0.20966027211962368, -0.12022608051475261, -1.005857280034803e-09, 0.20966066495972696, 0.9777742099118003, 9.725228261592278e-10, 0.0, 0.0, 0.0, 1.0]}, {"left_foot_pose": [0.9999943127373185, -0.0033709284837811064, 0.00010646208942748943, 0.03513739126133121, 0.0033726092299460084, 0.9994963058445804, -0.03155566684480189, -9.28379910823604e-05, -3.656890370073705e-08, 0.031555846434460556, 0.9995019902710571, 0.019006270429952586, 0.0, 0.0, 0.0, 1.0], "right_foot_pose": [0.9999981263143678, -0.0019008318831825251, 0.0003663412415560038, 0.020968076565045807, 0.0019358119106423145, 0.9819283883886438, -0.18924294625884344, -0.12022608070993525, -1.8390050923110962e-09, 0.1892433008447926, 0.9819302282165304, 1.6804541924653194e-09, 0.0, 0.0, 0.0, 1.0]}, {"left_foot_pose": [0.9999931928991339, -0.003689735258448066, 3.0197814319158044e-06, 0.038289635750375674, 0.003689736494182892, 0.9999928587592394, -0.0008174809651322254, -8.988827879846152e-05, -3.47152700213307e-09, 0.0008174865426542744, 0.9999996658578209, 0.009597807776669444, 0.0, 0.0, 0.0, 1.0], "right_foot_pose": [0.9999981263144677, -0.0019100278827465895, 0.0003148984618804447, 0.020968076420870854, 0.0019358118591837408, 0.9866789221301434, -0.16266824292573034, -0.12022608076898494, -2.7953232185053286e-09, 0.16266854772077377, 0.9866807708587487, 2.5612608769987055e-09, 0.0, 0.0, 0.0, 1.0]}, {"left_foot_pose": [0.9999924501277698, -0.0038838520300952762, -0.0001240196312505723, 0.04023882457945228, 0.0038858316304931314, 0.9994830832030244, 0.031913425129818394, -8.806016914416487e-05, 8.502441931376177e-09, -0.03191366610694244, 0.9994906292285164, 0.002180729289879245, 0.0, 0.0, 0.0, 1.0], "right_foot_pose": [0.9999981263145061, -0.00191922538846696, 0.0002528663379402635, 0.020968076363540988, 0.001935811839148092, 0.9914301770839301, -0.13062333864915002, -0.12022608057562247, -3.690340879749718e-09, 0.13062358340374577, 0.9914320347148181, 3.4870806381315234e-09, 0.0, 0.0, 0.0, 1.0]}, {"left_foot_pose": [0.9999922546964668, -0.003926824934601308, -0.0002656934530777964, 0.0407355482268647, 0.003935803231616156, 0.9977110158356256, 0.06750732058945287, -8.758878240452614e-05, -4.144787799165818e-09, -0.06750784344191571, 0.9977187434712363, 4.355459215510393e-09, 0.0, 0.0, 0.0, 1.0], "right_foot_pose": [0.9999981263144427, -0.001927093119462525, 0.00018352033367925714, 0.0209680764380544, 0.0019358118720413874, 0.9954944127807765, -0.09480045756563305, -0.12022608022098549, -4.157312813740201e-09, 0.09480063520022537, 0.9954962780270119, 4.077211700204142e-09, 0.0, 0.0, 0.0, 1.0]}, {"left_foot_pose": [0.9999922546962089, -0.0039142120899148735, -0.0004116932213009557, 0.04073554810891754, 0.003935803297077538, 0.9945063424283386, 0.1046023150901346, -8.758889582078863e-05, -4.126640630795073e-09, -0.104603125256965, 0.9945140452434428, 4.2640369082858065e-09, 0.0, 0.0, 0.0, 1.0], "right_foot_pose": [0.9999981263143058, -0.0019325849864681546, 0.00011172800753674008, 0.020968076348344807, 0.001935811942719075, 0.9983312725739402, -0.05771414759848253, -0.12022608033536072, -4.0687905544422686e-09, 0.05771425574472096, 0.998333143136014, 4.020380056646289e-09, 0.0, 0.0, 0.0, 1.0]}, {"left_foot_pose": [0.9999922546961513, -0.0038972525332242307, -0.0005495183353040204, 0.04073554800676784, 0.0039358033117203204, 0.990197313998207, 0.13962015901376187, -8.758896718688743e-05, -3.4387950338290056e-09, -0.13962124040929114, 0.9902049834385664, 3.5891428301626505e-09, 0.0, 0.0, 0.0, 1.0], "right_foot_pose": [0.9999981263141609, -0.001935329485729139, 4.321977510042473e-05, 0.020968076302562883, 0.0019358120175475082, 0.9997488994080904, -0.022324667167604787, -0.12022608039428806, -3.3359608374251234e-09, 0.022324709003551903, 0.9997507726268116, 3.4263797216160796e-09, 0.0, 0.0, 0.0, 1.0]}, {"left_foot_pose": [0.9999922546962678, -0.0038784743008449005, -0.0006693164970357636, 0.040735548330019834, 0.0039358032821159026, 0.9854262407558291, 0.17005773573219138, -8.758859351078521e-05, -2.518147835285896e-09, -0.1700590528814421, 0.9854338732421714, 2.6434328961877362e-09, 0.0, 0.0, 0.0, 1.0], "right_foot_pose": [0.9999980034322102, -0.0019982071010024643, -1.7319767375775873e-05, 0.021596528773846116, 0.001998282160466194, 0.9999604465013545, 0.008666735326444356, -0.12022422919471158, 1.1502464770982662e-09, -0.008666752632502129, 0.9999624429941392, 0.0027003590626271876, 0.0, 0.0, 0.0, 1.0]}, {"left_foot_pose": [0.9999922546964712, -0.0038602328466306544, -0.0007675607064670389, 0.04073554854836872, 0.003935803230386132, 0.9807915704171961, 0.1950189858744593, -8.758849959671512e-05, -1.6243031977053098e-09, -0.19502049636112812, 0.9807991670056923, 1.753572981266771e-09, 0.0, 0.0, 0.0, 1.0], "right_foot_pose": [0.9999975645142165, -0.00220558695253477, -7.969836818365087e-05, 0.023696493939340448, 0.0022070264235735846, 0.9993457863525492, 0.03609886887106783, -0.12021806106154402, 2.7034240037065245e-08, -0.03609895684919059, 0.9993482202487778, 0.010452125008218939, 0.0, 0.0, 0.0, 1.0]}, {"left_foot_pose": [0.9999922546966904, -0.0038446226871152647, -0.0008422725354797911, 0.04073554859973356, 0.003935803174741666, 0.9768254543453848, 0.21400126447360737, -8.758865931538656e-05, -8.64313982636198e-10, -0.21400292198782478, 0.9768330202141376, 1.0274292180922906e-09, 0.0, 0.0, 0.0, 1.0], "right_foot_pose": [0.9999967893416232, -0.0025293669693267776, -0.0001536527882453418, 0.026986138857674098, 0.0025340296842268784, 0.9981583266768316, 0.060609682223773734, -0.12020840427148397, 6.568176585760175e-08, -0.0606098769875165, 0.9981615314224214, 0.019870149960572653, 0.0, 0.0, 0.0, 1.0]}, {"left_foot_pose": [0.9999922546968685, -0.0038333446808466918, -0.0008921966327520159, 0.04073554851553063, 0.0039358031294351795, 0.9739600264665638, 0.2266856331993211, -8.758890080500133e-05, -3.1020074307719435e-10, -0.226687388960676, 0.9739675701409121, 5.158341878641615e-10, 0.0, 0.0, 0.0, 1.0], "right_foot_pose": [0.9999956492905654, -0.00294034519896388, -0.00023615683649422513, 0.031168924298470672, 0.002949813541459835, 0.9967887125716924, 0.08002225371568851, -0.12019612881755959, 1.0541949088280058e-07, -0.08002260218074868, 0.9967930493037211, 0.027499984975363267, 0.0, 0.0, 0.0, 1.0]}, {"left_foot_pose": [0.9999922546969663, -0.0038285585941793734, -0.0009125158464016044, 0.04073554839303566, 0.00393580310470444, 0.9727440204569633, 0.2318481833423427, -8.75890114840315e-05, -2.1721165588197497e-11, -0.2318499790906064, 0.9727515547125516, 2.553032993346527e-10, 0.0, 0.0, 0.0, 1.0], "right_foot_pose": [0.9999941350168162, -0.0034114851633785543, -0.0003028216454862542, 0.035948309768921695, 0.0034248988236677052, 0.9960809665704449, 0.08837973808591909, -0.12018210049125423, 1.2871211085324445e-07, -0.08838025687373907, 0.9960868085638495, 0.030000004824984716, 0.0, 0.0, 0.0, 1.0]}, {"left_foot_pose": [0.9999922546969566, -0.00382908181342885, -0.0009103178366698799, 0.04073554844507963, 0.003935803107079068, 0.9728769557782788, 0.231289728197107, -8.758899404164369e-05, -4.6142624858443546e-11, -0.2312915196198415, 0.9728844910635308, 2.381181571364799e-10, 0.0, 0.0, 0.0, 1.0], "right_foot_pose": [0.9999922782785257, -0.003914602255498307, -0.00034535851647623324, 0.041027720782728115, 0.00392980703168645, 0.9961261640090012, 0.08784772047928079, -0.12016718818892062, 1.317694967586