{"LoopMode": "Wrap", "FrameDuration": 0.0167, "EnableCycleOffsetPosition": true, "EnableCycleOffsetRotation": false, "Debug_info": [{"left_foot_pose": [1.0000000000000007, -5.657356465983958e-14, 4.574174372606878e-12, -8.927018517733202e-13, 1.316296498129938e-14, 0.999954283973848, 0.00956190160740721, -1.907952962287851e-13, -4.574658493255409e-12, -0.00956190160740748, 0.9999542839738484, 1.1185039006100794e-11, 0.0, 0.0, 0.0, 1.0], "right_foot_pose": [1.0, 9.828269378250299e-14, 4.552358490172991e-12, -6.814485046917345e-13, -3.7959846879917977e-14, 0.9999123531138202, -0.013239565339651926, -0.14000000000136828, -4.5533349632088635e-12, 0.013239565339651739, 0.9999123531138204, 7.731509876762743e-12, 0.0, 0.0, 0.0, 1.0]}, {"left_foot_pose": [1.0000000000000004, -9.893612359920533e-14, 1.0184852961003802e-11, -1.9138232927435386e-12, 2.403049963753761e-14, 0.9999727178721903, 0.007386711806051787, 1.989779868649677e-13, -1.0185537391745054e-11, -0.0073867118060520565, 0.9999727178721906, 2.3757454337136608e-11, 0.0, 0.0, 0.0, 1.0], "right_foot_pose": [0.9999999999999998, 2.4567422930632884e-13, 1.0160094987554656e-11, -1.6032925250676416e-12, -8.89798801107756e-14, 0.9998811775537972, -0.015415277280410528, -0.14000000000241378, -1.0162770328457907e-11, 0.015415277280410346, 0.999881177553797, 1.8525563028060077e-11, 0.0, 0.0, 0.0, 1.0]}, {"left_foot_pose": [1.0000000000000007, -9.770031947132162e-14, 1.7846391031639548e-11, -3.2909810685559956e-12, 2.0226823359805934e-14, 0.9999904969551515, 0.004359587066459218, 9.53568821127071e-13, -1.7846878681874847e-11, -0.00435958706645949, 0.9999904969551519, 4.074762749439742e-11, 0.0, 0.0, 0.0, 1.0], "right_foot_pose": [1.0, 5.057410931767386e-13, 1.7833012844192805e-11, -2.8919761624560643e-12, -1.7670182127540824e-13, 0.9998298990121071, -0.018443780562558774, -0.14000000000360552, -1.783937684086354e-11, 0.01844378056255859, 0.9998298990121071, 3.362726763711521e-11, 0.0, 0.0, 0.0, 1.0]}, {"left_foot_pose": [1.0000000000000004, 3.6199474277386226e-15, 2.740335736106659e-11, -4.997754537104984e-12, -1.6990988808195896e-14, 0.9999998749957851, 0.0005000084147121078, 2.1181025683381094e-12, -2.7403528890607973e-11, -0.0005000084147123783, 0.9999998749957852, 6.193732332571145e-11, 0.0, 0.0, 0.0, 1.0], "right_foot_pose": [0.9999999999999998, 9.29956569906773e-13, 2.7425894888466467e-11, -4.527445264463424e-12, -3.17911007840094e-13, 0.9997511853809613, -0.022306217280453, -0.1400000000048486, -2.743982489928266e-11, 0.022306217280452817, 0.9997511853809612, 5.2725879218229466e-11, 0.0, 0.0, 0.0, 1.0]}, {"left_foot_pose": [1.0000000000000004, 2.734658317426182e-13, 3.893507738439439e-11, -7.048835215743536e-12, -1.1036390245819967e-13, 0.9999912617268123, -0.004180486816021582, 3.778366508555564e-12, -3.893631236941826e-11, 0.00418048681602131, 0.9999912617268124, 8.764538400596322e-11, 0.0, 0.0, 0.0, 1.0], "right_foot_pose": [1.0, 1.590230310873669e-12, 3.902944634148752e-11, -6.530273806677314e-12, -5.361278700115445e-13, 0.9996356540934428, -0.026991833305185974, -0.1400000000060653, -3.90583725481969e-11, 0.026991833305185797, 0.9996356540934427, 7.598237317107959e-11, 0.0, 0.0, 0.0, 1.0]}, {"left_foot_pose": [1.0000000000000002, 8.008865427276562e-13, 5.2760074087387914e-11, -9.500301972058042e-12, -2.894438218300521e-13, 0.9999530823881881, -0.009686744673120837, 6.075487335444052e-12, -5.276552841248833e-11, 0.009686744673120569, 0.9999530823881881, 1.187486498022139e-10, 0.0, 0.0, 0.0, 1.0], "right_foot_pose": [1.0, 2.588003485694234e-12, 5.2980231313171076e-11, -8.964547880030092e-12, -8.643921594029005e-13, 0.9994715261394482, -0.03250643684691269, -0.14000000000717783, -5.303641331030571e-11, 0.03250643684691251, 0.9994715261394483, 1.040556529829928e-10, 0.0, 0.0, 0.0, 1.0]}, {"left_foot_pose": [1.0000000000000004, 1.7092468664150568e-12, 6.941680563699035e-11, -1.2446222230020796e-11, -5.950282408287101e-13, 0.9998713003864417, -0.01604315005001367, 9.218880867023493e-12, -6.943546361398663e-11, 0.0160431500500134, 0.9998713003864415, 1.566743262904069e-10, 0.0, 0.0, 0.0, 1.0], "right_foot_pose": [1.0, 4.067806518892146e-12, 6.984041123203608e-11, -1.1935943828328668e-11, -1.3495971625073348e-12, 0.9992440583381198, -0.0388755948631545, -0.14000000000808574, -6.994582280892659e-11, 0.03887559486315433, 0.9992440583381201, 1.3807602283755216e-10, 0.0, 0.0, 0.0, 1.0]}, {"left_foot_pose": [1.0000000000000004, 3.1746420089219703e-12, 8.96493435043055e-11, -1.601630024441201e-11, -1.085084493792321e-12, 0.9997286399962192, -0.02329477132986974, 1.350211609185692e-11, -8.969923731234404e-11, 0.023294771329869467, 0.9997286399962193, 2.034243329340768e-10, 0.0, 0.0, 0.0, 1.0], "right_foot_pose": [0.9999999999999996, 6.235983273030422e-12, 9.0388307949496e-11, -1.5591381081164303e-11, -2.0582437920860433e-12, 0.9989347133014771, -0.04614584012991381, -0.14000000000863852, -9.057979941593907e-11, 0.046145840129913636, 0.998934713301477, 1.7963122656006192e-10, 0.0, 0.0, 0.0, 1.0]}, {"left_foot_pose": [1.0000000000000002, 5.453781034286574e-12, 1.144860872770436e-10, -2.0390241916342912e-11, -1.843610476614392e-12, 0.9995035274495626, -0.031507120082326846, 1.9337718926148995e-11, -1.146011801410821e-10, 0.031507120082326576, 0.9995035274495626, 2.6183451934391755e-10, 0.0, 0.0, 0.0, 1.0], "right_foot_pose": [0.9999999999999998, 9.392748322102718e-12, 1.1570183700015942e-10, -2.0135493496883995e-11, -3.0864170015725988e-12, 0.9985200672805568, -0.05438451285092745, -0.14000000000860827, -1.1604140453971992e-10, 0.05438451285092727, 0.9985200672805565, 2.3095331203037972e-10, 0.0, 0.0, 0.0, 1.0]}, {"left_foot_pose": [1.0000000000000004, 8.920993338061519e-12, 1.4524886848832337e-10, -2.580030045317909e-11, -2.9921396506699545e-12, 0.9991687535269508, -0.04076520545024049, 2.7285526268960858e-11, -1.4549204409369906e-10, 0.0407652054502402, 0.999168753526951, 3.357331565534416e-10, 0.0, 0.0, 0.0, 1.0], "right_foot_pose": [0.9999999999999999, 1.39719919388903e-11, 1.4717599361446782e-10, -2.5836093951182875e-11, -4.571580195354469e-12, 0.997970438332524, -0.0636789149906782, -0.14000000000764193, -1.4776698833965901e-10, 0.06367891499067801, 0.9979704383325241, 2.9498277431816433e-10, 0.0, 0.0, 0.0, 1.0]}, {"left_foot_pose": [1.0000000000000007, 1.4114890203716116e-11, 1.8354456843283605e-10, -3.253268056926679e-11, -4.703748194173274e-12, 0.998689863220691, -0.051171838937433184, 3.807317655590836e-11, -1.8402639351650053e-10, 0.0511718389374329, 0.9986898632206911, 4.3013964612370614e-10, 0.0, 0.0, 0.0, 1.0], "right_foot_pose": [0.9999999999999998, 2.0591325594127376e-11, 1.865219090291247e-10, -3.302737981715203e-11, -6.706846829885582e-12, 0.9972482348356116, -0.07413472949473027, -0.14000000000520227, -1.875352935711151e-10, 0.07413472949473009, 0.9972482348356119, 3.7542768199783083e-10, 0.0, 0.0, 0.0, 1.0]}, {"left_foot_pose": [1.0000000000000007, 2.1781132055921302e-11, 2.3110158231531805e-10, -4.090489910095762e-11, -7.214412384299362e-12, 0.9980233676950199, -0.06284391406247894, 5.2560539254287164e-11, -2.3201366872701964e-10, 0.06284391406247865, 0.9980233676950202, 5.512307971189401e-10, 0.0, 0.0, 0.0, 1.0], "right_foot_pose": [0.9999999999999998, 3.0094927057492436e-11, 2.3561114170789195e-10, -4.208620536037988e-11, -9.751208379284467e-12, 0.9963061418803467, -0.08587241496253831, -0.14000000000050333, -2.373252915637388e-10, 0.08587241496253814, 0.9963061418803466, 4.765575989384985e-10, 0.0, 0.0, 0.0, 1.0]}, {"left_foot_pose": [1.0000000000000007, 3.2891818571207056e-11, 2.894764428162938e-10, -5.1226832584011375e-11, -1.0824587326648368e-11, 0.9971152413088911, -0.07590253980936851, 7.160689229068762e-11, -2.9113813235464223e-10, 0.0759025398093682, 0.9971152413088913, 7.061446011258354e-10, 0.0, 0.0, 0.0, 1.0], "right_foot_pose": [0.9999999999999998, 4.3569738412883347e-11, 2.9618674179943107e-10, -5.338361116854615e-11, -1.4027928016562599e-11, 0.995085701513227, -0.09901740576246752, -0.13999999999248017, -2.990455099472349e-10, 0.09901740576246733, 0.995085701513227, 6.027911295114485e-10, 0.0, 0.0, 0.0, 1.0]}, {"left_foot_pose": [1.0000000000000004, 4.849739406691458e-11, 3.5882757876137734e-10, -6.360983134132012e-11, -1.5843308944083128e-11, 0.9959012498314329, -0.09044722540902539, 9.55450839973393e-11, -3.617435084534952e-10, 0.09044722540902508, 0.995901249831433, 9.006373494213626e-10, 0.0, 0.0, 0.0, 1.0], "right_foot_pose": [1.0, 6.215879768911891e-11, 3.686051464057979e-10, -6.705852718478564e-11, -1.9854953928360545e-11, 0.9935180837090184, -0.11367417183846101, -0.1399999999799057, -3.732819233861794e-10, 0.11367417183846085, 0.9935180837090184, 7.563916576414087e-10, 0.0, 0.0, 0.0, 1.0]}, {"left_foot_pose": [1.0000000000000007, 6.892490571148316e-11, 4.339391623808796e-10, -7.730702042670175e-11, -2.232053602503888e-11, 0.994313307871838, -0.10649434627699479, 1.2253599870892806e-10, -4.388117553221034e-10, 0.10649434627699447, 0.9943133078718384, 1.1293190688155264e-09, 0.0, 0.0, 0.0, 1.0], "right_foot_pose": [0.9999999999999997, 8.609830942343327e-11, 4.477026527283097e-10, -8.225255139570386e-11, -2.7228706905191362e-11, 0.9915318143522364, -0.12986401013122284, -0.1399999999621066, -4.5509276245728354e-10, 0.12986401013122267, 0.9915318143522363, 9.291775682207515e-10, 0.0, 0.0, 0.0, 1.0]}, {"left_foot_pose": [1.0000000000000004, 9.099523776334874e-11, 4.936763220442214e-10, -8.886731477607829e-11, -2.9158026130993786e-11, 0.992302316186934, -0.1238390620525165, 1.4442621057431104e-10, -5.011451092423088e-10, 0.12383906205251624, 0.9923023161869341, 1.3450831629069349e-09, 0.0, 0.0, 0.0, 1.0], "right_foot_pose": [1.0, 1.1143498900848927e-10, 5.117047341407493e-10, -9.501538798916719e-11, -3.4800433563834064e-11, 0.9890792128357118, -0.14738490674519197, -0.13999999994150072, -5.225402442848053e-10, 0.14738490674519178, 0.9890792128357117, 1.0788122964400237e-09, 0.0, 0.0, 0.0, 1.0]}, {"left_foot_pose": [1.0000000000000007, 1.0236014275330254e-10, 4.863974778501738e-10, -8.928572981944768e-11, -3.2394451077428294e-11, 0.989906802449757, -0.14171987321366988, 1.417615642929082e-10, -4.95994772499332e-10, 0.14171987321366955, 0.9899068024497574, 1.4035043197080377e-09, 0.0, 0.0, 0.0, 1.0], "right_foot_pose": [0.9999999999999999, 1.234872159750408e-10, 5.065405317417054e-10, -9.521413558397812e-11, -3.7967405778222856e-11, 0.9862147536696121, -0.16547041924279585, -0.13999999992883977, -5.199912118644229e-10, 0.16547041924279568, 0.9862147536696121, 1.0912231604431888e-09, 0.0, 0.0, 0.0, 1.0]}, {"left_foot_pose": [1.0000000000000004, 1.2612464881147663e-10, 5.439710903942773e-10, -4.4016753744261334e-10, -3.805733554353457e-11, 0.9872868330863519, -0.15894876285873613, -3.3112144033620172e-09, -5.571028854468966e-10, 0.15894876285873585, 0.9872868330863521, 0.0008870664058381189, 0.0, 0.0, 0.0, 1.0], "right_foot_pose": [0.9999999999999999, 1.0347993215991127e-10, 3.8692232751102954e-10, -6.226948555446812e-11, -3.1273944505287227e-11, 0.9832721712695724, -0.1821423542365175, -0.1400000000676287, -3.992980881243994e-10, 0.18214235423651734, 0.9832721712695722, 7.293553330733893e-10, 0.0, 0.0, 0.0, 1.0]}, {"left_foot_pose": [1.0000000000000004, 2.0527233049742278e-10, 7.883401154096211e-10, -2.16556433784266e-09, -6.047686267716429e-11, 0.9837681361940682, -0.17944429277424762, -1.3421761292653489e-08, -8.123790362650376e-10, 0.17944429277424734, 0.9837681361940686, 0.00774001810703491, 0.0, 0.0, 0.0, 1.0], "right_foot_pose": [0.9999999999999998, 7.165219461941022e-11, 2.495930129242648e-10, 1.3487551239350323e-11, -2.132347204131066e-11, 0.9805897133547893, -0.19607094140329062, -0.1400000002489194, -2.587973365558292e-10, 0.19607094140329048, 0.9805897133547892, 4.6111810203530723e-10, 0.0, 0.0, 0.0, 1.0]}, {"left_foot_pose": [1.0000000000000004, 2.6737521705487665e-10, 9.080168839048448e-10, -2.9463650525823476e-09, -7.792263876960584e-11, 0.9792737981314965, -0.20254092992063208, -1.6360768392842395e-08, -9.43351538142546e-10, 0.2025409299206318, 0.9792737981314965, 0.01850128121071415, 0.0, 0.0, 0.0, 1.0], "right_foot_pose": [1.0, 3.746075740397699e-11, 1.2398304605198952e-10, 5.347405900986082e-11, -1.1042692102737438e-11, 0.9784336776983239, -0.2065612217860185, -0.14000000025989642, -1.2904724228048222e-10, 0.20656122178601832, 0.9784336776983238, 3.1979711240248676e-10, 0.0, 0.0, 0.0, 1.0]}, {"left_foot_pose": [1.0000000000000004, 2.2610070799205723e-10, 6.931409335386678e-10, -2.422283933537299e-09, -6.43746613911082e-11, 0.9743675988496769, -0.22496173521716115, -1.1527647770376293e-08, -7.262382088417488e-10, 0.22496173521716087, 0.974367598849677, 0.02971036202889841, 0.0, 0.0, 0.0, 1.0], "right_foot_pose": [1.0, 1.0931393957038082e-11, 3.4963865136461384e-11, 5.100840862925073e-11, -3.226607115542559e-12, 0.9770136235798762, -0.21317687336885294, -0.14000000014347463, -3.649060208342768e-11, 0.21317687336885277, 0.9770136235798763, 1.6790933227150973e-10, 0.0, 0.0, 0.0, 1.0]}, {"left_foot_pose": [1.0000000000000007, 5.1129848750716675e-11, 1.4880813248296843e-10, -6.971257444584911e-10, -1.3835183255198479e-11, 0.9706410830730444, -0.24053250892714703, -2.8775304153350056e-09, -1.5673771747983753e-10, 0.24053250892714675, 0.9706410830730448, 0.03790676644713666, 0.0, 0.0, 0.0, 1.0], "right_foot_pose": [0.9999999999999998, 6.374900389106198e-14, 1.987299214078997e-14, 2.3817633192413244e-11, -5.793514638683887e-14, 0.9764915222345364, -0.2155558094881189, -0.1400000000092255, -3.3240957743524044e-14, 0.2155558094881187, 0.9764915222345363, 3.128236558680442e-11, 0.0, 0.0, 0.0, 1.0]}, {"left_foot_pose": [1.0000000000000004, 1.7470751061580093e-11, 5.007855241601048e-11, 6.725997343202024e-12, -4.866260536491642e-12, 0.9704327811640654, -0.24137153362022198, 2.8171926597098107e-11, -5.281506083165403e-11, 0.24137153362022176, 0.9704327811640656, 0.040000000085313396, 0.0, 0.0, 0.0, 1.0], "right_foot_pose": [0.9999999999999998, 1.0167239823660789e-11, 3.2337965638617964e-11, -1.9323768171493634e-12, -3.033192134717375e-12, 0.9769719664141493, -0.2133677033687872, -0.13999999998917032, -3.376272667743619e-11, 0.21336770336878702, 0.9769719664141491, 6.050969447723986e-11, 0.0, 0.0, 0.0, 1.0]}, {"left_foot_pose": [1.0000000000000002, 6.454881185937918e-11, 1.900137269750235e-10, 5.119769909090478e-12, -1.8414718159677004e-11, 0.9723788007229002, -0.23340837153944474, 9.516794644004456e-11, -1.9983181701006124e-10, 0.2334083715394445, 0.9723788007229002, 0.04000000033330392, 0.0, 0.0, 0.0, 1.0], "right_foot_pose": [0.9999999999999998, 3.722328463980699e-11, 1.222871803818746e-10, -1.4698405673719495e-11, -1.1119376232775576e-11, 0.9783666688795485, -0.20687837302515655, -0.13999999996672066, -1.2734243611827021e-10, 0.2068783730251564, 0.9783666688795485, 2.439256435726733e-10, 0.0, 0.0, 0.0, 1.0]}, {"left_foot_pose": [1.0000000000000002, 1.386576753300133e-10, 4.311102586029823e-10, -4.300730948307331e-12, -4.034583301748146e-11, 0.9754656944910215, -0.22015149073115517, 2.023656867078394e-10, -4.5105921068942344e-10, 0.22015149073115492, 0.9754656944910216, 0.04000000075621845, 0.0, 0.0, 0.0, 1.0], "right_foot_pose": [1.0, 7.967913210967869e-11, 2.759112383010627e-10, -3.8674819423297785e-11, -2.4020560384809428e-11, 0.9805803000829287, -0.1961180131687903, -0.13999999993419643, -2.861796547160568e-10, 0.19611801316879013, 0.9805803000829287, 5.574396153007477e-10, 0.0, 0.0, 0.0, 1.0]}, {"left_foot_pose": [1.0000000000000004, 4.2118121972846953e-10, 1.4431539852033311e-09, -1.1031162657736484e-09, -1.2667645595855527e-10, 0.980146282805764, -0.19827572797002843, -5.927854457299375e-09, -1.4980122870139042e-09, 0.19827572797002815, 0.9801462828057643, 0.03803523962327662, 0.0, 0.0, 0.0, 1.0], "right_foot_pose": [0.9999999999999998, 1.3956156647420772e-10, 5.237539291158548e-10, -9.291404687058414e-11, -4.2614944605685283e-11, 0.9835359823757523, -0.1807123996082287, -0.1400000001441336, -5.403512716867957e-10, 0.18071239960822857, 0.9835359823757522, 1.0087645996303962e-09, 0.0, 0.0, 0.0, 1.0]}, {"left_foot_pose": [1.0000000000000002, 5.696716268166637e-10, 2.3536090854037085e-09, -2.9494703387813864e-09, -1.770891102885897e-10, 0.9865364844083474, -0.16354132484243686, -1.6148161110368653e-08, -2.415086328841994e-09, 0.16354132484243666, 0.9865364844083474, 0.02995139085589204, 0.0, 0.0, 0.0, 1.0], "right_foot_pose": [0.9999999999999998, 2.0140661737340855e-10, 8.508500570769673e-10, -1.4522944660416168e-10, -6.253997651479951e-11, 0.9870920744470347, -0.16015379035118146, -0.14000000048946717, -8.721235332701532e-10, 0.16015379035118132, 0.9870920744470343, 1.7239549371383944e-09, 0.0, 0.0, 0.0, 1.0]}, {"left_foot_pose": [1.0000000000000004, 4.5949972783593406e-10, 2.486195915807335e-09, -3.268328523118966e-09, -1.4759713089124735e-10, 0.9922788951877447, -0.12402658652478317, -1.9828264273547003e-08, -2.523990109982412e-09, 0.1240265865247829, 0.9922788951877449, 0.01877344163615441, 0.0, 0.0, 0.0, 1.0], "right_foot_pose": [1.0000000000000002, 2.462225821892885e-10, 1.2343802646697087e-09, -2.0201406663957894e-10, -7.790194022348843e-11, 0.9909072575224035, -0.1345466721603682, -0.14000000072246313, -1.2562848833825386e-09, 0.134546672160368, 0.9909072575224033, 2.5771319245304625e-09, 0.0, 0.0, 0.0, 1.0]}, {"left_foot_pose": [1.0000000000000007, 2.898265121565835e-10, 2.2784509279283277e-09, -2.361967122637895e-09, -9.578241802361327e-11, 0.9964058539255862, -0.08470758090527741, -1.5360887759691133e-08, -2.2948125484664984e-09, 0.08470758090527712, 0.9964058539255866, 0.007961887194530927, 0.0, 0.0, 0.0, 1.0], "right_foot_pose": [0.9999999999999999, 2.5417459041922913e-10, 1.641250690909145e-09, -2.763428440825423e-10, -8.188332354848982e-11, 0.9945633175004897, -0.10413360400187958, -0.14000000071686317, -1.658795937195947e-09, 0.10413360400187943, 0.9945633175004897, 3.4247972999223997e-09, 0.0, 0.0, 0.0, 1.0]}, {"left_foot_pose": [1.0000000000000004, 1.4722410762986579e-10, 2.0850432491670265e-09, -8.62282174065833e-10, -4.930686812115292e-11, 0.9989003441808182, -0.04688392470179689, -5.206631193896416e-09, -2.0896529263011198e-09, 0.04688392470179662, 0.9989003441808185, 0.0009772252723485517, 0.0, 0.0, 0.0, 1.0], "right_foot_pose": [0.9999999999999999, 2.0534239701163077e-10, 1.9786484672934522e-09, -3.5385853377235137e-10, -6.71759620976173e-11, 0.9975765721974951, -0.06957717012566644, -0.14000000037688357, -1.9881406710832104e-09, 0.06957717012566628, 0.9975765721974953, 4.044989142248934e-09, 0.0, 0.0, 0.0, 1.0]}, {"left_foot_pose": [1.0000000000000004, 3.0737963280350614e-11, 2.085278283381342e-09, -3.036609245295806e-10, -1.016529915192079e-11, 0.9999513417583304, -0.009864791721846403, 3.8546585888477036e-10, -2.085480245402754e-09, 0.009864791721846131, 0.9999513417583306, 4.352699332910159e-09, 0.0, 0.0, 0.0, 1.0], "right_foot_pose": [0.9999999999999998, 1.0262368124656031e-10, 2.0978750403521924e-09, -3.810516826229309e-10, -3.399222498960378e-11, 0.9994655854675002, -0.03268858311562367, -0.14000000015918299, -2.1001087009279553e-09, 0.032688583115623504, 0.9994655854675003, 4.281975829467655e-09, 0.0, 0.0, 0.0, 1.0]}, {"left_foot_pose": [1.0000000000000002, -7.890257262805352e-11, 1.960300144432383e-09, -3.0444948932784283e-10, 2.5893514789814703e-11, 0.999634710438405, 0.027026758716635776, 2.1896036719870615e-10, -1.961716781507615e-09, -0.027026758716636044, 0.999634710438405, 3.995039979387549e-09, 0.0, 0.0, 0.0, 1.0], "right_foot_pose": [0.9999999999999999, -1.2033935982127249e-11, 1.9524924455005532e-09, -3.730446701866475e-10, 3.812396936531105e-12, 0.9999911347086385, 0.004210760516782027, -0.14000000028819928, -1.9525259057560165e-09, -0.004210760516782207, 0.9999911347086383, 4.115088853007265e-09, 0.0, 0.0, 0.0, 1.0]}, {"left_foot_pose": [1.0000000000000007, -1.452016635872405e-10, 1.5879956238862323e-09, -2.648322251265008e-10, 4.7336186989310956e-11, 0.9981098135793557, 0.061455675381403126, 6.914289626958059e-11, -1.5939176679647713e-09, -0.061455675381403396, 0.998109813579356, 3.213031063431515e-09, 0.0, 0.0, 0.0, 1.0], "right_foot_pose": [0.9999999999999997, -8.992325927336945e-11, 1.567033947047492e-09, -3.2264678290975654e-10, 2.945408294896832e-11, 0.9992568388943333, 0.038545686177634486, -0.140000000325459, -1.5693355513324963e-09, -0.03854568617763467, 0.999256838894333, 3.457647786142548e-09, 0.0, 0.0, 0.0, 1.0]}, {"left_foot_pose": [1.0000000000000004, -1.5526143288394036e-10, 1.1437328861774207e-09, -1.0733347846910811e-10, 5.0180759248741534e-11, 0.9958226640695952, 0.09130838803382244, 4.6295788383443615e-10, -1.1531320584795473e-09, -0.0913083880338227, 0.995822664069595, 2.3184897821049155e-09, 0.0, 0.0, 0.0, 1.0], "right_foot_pose": [0.9999999998914706, -1.4696872521938185e-05, -1.0295647610569012e-06, 0.0002946526720512879, 1.4732889780703309e-05, 0.997578554939257, 0.06954873477099088, -0.14000072814928297, 4.922837434211812e-09, -0.06954873477861144, 0.9975785550475179, 0.0034053737476213916, 0.0, 0.0, 0.0, 1.0]}, {"left_foot_pose": [1.0000000000000007, -1.2898852840863233e-10, 7.494024845122764e-10, 1.3932228954827393e-11, 4.121975888259975e-11, 0.9932541615365469, 0.11595762411472647, 5.793390194658299e-10, -7.593045565841474e-10, -0.11595762411472672, 0.993254161536547, 1.5819916626691466e-09, 0.0, 0.0, 0.0, 1.0], "right_foot_pose": [0.9999999981965827, -5.975649233849333e-05, -5.9996208996989265e-06, 0.001201120939903759, 6.005691946244178e-05, 0.9950239729165624, 0.09963578531083167, -0.14000298814446893, 1.588158187495109e-08, -0.09963578549146575, 0.9950239747109101, 0.012528597161443264, 0.0, 0.0, 0.0, 1.0]}, {"left_foot_pose": [1.0000000000000004, -8.642786366012137e-11, 4.3114228853724693e-10, 6.206439831163945e-11, 2.7329919831063078e-11, 0.9908139340046387, 0.1352322009813205, 4.5693943247215874e-10, -4.3886995936249664e-10, -0.1352322009813207, 0.9908139340046388, 9.47657972927285e-10, 0.0, 0.0, 0.0, 1.0], "right_foot_pose": [0.9999999914816214, -0.00012943091925353686, -1.6863974245772307e-05, 0.0026104621545355684, 0.00013052492333108094, 0.9916476587608499, 0.12897636929829148, -0.14000651162573577, 2.959053788162946e-08, -0.1289763704007911, 0.9916476672075808, 0.023931663948853744, 0.0, 0.0, 0.0, 1.0]}, {"left_foot_pose": [1.0000000000000007, -4.31428733905584e-11, 1.952043526820555e-10, 5.051641547711612e-11, 1.3562325902008021e-11, 0.9888269054291701, 0.14906827663648645, 2.1914729319422177e-10, -1.9945494324434795e-10, -0.1490682766364867, 0.9888269054291704, 4.2574516134763485e-10, 0.0, 0.0, 0.0, 1.0], "right_foot_pose": [0.9999999756678248, -0.00021792824248701651, -3.4229086802282586e-05, 0.004411943754872596, 0.0002205999712687086, 0.9879196686399648, 0.1549667049722436, -0.14001102158062975, 4.3966432648584374e-08, -0.1549667087525024, 0.9879196926766949, 0.03415408148459312, 0.0, 0.0, 0.0, 1.0]}, {"left_foot_pose": [1.0000000000000004, -1.1327883008710343e-11, 4.818007104390199e-11, -1.6809978019870491e-12, 3.6052633120005192e-12, 0.9875407000453015, 0.15736380064689726, 2.1872894120922304e-11, -4.936242112197435e-11, -0.15736380064689748, 0.9875407000453019, 1.193489473916287e-10, 0.0, 0.0, 0.0, 1.0], "right_foot_pose": [0.9999999472703793, -0.00031991397346387934, -5.580580990499363e-05, 0.006494831986421528, 0.00032474487800341077, 0.9851531311943383, 0.17167761251472133, -0.14001623621204434, 5.5201192157571204e-08, -0.17167762158487704, 0.9851531831380117, 0.03973535138519665, 0.0, 0.0, 0.0, 1.0]}, {"left_foot_pose": [1.0000000000000007, -2.825919764154707e-13, 4.700129174750654e-13, -5.020527612753811e-12, 2.0396113137421393e-13, 0.9870947681628571, 0.1601371870163703, 7.68123151889677e-12, -5.095271256951277e-13, -0.1601371870163705, 0.9870947681628574, 4.343127940620306e-11, 0.0, 0.0, 0.0, 1.0], "right_foot_pose": [0.9999999043307795, -0.0004306208586440545, -7.68381925247938e-05, 0.00874837983096412, 0.0004374224824822309, 0.9844744871690759, 0.17552718528694206, -0.1400218708063972, 5.957293708463976e-08, -0.1755272021051462, 0.9844745813484143, 0.04000000074964862, 0.0, 0.0, 0.0, 1.0]}, {"left_foot_pose": [1.0000000000000002, -9.412822123857875e-12, 3.946798443621465e-11, 3.456432801410998e-12, 3.0689776953736935e-12, 0.9874783475181419, 0.15775459797685892, 7.77845843291658e-12, -4.0458991480842644e-11, -0.15775459797685917, 0.9874783475181421, 1.2469576066154175e-10, 0.0, 0.0, 0.0, 1.0], "right_foot_pose": [0.9999998470423616, -0.0005447864453447713, -9.551430449277847e-05, 0.011061853568425302, 0.0005530960585269504, 0.9849943247622445, 0.17258584609092426, -0.14002765453082672, 5.8618250173800854e-08, -0.17258587252118635, 0.9849944754190745, 0.04000000074573105, 0.0, 0.0, 0.0, 1.0]}, {"left_foot_pose": [1.0000000000000004, -3.746120880506244e-11, 1.6761658727659853e-10, -2.2626052557606256e-11, 1.1863274085552681e-11, 0.9886580404199135, 0.15018415067195884, 3.1693367548435436e-11, -1.7134177594230867e-10, -0.15018415067195903, 0.9886580404199137, 3.915248680819161e-10, 0.0, 0.0, 0.0, 1.0], "right_foot_pose": [0.9999997780695512, -0.000657311989831787, -0.00010863607237237552, 0.013324519742648725, 0.0006662288236344799, 0.9866285824878868, 0.1629834235653959, -0.14003331052735435, 5.249563857558192e-08, -0.16298345977089446, 0.986628801445157, 0.03988109051515306, 0.0, 0.0, 0.0, 1.0]}, {"left_foot_pose": [1.0000000000000009, -8.203902008772403e-11, 4.032048028790331e-10, -1.4711575517390737e-10, 2.6018901591722885e-11, 0.9905684467156626, 0.13701880298455557, 3.016857961363195e-10, -4.106431674358057e-10, -0.13701880298455577, 0.990568446715663, 9.491588001675488e-10, 0.0, 0.0, 0.0, 1.0], "right_foot_pose": [0.9999997025604862, -0.0007635446817404201, -0.00010898833834931866, 0.015425637967693627, 0.0007712839537474606, 0.9899727651270918, 0.14125625447279275, -0.14003855501843177, 4.00248169202977e-08, -0.14125629651855784, 0.9899730595798351, 0.03483625910400389, 0.0, 0.0, 0.0, 1.0]}, {"left_foot_pose": [1.0000000000000004, -1.2695345827840423e-10, 7.222933917638868e-10, -2.515971128099042e-10, 4.0685811602846305e-11, 0.9929893409182088, 0.11820392896525066, 5.709266505740662e-10, -7.322364535104607e-10, -0.1182039289652509, 0.9929893409182088, 1.711096396517231e-09, 0.0, 0.0, 0.0, 1.0], "right_foot_pose": [0.9999996278527434, -0.0008574351376883628, -9.53905581290092e-05, 0.017254471737059487, 0.0008627249696669814, 0.9938713221717939, 0.11053981486377042, -0.14004312051719703, 2.5218752467942008e-08, -0.11053985602249816, 0.9938716920360116, 0.024865297244766556, 0.0, 0.0, 0.0, 1.0]}, {"left_foot_pose": [1.0000000000000007, -1.5476373610803168e-10, 1.1053509774150458e-09, -3.45742670543811e-10, 5.022453501809313e-11, 0.9955763045320719, 0.09395648915463106, 7.029937049152224e-10, -1.1150025298705153e-09, -0.09395648915463131, 0.9955763045320719, 2.565094719964023e-09, 0.0, 0.0, 0.0, 1.0], "right_foot_pose": [0.9999995628730005, -0.0009322437686125745, -7.194000186754764e-05, 0.018700292320270602, 0.0009350154051361711, 0.9970362824822457, 0.07692708989800551, -0.14004673496717074, 1.1991828807363768e-08, -0.07692712353610764, 0.997036718313052, 0.01342870443765816, 0.0, 0.0, 0.0, 1.0]}, {"left_foot_pose": [1.0000000000000004, -1.454249252811192e-10, 1.505008673241551e-09, -4.220489267081949e-10, 4.7734106714204974e-11, 0.9979042300564414, 0.06470817286449959, 5.853425331242557e-10, -1.5112648159271781e-09, -0.06470817286449985, 0.9979042300564415, 3.399048591201659e-09, 0.0, 0.0, 0.0, 1.0], "right_foot_pose": [0.9999995172303153, -0.0009817067712298724, -4.231962876016192e-05, 0.01965236508191309, 0.000982618509723316, 0.9990717606306609, 0.043065665804858745, -0.14004912129905112, 2.490286430411577e-09, -0.043065686598111594, 0.9990722429523469, 0.00398697299635993, 0.0, 0.0, 0.0, 1.0]}, {"left_foot_pose": [1.0000000000000004, -8.361152623415128e-11, 1.7673170704668471e-09, -4.075052793749706e-10, 2.7648855990997255e-11, 0.9994992722835058, 0.031641818922803294, 1.3192859825428283e-10, -1.7690778672822767e-09, -0.031641818922803565, 0.9994992722835061, 3.928986296031223e-09, 0.0, 0.0, 0.0, 1.0], "right_foot_pose": [0.9999995000025119, -0.0009999554221877538, -9.158582707330331e-06, 0.019999950355701932, 0.000999997362994993, 0.9999575431213733, 0.009160347151768663, -0.14005000005519952, -1.7449411730689993e-09, -0.009160351730176835, 0.9999580430978989, 6.229157339318614e-07, 0.0, 0.0, 0.0, 1.0]}, {"left_foot_pose": [1.0000000000000002, 7.875078654767212e-12, 1.8051704575583474e-09, -5.236534870474651e-10, -2.397241127246769e-12, 0.9999953964316279, -0.003034322914874953, 2.2981925217047117e-10, -1.8051859703617158e-09, 0.0030343229148746833, 0.9999953964316282, 4.158460270575759e-09, 0.0, 0.0, 0.0, 1.0], "right_foot_pose": [0.9999995000000645, -0.0009996741186856241, 2.552013177781756e-05, 0.019999999855349847, 0.0009999998103463002, 0.9996738547252169, -0.025518310665195342, -0.14005000025418193, -1.8137828659179583e-09, 0.025518323426168412, 0.9996743545622833, 4.097816537484977e-09, 0.0, 0.0, 0.0, 1.0]}, {"left_foot_pose": [1.0000000000000004, 8.705674832474766e-11, 1.5939993769364934e-09, -5.262715023381919e-10, -2.8278774755636793e-11, 0.9993212783628481, -0.03683724489214173, 2.8807605259584257e-10, -1.5961246418614255e-09, 0.03683724489214147, 0.999321278362848, 3.877031959365063e-09, 0.0, 0.0, 0.0, 1.0], "right_foot_pose": [0.9999995000000883, -0.000998232677731843, 5.942301208906038e-05, 0.019999999799753847, 0.000999999786627424, 0.9982324879277967, -0.059421377011205145, -0.14005000012756957, -1.6209096392237888e-09, 0.05942140672352113, 0.9982329870441059, 3.6092792851660782e-09, 0.0, 0.0, 0.0, 1.0]}, {"left_foot_pose": [0.9999999999842408, -5.600915179336879e-06, 3.859269983587046e-07, 0.00011189011731447466, 5.614191304914673e-06, 0.9977172696924923, -0.06752962109948468, 5.2439362881531726e-08, -6.818351374874755e-09, 0.06752962110058683, 0.9977172697082134, 0.0006796229418073729, 0.0, 0.0, 0.0, 1.0], "right_foot_pose": [0.999999500000095, -0.0009959384764178301, 9.003394324803003e-05, 0.019999999928265438, 0.0009999997798723933, 0.9959383095725104, -0.09003268032381752, -0.14005000028638653, -1.242773141183838e-09, 0.09003272534140917, 0.9959388075417074, 2.8122778342187793e-09, 0.0, 0.0, 0.0, 1.0]}, {"left_foot_pose": [0.9999999978773312, -6.484725451150163e-05, 6.338140528085032e-06, 0.0012985510111117565, 6.51562562095674e-05, 0.9952974132218161, -0.09686617050665686, 6.369695773784934e-07, -2.6829659913967764e-08, 0.09686617071401125, 0.9952974153343332, 0.007194902941803097, 0.0, 0.0, 0.0, 1.0], "right_foot_pose": [0.999999500000089, -0.0009932525152278895, 0.00011596987948376251, 0.020000000153792476, 0.0009999997859766537, 0.9932523316537868, -0.115968985788201, -0.1400500005918153, -8.663764098986379e-10, 0.11596904377357294, 0.9932528282800118, 2.1065812011444862e-09, 0.0, 0.0, 0.0, 1.0]}, {"left_foot_pose": [0.9999999836468536, -0.00017939679299545155, 2.2871022217044856e-05, 0.0036042701331187553, 0.00018084880464788212, 0.9920083704915181, -0.12617194683634586, 1.7862519190309234e-06, -5.34028526560398e-08, 0.12617194890923433, 0.9920083867127555, 0.017822059377196962, 0.0, 0.0, 0.0, 1.0], "right_foot_pose": [0.9999995000000759, -0.0009905896902725534, 0.00013686366842103313, 0.020000000236145316, 0.0009999997991038576, 0.9905894677939404, -0.13686309325789772, -0.14005000058167036, -5.393015539547989e-10, 0.1368631616900022, 0.9905899630887728, 1.4345225146650264e-09, 0.0, 0.0, 0.0, 1.0]}, {"left_foot_pose": [0.9999999416484994, -0.00033752189982433903, 5.2744347038286876e-05, 0.0068083526770783605, 0.0003416181964710012, 0.9880464163923934, -0.1541562919609789, 3.391559796755983e-06, -8.273854369699552e-08, 0.15415630098415634, 0.9880464740420244, 0.029100592043685612, 0.0, 0.0, 0.0, 1.0], "right_foot_pose": [0.9999995000000613, -0.0009882897493871227, 0.00015258767519899498, 0.02000000020294279, 0.000999999813683117, 0.9882894822213396, -0.15258734983952396, -0.14005000037282922, -2.807832440170627e-10, 0.15258742613350498, 0.9882899763662243, 8.145560961847487e-10, 0.0, 0.0, 0.0, 1.0]}, {"left_foot_pose": [0.9999998561426875, -0.0005279632842133744, 9.470678596613524e-05, 0.010690109623877012, 0.0005363903363835101, 0.9843249343456341, -0.17636364679511266, 5.340367048307926e-06, -1.0872070073411841e-07, 0.1763636722237169, 0.9843250759376978, 0.03757000641259772, 0.0, 0.0, 0.0, 1.0], "right_foot_pose": [0.999999500000049, -0.0009866189139241775, 0.00016304223419655846, 0.02000000008803068, 0.0009999998257223973, 0.9866186089913314, -0.16304208166102122, -0.1400500001182501, -1.0077779461426496e-10, 0.16304216318219408, 0.9866191023008172, 3.382373547911044e-10, 0.0, 0.0, 0.0, 1.0]}, {"left_foot_pose": [0.9999997156737246, -0.0007409391238864431, 0.00014022013340537996, 0.015028848973458228, 0.0007540904825346941, 0.982590136631296, -0.18578496909716954, 7.513889742429697e-06, -1.2356780723969378e-07, 0.18578502201228891, 0.9825904159902431, 0.040000003081395986, 0.0, 0.0, 0.0, 1.0], "right_foot_pose": [0.9999995000000428, -0.0009857698352278147, 0.00016809966239473252, 0.019999999969880305, 0.0009999998322711644, 0.9857695094726195, -0.16809959605676336, -0.14005000001166898, -1.0634517395481151e-11, 0.16809968010660645, 0.9857700023575768, 1.5279032206105825e-10, 0.0, 0.0, 0.0, 1.0]}, {"left_foot_pose": [0.99999951622137, -0.0009665131182927501, 0.00018278243729726357, 0.019603856142231486, 0.0009836447585878764, 0.9826070017513996, -0.18569467561595596, 9.801348059265691e-06, -1.269627057140478e-07, 0.18569476557382616, 0.9826074770926929, 0.04000000324949684, 0.0, 0.0, 0.0, 1.0], "right_foot_pose": [0.9999995000000427, -0.000985779743144899, 0.00016804154943084697, 0.01999999998800467, 0.0009999998321650139, 0.985779417558559, -0.1680414827304384, -0.14005000002293772, -1.1039860407792722e-11, 0.16804156675122525, 0.9857799104484699, 1.3745766330730547e-10, 0.0, 0.0, 0.0, 1.0]}, {"left_foot_pose": [0.9999992631263082, -0.001194265500126161, 0.00021789161713866431, 0.024194441907139763, 0.0012139797474238498, 0.983777687724097, -0.17938781282295332, 1.209674394543614e-05, -1.202352856560879e-07, 0.1793879451528034, 0.9837784126183303, 0.04000000320100384, 0.0, 0.0, 0.0, 1.0], "right_foot_pose": [0.9999995000000488, -0.0009866221778181419, 0.00016302248497657666, 0.019999999992817635, 0.0009999998261852937, 0.9866218711379118, -0.1630223401643887, -0.14005000002239415, -9.287927963810983e-11, 0.16302242167568307, 0.9866223644490307, 2.927324979640211e-10, 0.0, 0.0, 0.0, 1.0]}, {"left_foot_pose": [0.9999989717905678, -0.0014152793626178567, 0.00023108901648563254, 0.028579914920930097, 0.001434021547111029, 0.9869406704445157, -0.16107779674658115, 1.4285126647164276e-05, -1.0106735148818031e-07, 0.16107796251149986, 0.9869416852039107, 0.03834044931883024, 0.0, 0.0, 0.0, 1.0], "right_foot_pose": [0.9999995000000621, -0.0009886846203475267, 0.0001500078222787577, 0.019999999877481654, 0.0009999998126282428, 0.988684356085402, -0.15000747992139932, -0.14005000018258124, -2.9884221326744195e-10, 0.15000755492546272, 0.9886848504277205, 7.232947990543082e-10, 0.0, 0.0, 0.0, 1.0]}, {"left_foot_pose": [0.9999986671487864, -0.001618155699213946, 0.00021742305484703862, 0.03253956389644907, 0.0016326973529191039, 0.9910981768880791, -0.1331230185523181, 1.6256207181472582e-05, -7.38221054862223e-08, 0.13312319610518702, 0.9910994978601976, 0.030546372621701227, 0.0, 0.0, 0.0, 1.0], "right_foot_pose": [0.9999995000000779, -0.000991033338532052, 0.0001336133065862937, 0.019999999744000588, 0.0009999997968893311, 0.9910331224251158, -0.13361268748413133, -0.14005000047304175, -5.84676346249784e-10, 0.13361275429107727, 0.9910336179417688, 1.3951847524507066e-09, 0.0, 0.0, 0.0, 1.0]}, {"left_foot_pose": [0.9999983819162341, -0.0017899924976331244, 0.0001791417676071156, 0.03585269630394757, 0.001798934382485449, 0.9950302067666756, -0.09955727726768826, 1.7909103953682448e-05, -4.469066889221447e-08, 0.09955743843995894, 0.9950318168034994, 0.01945463635923063, 0.0, 0.0, 0.0, 1.0], "right_foot_pose": [0.9999995000000916, -0.0009937363697497092, 0.00011174790315915875, 0.019999999641513163, 0.000999999783211476, 0.9937361935961528, -0.11174693524863825, -0.1400500006795847, -9.42163051718916e-10, 0.11174699112305964, 0.9937366904643015, 2.2088062767711136e-09, 0.0, 0.0, 0.0, 1.0]}, {"left_foot_pose": [0.9999981536108997, -0.001917601470169387, 0.00012481744365426016, 0.0382986233387892, 0.0019216593850686133, 0.9978871738522701, -0.06494224731511807, 1.9135380970820848e-05, -2.037716819227453e-08, 0.06494236726307216, 0.9978890163411306, 0.00852573648470182, 0.0, 0.0, 0.0, 1.0], "right_foot_pose": [0.9999995000000966, -0.0009964085807835684, 8.467287845149073e-05, 0.01999999956282236, 0.0009999997781013105, 0.9964084170752908, -0.08467152048922476, -0.14005000068835768, -1.3392236540264855e-09, 0.08467156282633222, 0.9964089152795385, 3.069185933179952e-09, 0.0, 0.0, 0.0, 1.0]}, {"left_foot_pose": [0.9999980203487076, -0.001988867757008232, 6.0858128113943546e-05, 0.0396566504820807, 0.001989798649763268, 0.9995302671600259, -0.030582441569331813, 1.9822950931332878e-05, -5.109085015894667e-09, 0.0305825021221827, 0.9995322458850175, 0.0012201687775326153, 0.0, 0.0, 0.0, 1.0], "right_foot_pose": [0.9999995000000863, -0.0009985924789499352, 5.303431195119895e-05, 0.019999999536148085, 0.000999999788628353, 0.9985922805529194, -0.05303260525886136, -0.14005000040867926, -1.6937684227877592e-09, 0.053032631776863876, 0.9985927798491334, 3.8274681410377376e-09, 0.0, 0.0, 0.0, 1.0]}, {"left_foot_pose": [0.9999980000006587, -0.001999982751276323, -7.979862134261248e-06, 0.039859940017319594, 0.0019999986708996546, 0.9999900365065642, 0.003990851152030633, 1.993029432949961e-05, -1.8508401321756601e-09, -0.003990859130044888, 0.9999920364899937, 4.396519440175162e-09, 0.0, 0.0, 0.0, 1.0], "right_foot_pose": [0.9999995000000594, -0.0009998270129687862, 1.8589649172677688e-05, 0.019999999544890776, 0.000999999815457527, 0.9998267320716397, -0.01858778726245448, -0.14005000017169952, -1.8563663171859181e-09, 0.01858779655820752, 0.9998272319851618, 4.240912315767176e-09, 0.0, 0.0, 0.0, 1.0]}, {"left_foot_pose": [0.9999980000005981, -0.0019984821905125556, -7.787001053923315e-05, 0.0398599399365096, 0.0019999987010834125, 0.9992397109172458, 0.038935846352883906, 1.9930171593657287e-05, -1.7886885310939497e-09, -0.03893592422113468, 0.9992417094002067, 4.112734180994337e-09, 0.0, 0.0, 0.0, 1.0], "right_foot_pose": [0.999999500000028, -0.000999866486643021, -1.633102061370936e-05, 0.019999999487875664, 0.0009999998466715314, 0.9998661110361141, 0.016332789162407, -0.1400500002713581, -1.7744465881561695e-09, -0.016332797327031173, 0.9998666109694203, 4.212824387950231e-09, 0.0, 0.0, 0.0, 1.0]}, {"left_foot_pose": [0.9999980000005639, -0.0019948245903752037, -0.0001437696986923592, 0.03985993985410455, 0.0019999987181562743, 0.997410886408539, 0.07188549004396258, 1.9930060800654043e-05, -1.480619734562599e-09, -0.0718856338122364, 0.9974128812339521, 3.380696687871332e-09, 0.0, 0.0, 0.0, 1.0], "right_foot_pose": [0.9999995000000077, -0.0009987904857334511, -4.916604693555201e-05, 0.01999999948709254, 0.0009999998672804496, 0.9987900474151351, 0.04916748096798617, -0.14005000028275136, -1.4538484278073203e-09, -0.04916750555028664, 0.9987905468104726, 3.6758837779204967e-09, 0.0, 0.0, 0.0, 1.0]}, {"left_foot_pose": [0.9999980000005628, -0.0019898454138351177, -0.00020127121948789248, 0.03985994009512412, 0.0019999987186882988, 0.9949213000412456, 0.10063601109624631, 1.9930468130446334e-05, -1.0817929393679553e-09, -0.10063621236646209, 0.9949232898874832, 2.6061212146655244e-09, 0.0, 0.0, 0.0, 1.0], "right_foot_pose": [0.999999473727379, -0.0010227241341866807, -8.111911158342328e-05, 0.02052053676792843, 0.0010259361406848657, 0.996869609647394, 0.07905649129886662, -0.14004921118746327, 1.2195483601065774e-08, -0.0790