{"LoopMode": "Wrap", "FrameDuration": 0.0167, "EnableCycleOffsetPosition": true, "EnableCycleOffsetRotation": false, "Debug_info": [{"left_foot_pose": [0.9999999999884726, 4.7851304004989146e-06, 3.9740439577986843e-07, 0.00019842111302273752, -4.801604232007997e-06, 0.9965691632582973, 0.08276413969590062, -6.676505781611462e-05, -3.7654267229317554e-12, -0.08276413969685503, 0.9965691632697852, 3.2324906640290862e-12, 0.0, 0.0, 0.0, 1.0], "right_foot_pose": [0.9999999979400312, 6.398293128505883e-05, -5.11093250354972e-06, 0.0009680834198771015, -6.418673637815635e-05, 0.9968248031031633, -0.07962604974757179, -0.12012479653779064, -3.7831135118629886e-12, 0.07962604991159852, 0.996824805156591, 3.1225924623790036e-12, 0.0, 0.0, 0.0, 1.0]}, {"left_foot_pose": [0.9999999999884728, 4.7857713992069175e-06, 3.8960438747395467e-07, 0.00019842111184945638, -4.801603842573542e-06, 0.9967029138325225, 0.08113754700941074, -6.676505823770273e-05, -1.4076384766607103e-11, -0.08113754701034648, 0.9967029138440127, 1.2160543405581592e-11, 0.0, 0.0, 0.0, 1.0], "right_foot_pose": [0.9999999979400316, 6.39744956156621e-05, -5.215466289843433e-06, 0.0009680834190446233, -6.418673677555158e-05, 0.996693359867823, -0.08125479847647983, -0.1201247965385844, -1.4129376459943886e-11, 0.08125479864386106, 0.9966933619209802, 1.2173470564924571e-11, 0.0, 0.0, 0.0, 1.0]}, {"left_foot_pose": [0.9999999999884726, 4.7868063102377815e-06, 3.7666801888649733e-07, 0.00019842110949629203, -4.80160321603231e-06, 0.9969188587065152, 0.07843971654872697, -6.67650585686741e-05, -3.1721520918291894e-11, -0.07843971654963167, 0.9969188587180075, 2.7423299742146412e-11, 0.0, 0.0, 0.0, 1.0], "right_foot_pose": [0.999999997940031, 6.396013579154544e-05, -5.388719505062205e-06, 0.0009680834171101356, -6.418673748034963e-05, 0.9964696056508533, -0.08395427859314565, -0.12012479653951663, -3.1858944781307197e-11, 0.08395427876608663, 0.9964696077035498, 2.7733502994120585e-11, 0.0, 0.0, 0.0, 1.0]}, {"left_foot_pose": [0.9999999999884727, 4.788197453243285e-06, 3.5854006724669587e-07, 0.00019842110598419248, -4.801602422626433e-06, 0.9972091033466334, 0.07465925381055581, -6.676505868398117e-05, -5.61702594806638e-11, -0.07465925381141704, 0.997209103358129, 4.853738244658956e-11, 0.0, 0.0, 0.0, 1.0], "right_foot_pose": [0.9999999979400314, 6.393924043830448e-05, -5.631246251581127e-06, 0.0009680834140223212, -6.418673852256108e-05, 0.9961440138947815, -0.08773311496610565, -0.12012479654042821, -5.6488094218044094e-11, 0.08773311514682931, 0.9961440159468075, 4.924043117693344e-11, 0.0, 0.0, 0.0, 1.0]}, {"left_foot_pose": [0.9999999999884726, 4.7898816536748175e-06, 3.352776665187766e-07, 0.00019842110133042908, -4.801601541084392e-06, 0.9975604379728347, 0.06980811248266061, -6.676505844460494e-05, -8.71388830792212e-11, -0.06980811248346606, 0.997560437984334, 7.526697320958675e-11, 0.0, 0.0, 0.0, 1.0], "right_foot_pose": [0.9999999979400311, 6.391110859772905e-05, -5.9420353712429965e-06, 0.0009680834097304141, -6.418673995875857e-05, 0.9957056609987959, -0.0925755504170182, -0.12012479654116098, -8.779922121773606e-11, 0.09257555060771515, 0.9957056630499189, 7.637716153974239e-11, 0.0, 0.0, 0.0, 1.0]}, {"left_foot_pose": [0.9999999999884729, 4.791783106698224e-06, 3.0689322205726097e-07, 0.00019842109546816834, -4.801600646942962e-06, 0.9979570247978672, 0.063888783315496, -6.676505767408067e-05, -1.250543280029713e-10, -0.06388878331623339, 0.9979570248093715, 1.0802868322112857e-10, 0.0, 0.0, 0.0, 1.0], "right_foot_pose": [0.9999999979400311, 6.387478067482878e-05, -6.320619316047496e-06, 0.0009680834041028998, -6.418674189251893e-05, 0.9951395914719291, -0.09847430814757852, -0.1201247965415486, -1.263110775638173e-10, 0.09847430835042427, 0.9951395935218866, 1.0949557927020237e-10, 0.0, 0.0, 0.0, 1.0]}, {"left_foot_pose": [0.9999999999884727, 4.7938162734916355e-06, 2.732881567712144e-07, 0.0001984210882204164, -4.801599821755184e-06, 0.9983809954650174, 0.05688047003345119, -6.676505612826858e-05, -1.711793617123262e-10, -0.05688047003410802, 0.9983809954765261, 1.4800297792882944e-10, 0.0, 0.0, 0.0, 1.0], "right_foot_pose": [0.9999999979400309, 6.382893532241568e-05, -6.767952707043502e-06, 0.0009680833968916847, -6.418674448982057e-05, 0.9944252105749741, -0.10544428127205593, -0.12012479654138936, -1.7341371784609057e-10, 0.10544428148925664, 0.9944252126234606, 1.4972426770620828e-10, 0.0, 0.0, 0.0, 1.0]}, {"left_foot_pose": [0.9999999999884726, 4.795882773377399e-06, 2.3422874023673283e-07, 0.00019842107928873967, -4.801599173587912e-06, 0.9988117904731877, 0.048734045478397166, -6.67650534533562e-05, -2.2765837948847051e-10, -0.04873404547896036, 0.9988117904847017, 1.9718530974710546e-10, 0.0, 0.0, 0.0, 1.0], "right_foot_pose": [0.9999999979400305, 6.377179925757004e-05, -7.286716556310025e-06, 0.0009680833877053072, -6.418674799881241e-05, 0.9935348781475816, -0.11352727330616016, -0.12012479654040528, -2.314376107962732e-10, 0.11352727354000791, 0.9935348801942346, 1.990101070048489e-10, 0.0, 0.0, 0.0, 1.0]}, {"left_foot_pose": [0.9999999999884728, 4.797864283919017e-06, 1.8934123774396967e-07, 0.0001984210682539464, -4.801598869093444e-06, 0.9992246598493509, 0.03937104425709841, -6.676504912991182e-05, -2.9750696832686424e-10, -0.03937104425755401, 0.9992246598608698, 2.583978309100843e-10, 0.0, 0.0, 0.0, 1.0], "right_foot_pose": [0.9999999979400302, 6.370104781406872e-05, -7.881353878803009e-06, 0.0009680833759904945, -6.418675277248336e-05, 0.9924323578107501, -0.12279255291041014, -0.12012479653818761, -3.036715693844119e-10, 0.12279255316333954, 0.9924323598551329, 2.601155610348904e-10, 0.0, 0.0, 0.0, 1.0]}, {"left_foot_pose": [0.9999999999884726, 4.7996122261825905e-06, 1.381205156913112e-07, 0.00019842105458756255, -4.801599176071052e-06, 0.999588487274437, 0.028685468191194552, -6.676504240436809e-05, -3.8455367575764157e-10, -0.028685468191527393, 0.99958848728596, 3.3528127496573745e-10, 0.0, 0.0, 0.0, 1.0], "right_foot_pose": [0.9999999979400298, 6.361369450307465e-05, -8.557916831353704e-06, 0.0009680833610209793, -6.418675929398233e-05, 0.9910710946083632, -0.13333447158121053, -0.12012479653413188, -3.943402688268943e-10, 0.13333447185585032, 0.9910710966499432, 3.365968198609792e-10, 0.0, 0.0, 0.0, 1.0]}, {"left_foot_pose": [0.9999999999884728, 4.80093477000231e-06, 7.995694456522027e-08, 0.00019842103770466603, -4.801600517800362e-06, 0.9998630483310413, 0.016549457970082723, -6.676503222424052e-05, -4.931264274089762e-10, -0.01654945797027618, 0.9998630483425676, 4.320822449832562e-10, 0.0, 0.0, 0.0, 1.0], "right_foot_pose": [0.9999999979400296, 6.350598818591791e-05, -9.323662095051474e-06, 0.0009680833419280738, -6.418676818527797e-05, 0.9893926117092069, -0.14526615495459877, -0.12012479652737296, -5.083295774740713e-10, 0.14526615525381023, 0.9893926137473313, 4.3257546850083983e-10, 0.0, 0.0, 0.0, 1.0]}, {"left_foot_pose": [0.9999999999884726, 4.801582573709578e-06, 1.4198354936125531e-08, 0.00019842101714086368, -4.801603524793683e-06, 0.9999960055952861, 0.002826441299216376, -6.676501724688956e-05, -6.269070545328012e-10, -0.0028264412992522864, 0.9999960056068137, 5.527279467454349e-10, 0.0, 0.0, 0.0, 1.0], "right_foot_pose": [0.9999999979400285, 6.337337440634625e-05, -1.0186175043614347e-05, 0.0009680833178720873, -6.418678014390369e-05, 0.9873259099333314, -0.15870583938335953, -0.12012479651677174, -6.500360883390981e-10, 0.15870583971024757, 0.9873259119672011, 5.517997100912275e-10, 0.0, 0.0, 0.0, 1.0]}, {"left_foot_pose": [0.9999999999884726, 4.801237767156915e-06, -5.971362515575318e-08, 0.00019842099298436603, -4.80160902123898e-06, 0.9999206186503263, -0.01259985614578156, -6.676499610318472e-05, -7.86020400546422e-10, 0.012599856145922711, 0.9999206186618532, 6.983211647826337e-10, 0.0, 0.0, 0.0, 1.0], "right_foot_pose": [0.9999999979400274, 6.321066691595077e-05, -1.115151690733778e-05, 0.0009680832885324082, -6.418679568743295e-05, 0.9847901515881454, -0.17374795888025021, -0.12012479650110194, -8.203304928839423e-10, 0.17374795923811415, 0.9847901536167949, 6.951468081717316e-10, 0.0, 0.0, 0.0, 1.0]}, {"left_foot_pose": [0.9999999999884728, 4.79951935699147e-06, -1.4194373598739137e-07, 0.0001984209669089343, -4.8016177646432906e-06, 0.9995570294734233, -0.029761465138856667, -6.676496841164642e-05, -9.598691643151346e-10, 0.02976146513919482, 0.9995570294849461, 8.606940021804732e-10, 0.0, 0.0, 0.0, 1.0], "right_foot_pose": [0.9999999979400264, 6.301279630416406e-05, -1.2220255574846783e-05, 0.0009680832553921102, -6.418681440421026e-05, 0.9817063624174335, -0.19040119187963078, -0.12012479647982943, -1.0088717296891247e-09, 0.19040119227178845, 0.9817063644397348, 8.542580878789785e-10, 0.0, 0.0, 0.0, 1.0]}, {"left_foot_pose": [0.9999999999884724, 4.7960400209173894e-06, -2.3161804224578302e-07, 0.00019842094450206774, -4.801629469542958e-06, 0.9988247147404988, -0.048468435094468146, -6.676493768583043e-05, -1.1107298012281544e-09, 0.04846843509502124, 0.9988247147520132, 1.0070765263381354e-09, 0.0, 0.0, 0.0, 1.0], "right_foot_pose": [0.9999999979400251, 6.277698252314574e-05, -1.337908839976802e-05, 0.000968083224812204, -6.418683307131454e-05, 0.9780313843866536, -0.20845768643726414, -0.12012479645539054, -1.1761890963767462e-09, 0.20845768686660765, 0.9780313864013892, 9.965245087451002e-10, 0.0, 0.0, 0.0, 1.0]}, {"left_foot_pose": [0.9999999999884724, 4.790599006223781e-06, -3.2544097317019736e-07, 0.0001984209395870567, -4.801640277612668e-06, 0.9976843290848432, -0.06801455340933765, -6.676491779793875e-05, -1.1430931066913835e-09, 0.06801455341011589, 0.9976843290963446, 1.0501626998560276e-09, 0.0, 0.0, 0.0, 1.0], "right_foot_pose": [0.9999999979400245, 6.250824644158129e-05, -1.4583202724405755e-05, 0.0009680832140497278, -6.418684190247564e-05, 0.9738439740574558, -0.22721775914754294, -0.12012479643828376, -1.2195894127198124e-09, 0.2272177596155295, 0.973843976063568, 1.0360266533560036e-09, 0.0, 0.0, 0.0, 1.0]}, {"left_foot_pose": [0.9999999999881656, 4.846909030330637e-06, -4.208694043828837e-07, 0.0001992520956493891, -4.8651472179565965e-06, 0.9962358445769685, -0.08668415054867781, -6.682814297621388e-05, -8.650057002264569e-10, 0.08668415054969915, 0.996235844588759, 0.00019663320145834468, 0.0, 0.0, 0.0, 1.0], "right_foot_pose": [0.9999999979400259, 6.223176836468829e-05, -1.5721178776518164e-05, 0.0009680832620824898, -6.418682462116448e-05, 0.9695374096254457, -0.24494327346720976, -0.12012479651676239, -9.82109809102811e-10, 0.24494327397172527, 0.9695374116226831, 8.004941293160428e-10, 0.0, 0.0, 0.0, 1.0]}, {"left_foot_pose": [0.9999999999782534, 6.558187461072346e-06, -6.959980122790482e-07, 0.0002218932607594193, -6.595015991727221e-06, 0.9944114030992109, -0.1055744350814413, -6.852338201079021e-05, -2.685765497002327e-10, 0.10557443508373511, 0.9944114031208365, 0.0050294476329392004, 0.0, 0.0, 0.0, 1.0], "right_foot_pose": [0.9999999979400274, 6.19794128515052e-05, -1.6688239189433437e-05, 0.0009680833587937086, -6.418679727337498e-05, 0.9656073080483841, -0.26000485096168474, -0.12012479671747696, -6.622814934188708e-10, 0.2600048514972464, 0.9656073100375195, 4.576809348177946e-10, 0.0, 0.0, 0.0, 1.0]}, {"left_foot_pose": [0.9999999999462967, 1.0282629347323942e-05, -1.2943398635114157e-06, 0.0002712235427023567, -1.0363772555696418e-05, 0.992177949546154, -0.12483155180875828, -7.220803089757338e-05, 6.188934625716752e-10, 0.12483155181546823, 0.9921779495994372, 0.013763757621381364, 0.0, 0.0, 0.0, 1.0], "right_foot_pose": [0.9999999979400294, 6.177742043572557e-05, -1.7421003232432257e-05, 0.0009680834209115807, -6.41867667763883e-05, 0.9624621172397856, -0.27141604366427624, -0.12012479673018306, -3.2738698848320886e-10, 0.27141604422336474, 0.962462119222435, 1.9966003156346446e-10, 0.0, 0.0, 0.0, 1.0]}, {"left_foot_pose": [0.9999999998762252, 1.5574648620307472e-05, -2.231890420534538e-06, 0.00034151760855836066, -1.57337538729551e-05, 0.9899046188756812, -0.14173512366750293, -7.745296724578563e-05, 1.8838874078676165e-09, 0.1417351236850752, 0.9899046189982029, 0.022945107941424348, 0.0, 0.0, 0.0, 1.0], "right_foot_pose": [0.9999999979400309, 6.164887317727868e-05, -1.7870492717342783e-05, 0.0009680834359154978, -6.418674375586946e-05, 0.960460789193854, -0.2784152802939897, -0.12012479662657716, -8.076691579413374e-11, 0.27841528086751133, 0.9604607911723752, 3.88530457806624e-11, 0.0, 0.0, 0.0, 1.0]}, {"left_foot_pose": [0.9999999997520836, 2.20115568334486e-05, -3.3652035617007835e-06, 0.00042704764304618044, -2.2267312810394895e-05, 0.9885351117366431, -0.15099116652304662, -8.383308943165149e-05, 3.07123544254273e-09, 0.15099116656054712, 0.9885351119817067, 0.029119051713042757, 0.0, 0.0, 0.0, 1.0], "right_foot_pose": [0.9999999979400311, 6.161183867541036e-05, -1.799773529687124e-05, 0.0009680834221007927, -6.418673648646468e-05, 0.959884259417744, -0.28039651282088324, -0.12012479652908589, -1.8964301277146035e-12, 0.280396513398491, 0.9598842613950757, -2.6712659861871657e-12, 0.0, 0.0, 0.0, 1.0]}, {"left_foot_pose": [0.9999999995640829, 2.920374021690877e-05, -4.356197068123177e-06, 0.0005220778276563008, -2.9526850259355153e-05, 0.9890722983574111, -0.14743129840761252, -9.09266013747953e-05, 3.0485074763238884e-09, 0.14743129847196904, 0.9890722987885516, 0.030000000136117623, 0.0, 0.0, 0.0, 1.0], "right_foot_pose": [0.9999999979400302, 6.167631768553007e-05, -1.777556285648177e-05, 0.0009680833950154379, -6.418674939647604e-05, 0.9608880435124938, -0.2769371114798321, -0.12012479651862287, -1.354512433143504e-10, 0.2769371120503055, 0.960888045491896, 1.0565082142477422e-10, 0.0, 0.0, 0.0, 1.0]}, {"left_foot_pose": [0.9999999993127335, 3.672864095507085e-05, -5.053774835451216e-06, 0.0006208808077251735, -3.7074704325916564e-05, 0.9906744898169424, -0.13624996826204502, -9.830235807415863e-05, 2.3696424003568813e-09, 0.1362499683557718, 0.9906744904977881, 0.030000000455292296, 0.0, 0.0, 0.0, 1.0], "right_foot_pose": [0.9999999979400287, 6.183060995341224e-05, -1.7231317077648834e-05, 0.0009680833400009086, -6.418677913114863e-05, 0.9632901001231423, -0.26846262101976875, -0.1201247964827727, -4.5045440784223064e-10, 0.2684626215727659, 0.9632901021075001, 3.608193466231313e-10, 0.0, 0.0, 0.0, 1.0]}, {"left_foot_pose": [0.9999999990110657, 4.416125719604584e-05, -5.258627572280567e-06, 0.0007177292237607784, -4.447324814132114e-05, 0.9929871364222997, -0.11822243831850261, -0.00010553322664596382, 8.980291665871511e-10, 0.11822243843545625, 0.9929871374042949, 0.029892323529523514, 0.0, 0.0, 0.0, 1.0], "right_foot_pose": [0.9999999979400256, 6.206787984317046e-05, -1.635625701978997e-05, 0.000968083255198455, -6.418682770593728e-05, 0.966983899082602, -0.2548374674082667, -0.12012479648007315, -9.841192130995453e-10, 0.25483746793316403, 0.9669839010745802, 7.80261563693152e-10, 0.0, 0.0, 0.0, 1.0]}, {"left_foot_pose": [0.9999999986849332, 5.107892056707427e-05, -4.591144185995502e-06, 0.0008068904161130317, -5.1284839167426776e-05, 0.9959818975935762, -0.08955477115020397, -0.00011219736682962188, -1.664543440868037e-09, 0.08955477126788915, 0.9959818989033672, 0.02539659794844748, 0.0, 0.0, 0.0, 1.0], "right_foot_pose": [0.9999999979400211, 6.23854368320184e-05, -1.5100169080628983e-05, 0.0009680831625023527, -6.41868976637634e-05, 0.9719274924728409, -0.23528056710127532, -0.12012479675817789, -1.8114861963281886e-09, 0.23528056758583515, 0.9719274944750186, 1.3918698069104174e-09, 0.0, 0.0, 0.0, 1.0]}, {"left_foot_pose": [0.9999999983714074, 5.698788692678999e-05, -3.093109649577703e-06, 0.000882641304945553, -5.707176686835173e-05, 0.9985272391124368, -0.054252645035140906, -0.00011785675007747708, -3.1893622317882227e-09, 0.054252645123314326, 0.9985272407386413, 0.016796170892886243, 0.0, 0.0, 0.0, 1.0], "right_foot_pose": [0.9999999979400165, 6.276090221312645e-05, -1.3454957931924793e-05, 0.0009680830450080583, -6.418696699366872e-05, 0.9777735766937019, -0.20966360819092827, -0.12012479698720627, -2.774870160630942e-09, 0.20966360862265745, 0.9777735787079365, 2.1772484232185363e-09, 0.0, 0.0, 0.0, 1.0]}, {"left_foot_pose": [0.9999999981152381, 6.138733198419697e-05, -1.0583802925745026e-06, 0.0009392554490969333, -6.139645495980217e-05, 0.9998503041864968, -0.017302180459302256, -0.00012208144763502064, -3.912838602327247e-09, 0.01730218049167223, 0.9998503060709811, 0.007545489241633167, 0.0, 0.0, 0.0, 1.0], "right_foot_pose": [0.9999999979400134, 6.315822217241552e-05, -1.144604626285344e-05, 0.0009680829004904624, -6.418701573423531e-05, 0.9839614773990171, -0.17838107207540566, -0.12012479702187168, -3.762790444046363e-09, 0.1783810724426304, 0.9839614794260072, 3.0470711023800057e-09, 0.0, 0.0, 0.0, 1.0]}, {"left_foot_pose": [0.9999999979634222, 6.380817354227523e-05, 1.293454632677016e-06, 0.0009710011055976306, -6.382128184610795e-05, 0.9997959927091885, 0.02019823976224655, -0.00012444489888591669, -4.377970798979013e-09, -0.020198239803661512, 0.9997959947453456, 0.0010990035041755983, 0.0, 0.0, 0.0, 1.0], "right_foot_pose": [0.9999999979400136, 6.353461313066829e-05, -9.128321765139943e-06, 0.0009680827532456065, -6.418701818311279e-05, 0.9898257914334039, -0.14228456871095502, -0.12012479674685642, -4.546711902784043e-09, 0.14228456900377026, 0.9898257934724736, 3.790310953988296e-09, 0.0, 0.0, 0.0, 1.0]}, {"left_foot_pose": [0.9999999979400401, 6.407313744107533e-05, 3.814914768306379e-06, 0.0009757851239541251, -6.418660680981337e-05, 0.9982365739541204, 0.05936108405698229, -0.00012479662721929206, -4.7365508562544164e-09, -0.059361084179567536, 0.9982365760104304, 4.022216983090576e-09, 0.0, 0.0, 0.0, 1.0], "right_foot_pose": [0.9999999979400169, 6.384364451206967e-05, -6.62985138183464e-06, 0.0009680827059074613, -6.418696013214486e-05, 0.9946436067204496, -0.10336387903987507, -0.12012479651768776, -4.787458385196273e-09, 0.10336387925249708, 0.9946436087694303, 4.0685487964764455e-09, 0.0, 0.0, 0.0, 1.0]}, {"left_foot_pose": [0.9999999979400447, 6.387360199804134e-05, 6.330470377012806e-06, 0.0009757851749959746, -6.418653961472278e-05, 0.9951313640212613, 0.09855741586138024, -0.00012479678296897778, -4.432466546041287e-09, -0.09855741606468761, 0.9951313660711602, 3.735668753501731e-09, 0.0, 0.0, 0.0, 1.0], "right_foot_pose": [0.9999999979400231, 6.40548045303713e-05, -4.115333747834408e-06, 0.000968082802356232, -6.418686731653559e-05, 0.9979381240187117, -0.0641833039821171, -0.12012479666298392, -4.4005507195278515e-09, 0.06418330411405113, 0.9979381260744593, 3.805680569290981e-09, 0.0, 0.0, 0.0, 1.0]}, {"left_foot_pose": [0.9999999979400451, 6.360231293855989e-05, 8.640393241553492e-06, 0.000975785318566849, -6.418652969316148e-05, 0.9909055255861234, 0.13455941157339552, -0.0001247968161582876, -3.5236029217008495e-09, -0.13455941185080636, 0.9909055276273143, 2.9453690320035975e-09, 0.0, 0.0, 0.0, 1.0], "right_foot_pose": [0.9999999979709198, 6.367919069000133e-05, -1.7666149327305053e-06, 0.0009632519647350196, -6.370369093147812e-05, 0.9996136043417502, -0.027796365890787707, -0.12012481955472126, -4.11776379337837e-09, 0.02779636594692635, 0.9996136063700536, 4.488205271077628e-05, 0.0, 0.0, 0.0, 1.0]}, {"left_foot_pose": [0.9999999979400429, 6.33033120769062e-05, 1.0611572905604412e-05, 0.0009757854577836895, -6.418656240305957e-05, 0.9862457766385236, 0.1652854014810774, -0.0001247964290844155, -2.5056101499927506e-09, -0.16528540182171716, 0.9862457786701214, 1.9710844900711066e-09, 0.0, 0.0, 0.0, 1.0], "right_foot_pose": [0.9999999998949753, 1.449298224633853e-05, 5.0440334686701324e-08, 0.0004711445661687287, -1.4493069933586754e-05, 0.9999943187575026, 0.0033707925877058983, -0.12012724214179862, -1.5872110078194232e-09, -0.0033707925880831113, 0.9999943188625265, 0.004191585858792417, 0.0, 0.0, 0.0, 1.0]}, {"left_foot_pose": [0.9999999979400395, 6.301643593428483e-05, 1.2200430941854396e-05, 0.0009757855810299127, -6.418661628842192e-05, 0.9817737085604661, 0.19005362679914287, -0.000124796360508014, -1.5601348107659397e-09, -0.19005362719074456, 0.9817737105828626, 1.1603575045260328e-09, 0.0, 0.0, 0.0, 1.0], "right_foot_pose": [0.999999994475095, -0.00010506791498204617, -3.2469421183947105e-06, -0.0007249650508941405, 0.00010511807292914233, 0.9995262441035814, 0.030777854024909422, -0.1201331439394333, 1.1638910246552116e-08, -0.03077785419617721, 0.9995262496258307, 0.012646193499191015, 0.0, 0.0, 0.0, 1.0]}, {"left_foot_pose": [0.9999999979400358, 6.277545732853158e-05, 1.3385469327774614e-05, 0.0009757856746280528, -6.418667175722244e-05, 0.9780164682150331, 0.20852765711114868, -0.00012479649357269047, -7.903967777488564e-10, -0.20852765754075817, 0.9780164702297017, 5.627347407499705e-10, 0.0, 0.0, 0.0, 1.0], "right_foot_pose": [0.9999999606904699, -0.0002799689051686866, -1.5377581768669418e-05, -0.0024776860638411414, 0.0002803909002584044, 0.9985009046422562, 0.05473449378170134, -0.12014179711028197, 3.057300801608396e-08, -0.05473449594184832, 0.9985009438923884, 0.02195424755072522, 0.0, 0.0, 0.0, 1.0]}, {"left_foot_pose": [0.9999999979400334, 6.260723278807628e-05, 1.415163575729683e-05, 0.0009757857600175081, -6.418671507323332e-05, 0.975393250473606, 0.22047222684637527, -0.00012479668979098468, -2.539716040251225e-10, -0.220472227300557, 0.9753932524828806, 1.9407968981921542e-10, 0.0, 0.0, 0.0, 1.0], "right_foot_pose": [0.9999998767010327, -0.000495270955238226, -3.611924834939331e-05, -0.004639632682100613, 0.000496586263201101, 0.9973583488262652, 0.07263661217753205, -0.12015247296133097, 4.902959603730061e-08, -0.07263662115783552, 0.9973584717977638, 0.0286613003502377, 0.0, 0.0, 0.0, 1.0]}, {"left_foot_pose": [0.999999997940032, 6.253077370762812e-05, 1.4485832426579526e-05, 0.0009757858213082026, -6.418673540171283e-05, 0.9742009168520561, 0.2256824527620104, -0.00012479677026118116, -1.2848257060581508e-11, -0.22568245322691022, 0.9742009188588792, 6.28940927116517e-11, 0.0, 0.0, 0.0, 1.0], "right_foot_pose": [0.999999726965504, -0.0007365826847625918, -5.9286300100041125e-05, -0.0070634188098431935, 0.000738964757875461, 0.9967826077453869, 0.08014915362867338, -0.12016443843910007, 5.9074055780784275e-08, -0.08014917555567624, 0.9967828798979955, 0.03000000125609227, 0.0, 0.0, 0.0, 1.0]}, {"left_foot_pose": [0.999999997940032, 6.254620906258711e-05, 1.441902228238479e-05, 0.0009757857880105329, -6.418673127399067e-05, 0.9744416129833323, 0.22464091071420209, -0.00012479678588118298, -5.796510135014433e-11, -0.22464091117695908, 0.9744416149906501, 1.2953795675008095e-10, 0.0, 0.0, 0.0, 1.0], "right_foot_pose": [0.9999995071866503, -0.0009896970565999338, -7.826999821957359e-05, -0.009601645250071273, 0.0009927872143579242, 0.9968915756529321, 0.07877944380205723, -0.12017696668294237, 5.8918199799857704e-08, -0.0787794826839493, 0.9968920669300393, 0.030000001285228034, 0.0, 0.0, 0.0, 1.0]}, {"left_foot_pose": [0.9999999979400338, 6.265039417636823e-05, 1.3959269943407689e-05, 0.000975785717626602, -6.418670506913167e-05, 0.9760662069677809, 0.21747357424661187, -0.00012479680590490958, -3.665163253587482e-10, -0.2174735746946234, 0.9760662089784397, 4.2423744378572437e-10, 0.0, 0.0, 0.0, 1.0], "right_foot_pose": [0.9999992270840367, -0.0012403132742582217, -8.633834999021189e-05, -0.012106926221605705, 0.001243314653077997, 0.9975879621280296, 0.06940253587527308, -0.12018933219623776, 4.92121070207966e-08, -0.06940258957868106, 0.9975887331760372, 0.029991061379793828, 0.0, 0.0, 0.0, 1.0]}, {"left_foot_pose": [0.999999997940037, 6.284114760285618e-05, 1.3073513378923936e-05, 0.0009757857887553906, -6.418665424414147e-05, 0.9790407951200755, 0.20366422702753853, -0.00012479652754422872, -1.009181830300462e-09, -0.20366422744714305, 0.9790407971368502, 1.024784632153164e-09, 0.0, 0.0, 0.0, 1.0], "right_foot_pose": [0.9999989109944445, -0.001473949646621186, -7.404298748291275e-05, -0.014431875295014503, 0.0014758082273255845, 0.9987405830861691, 0.05015047045417354, -0.12020080196940011, 3.0468288329537504e-08, -0.05015052511328291, 0.9987416707191409, 0.02620535086826397, 0.0, 0.0, 0.0, 1.0]}, {"left_foot_pose": [0.9999999979400408, 6.310149710064987e-05, 1.1752449269873962e-05, 0.0009757857944732804, -6.418659514746636e-05, 0.9830999803208501, 0.18306945286755466, -0.0001247962279979373, -1.876096775294078e-09, -0.18306945324478902, 0.9830999823459744, 1.862885831704908e-09, 0.0, 0.0, 0.0, 1.0], "right_foot_pose": [0.9999985962997854, -0.0016750666820518527, -3.9370924768786685e-05, -0.016429090717827634, 0.0016755293070971782, 0.999722627189738, 0.023491728041783164, -0.12021065565570077, 9.793398132670747e-09, -0.023491761033577963, 0.9997240305021888, 0.017908533161634634, 0.0, 0.0, 0.0, 1.0]}, {"left_foot_pose": [0.9999999979400442, 6.339873378475231e-05, 1.0025637648346525e-05, 0.000975785707609879, -6.418654724793483e-05, 0.9877331196604239, 0.1561514655902238, -0.00012479610420654784, -2.8491542518196343e-09, -0.15615146591206994, 0.9877331216950828, 2.8315949446300337e-09, 0.0, 0.0, 0.0, 1.0], "right_foot_pose": [0.9999983296834433, -0.0018277000020389257, 1.195934340626748e-05, -0.017951189839519766, 0.0018277391289020627, 0.9999769414922597, -0.0065403251801824, -0.12021816862606319, -5.315296636704359e-09, 0.006540336114328673, 0.9999786117730276, 0.008555055188404333, 0.0, 0.0, 0.0, 1.0]}, {"left_foot_pose": [0.9999999979400449, 6.369245021031098e-05, 7.94877435927766e-06, 0.0009757855152667491, -6.418653452060685e-05, 0.9923095309286125, 0.12378122114572233, -0.00012479630556271656, -3.715291423435067e-09, -0.12378122140094304, 0.9923095329726969, 3.7030255944925372e-09, 0.0, 0.0, 0.0, 1.0], "right_foot_pose": [0.999998161214397, -0.0019162500659927531, 7.452187200447643e-05, -0.01885078601117952, 0.0019176985750457146, 0.9992430198136936, -0.03885498405334362, -0.12022261319081794, -9.594667556561142e-09, 0.03885505551784591, 0.9992448572100359, 0.0015993666593976247, 0.0, 0.0, 0.0, 1.0]}, {"left_foot_pose": [0.9999999979400421, 6.393782285051469e-05, 5.645456523261103e-06, 0.0009757853504120971, -6.418657455729195e-05, 0.9961301598504342, 0.08789027543723338, -0.00012479660673633125, -4.096647955323364e-09, -0.08789027561854591, 0.9961301619023976, 4.117582975970979e-09, 0.0, 0.0, 0.0, 1.0], "right_foot_pose": [0.9999981263143558, -0.0019304522783797687, 0.00014395061030404716, -0.019031923648236648, 0.0019358119168173865, 0.9972296102889713, -0.07435964628163405, -0.1202235128354399, -4.0624304737977324e-09, 0.07435978561633899, 0.9972314787866919, 3.90061636462713e-09, 0.0, 0.0, 0.0, 1.0]}, {"left_foot_pose": [0.9999999979400376, 6.410267428387905e-05, 3.282169854955677e-06, 0.0009757854710724588, -6.418664560483976e-05, 0.998694869628164, 0.0510739978703407, -0.00012479650358814855, -3.906345535560332e-09, -0.051073997975801956, 0.9986948716854257, 4.064705301509708e-09, 0.0, 0.0, 0.0, 1.0], "right_foot_pose": [0.9999981263144647, -0.0019238591765156827, 0.00021478693806549495, -0.019031923534563844, 0.0019358118606444797, 0.9938238565456269, -0.11095221851417783, -0.12022351272721801, -3.939380755991037e-09, 0.1109524264117129, 0.9938257186616545, 3.812232501898549e-09, 0.0, 0.0, 0.0, 1.0]}, {"left_foot_pose": [0.9999999979400334, 6.41781229738004e-05, 1.0501169657162372e-06, 0.0009757856956768001, -6.418671360951634e-05, 0.9998669653378836, 0.016310962757550476, -0.00012479650234092574, -3.1702903600091157e-09, -0.016310962791354307, 0.9998669673975733, 3.465884683417908e-09, 0.0, 0.0, 0.0, 1.0], "right_foot_pose": [0.9999981263144799, -0.001915313390708792, 0.0002809664480821902, -0.01903192327596327, 0.001935811852832258, 0.9894093118361349, -0.14513947183456466, -0.12022351268608797, -3.2461210167502753e-09, 0.14513974378701813, 0.9894111656805976, 3.1815938286716694e-09, 0.0, 0.0, 0.0, 1.0]}, {"left_foot_pose": [0.999999999876069, -1.5741979708996093e-05, 2.2943023564340727e-07, 0.0001716774311401916, 1.5743649003062953e-05, 0.9999019012983212, -0.014006695975168041, -0.00012555572047331064, -8.914605247256333e-09, 0.014006695977043921, 0.9999019014222386, 0.0034133465882029354, 0.0, 0.0, 0.0, 1.0], "right_foot_pose": [0.9999981263144181, -0.0019060690728472324, 0.00033803600820482587, -0.01903192332066984, 0.0019358118847921156, 0.9846338521225092, -0.1746208174495114, -0.12022351308003279, -2.357299147530705e-09, 0.17462114463912543, 0.9846356970194214, 2.138327702405629e-09, 0.0, 0.0, 0.0, 1.0]}, {"left_foot_pose": [0.9999999712165013, -0.00023972757798910657, 9.88359474030459e-06, -0.0020836567994214714, 0.00023993123129638656, 0.9991574394430905, -0.04104087765304039, -0.00012766886050481763, -3.6637014955856025e-08, 0.04104087884312305, 0.9991574682019765, 0.011540439525677446, 0.0, 0.0, 0.0, 1.0], "right_foot_pose": [0.9999981263143181, -0.0018972533147566728, 0.00038444468045463514, -0.01903192326745915, 0.0019358119362900292, 0.9800797390925546, -0.19859495877896277, -0.12022351318645802, -1.498278106886554e-09, 0.1985953308870331, 0.9800815754567931, 1.2997932244407373e-09, 0.0, 0.0, 0.0, 1.0]}, {"left_foot_pose": [0.9999998324314208, -0.0005776780529470117, 3.775180524940573e-05, -0.005493783350784789, 0.0005789102917962659, 0.9978797781950959, -0.06508158827334592, -0.00013085866510271875, -7.555785237952153e-08, 0.06508159922262484, 0.9978799454055689, 0.02092738590719037, 0.0, 0.0, 0.0, 1.0], "right_foot_pose": [0.9999981263142153, -0.0018898338844380383, 0.0004193995085200052, -0.0190319231771307, 0.0019358119894546829, 0.9762469305789819, -0.2166522170831817, -0.12022351310202387, -7.818964707209714e-10, 0.21665262302359906, 0.9762487597620773, 6.973417399080972e-10, 0.0, 0.0, 0.0, 1.0]}, {"left_foot_pose": [0.9999994967922747, -0.0009996853997963201, 8.393032562405111e-05, -0.009762157577893381, 0.001003202464779845, 0.9965030780375504, -0.08355003917714837, -0.00013484855420074597, -1.1307350733297172e-07, 0.08355008133323236, 0.9965035794763601, 0.02811973779431457, 0.0, 0.0, 0.0, 1.0], "right_foot_pose": [0.999998126314133, -0.0018845841881349234, 0.00044239197623514913, -0.01903192306697845, 0.0019358120318888215, 0.9735349751438936, -0.22852987726631205, -0.12022351294417921, -2.683755695682026e-10, 0.2285303054608211, 0.9735367992459161, 3.1974578540427956e-10, 0.0, 0.0, 0.0, 1.0]}, {"left_foot_pose": [0.9999988998674436, -0.0014770676175801403, 0.00013614388192120086, -0.014592244457548241, 0.001483328650502358, 0.9957862838309397, -0.0916922934072582, -0.0001393661074221078, -1.3449287120078476e-07, 0.09169239447970128, 0.9957873793107451, 0.030000005127853793, 0.0, 0.0, 0.0, 1.0], "right_foot_pose": [0.9999981263140914, -0.0018820800736402959, 0.00045292703934908594, -0.019031922980441002, 0.0019358120535236728, 0.972241364115251, -0.2339721832505088, -0.12022351285464167, -1.8699568143736833e-11, 0.23397262164174798, 0.9722431857935994, 1.6968665361716262e-10, 0.0, 0.0, 0.0, 1.0]}, {"left_foot_pose": [0.9999980203256199, -0.001981586333338381, 0.0001807220113620183, -0.01968747726700704, 0.0019898102480662345, 0.9958712270116061, -0.09075538477454435, -0.00014413428134480571, -1.3622105713784186e-07, 0.09075556471094413, 0.9958731984916454, 0.030000005549363808, 0.0, 0.0, 0.0, 1.0], "right_foot_pose": [0.9999981263140951, -0.0018823608869302305, 0.00045175855265029783, -0.019031923041094058, 0.0019358120514496545, 0.9723864297311614, -0.2333685580929591, -0.12022351282555066, -4.011894050672495e-11, 0.2333689953532316, 0.972388251681304, 2.1045024056753903e-10, 0.0, 0.0, 0.0, 1.0]}, {"left_foot_pose": [0.999996892048691, -0.0024847289155103635, 0.00020497603793810377, -0.024751310985289158, 0.0024931692572823278, 0.9966154496263019, -0.08216708387925199, -0.00014887289763781085, -1.1935699463282875e-07, 0.08216733954791199, 0.9966185470437547, 0.030000005345505988, 0.0, 0.0, 0.0, 1.0], "right_foot_pose": [0.9999981263141402, -0.0018853251547909925, 0.00043922348437842965, -0.019031923138143725, 0.0019358120281982975, 0.9739177482247543, -0.22689308566947486, -0.12022351277902091, -3.050125017857113e-10, 0.2268935107972125, 0.9739195730439527, 4.718623061727989e-10, 0.0, 0.0, 0.0, 1.0]}, {"left_foot_pose": [0.9999956075566794, -0.0029587354399382595, 0.0001753623248133486, -0.029487209263859337, 0.0029639276884361786, 0.998245377163235, -0.05913866844027704, -0.00015331003414746983, -7.895588873568744e-08, 0.05913892843827756, 0.9982497619048887, 0.02695166858628239, 0.0, 0.0, 0.0, 1.0], "right_foot_pose": [0.9999981263142477, -0.0018925335429424547, 0.00040704395684788955, -0.0190319230570373, 0.0019358119727824628, 0.9776415424236051, -0.2102695107703455, -0.12022351300257475, -9.79616042484121e-10, 0.21026990475192398, 0.9776433742196674, 1.104096952753153e-09, 0.0, 0.0, 0.0, 1.0]}, {"left_foot_pose": [0.9999943127372595, -0.0033708744075136416, 0.00010816129580532398, -0.03359859274224351, 0.0033726092474177212, 0.9994802771833373, -0.032059336056509825, -0.00015716212507474285, -3.708647729079788e-08, 0.0320595185124285, 0.9994859615185955, 0.019006271491843578, 0.0, 0.0, 0.0, 1.0], "right_foot_pose": [0.9999981263143659, -0.0019005548425285916, 0.0003677758119452076, -0.019031923007514138, 0.0019358119116555479, 0.9817852743401925, -0.18998401964637995, -0.1202235133182708, -1.827884313869122e-09, 0.18998437562084908, 0.981787113899931, 1.9290192845855536e-09, 0.0, 0.0, 0.0, 1.0]}, {"left_foot_pose": [0.9999931928991246, -0.003689732360753617, 5.524638105004435e-06, -0.03678892123652447, 0.0036897364967711822, 0.9999920735651725, -0.0014962123552310694, -0.00016014790272066148, -3.971168823262425e-09, 0.0014962225548211638, 0.9999988806584071, 0.009597808902192466, 0.0, 0.0, 0.0, 1.0], "right_foot_pose": [0.9999981263144686, -0.0019097901232581855, 0.0003163372203136715, -0.019031923061671445, 0.0019358118585861381, 0.986556102715821, -0.16341147091504601, -0.12022351348936117, -2.8020361190173405e-09, 0.16341177710267957, 0.9865579512142933, 2.913497568202139e-09, 0.0, 0.0, 0.0, 1.0]}, {"left_foot_pose": [0.9999924501277966, -0.0038839482537178375, -0.00012096846433999276, -0.03876165472825224, 0.0038858316235855415, 0.9995078435534706, 0.03112829882413612, -0.00016199001043080974, 8.2270712129997e-09, -0.031128533872542583, 0.9995153897659341, 0.00218072997153302, 0.0, 0.0, 0.0, 1.0], "right_foot_pose": [0.9999981263145086, -0.0019190527541050563, 0.00025417316718408424, -0.01903192323522492, 0.0019358118379483474, 0.9913410008729703, -0.13129841057950967, -0.12022351334468953, -3.7055191759981944e-09, 0.13129865659900844, 0.991342858336759, 3.848484697588361e-09, 0.0, 0.0, 0.0, 1.0]}, {"left_foot_pose": [0.9999922546964787, -0.003927045493583491, -0.000262413309375635, -0.039264377202659226, 0.003935803228516025, 0.9977670564299557, 0.06667391210997868, -0.00016245401229389618, -4.130827735504391e-09, -0.06667442850744296, 0.9977747844995918, 4.071673109784513e-09, 0.0, 0.0, 0.0, 1.0], "right_foot_pose": [0.9999981263144442, -0.001926982974297652, 0.0001846732713582536, -0.019031923391592754, 0.0019358118711202074, 0.9954375166445798, -0.09539603287805788, -0.12022351297079709, -4.171460157687586e-09, 0.09539621162859982, 0.9954393817842003, 4.3446862774132455e-09, 0.0, 0.0, 0.0, 1.0]}, {"left_foot_pose": [0.9999922546962202, -0.003914568756626899, -0.0004082879145065157, -0.03926437701471371, 0.003935803294306892, 0.9945969647710771, 0.10373710580399967, -0.00016245410597572844, -4.112762501275107e-09, -0.10373790926952113, 0.9946046682880539, 4.018090769830618e-09, 0.0, 0.0, 0.0, 1.0], "right_foot_pose": [0.9999981263143061, -0.001932527022371981, 0.00011272615051073848, -0.01903192318986064, 0.0019358119426200397, 0.9983013311436864, -0.058229759306271896, -0.1202235130452968, -4.082743998743285e-09, 0.058229868418633146, 0.9983032016496537, 4.354483960911093e-09, 0.0, 0.0, 0.0, 1.0]}, {"left_foot_pose": [0.9999922546961596, -0.0038977456541485745, -0.0005460096223120324, -0.039264376843632806, 0.003935803309628405, 0.9903226058198864, 0.1387286771162284, -0.00016245417809799233, -3.4263650789598423e-09, -0.13872975160695156, 0.9903302762306495, 3.4272192445117255e-09, 0.0, 0.0, 0.0, 1.0], "right_foot_pose": [0.9999981263141593, -0.0019353105201674473, 4.406087994064898e-05, -0.019031923053216923, 0.001935812018404901, 0.9997391026555733, -0.02275915756917361, -0.12022351309156139, -3.3475002691098826e-09, 0.02275920021924305, 0.9997409758559368, 3.756847832825372e-09, 0.0, 0.0, 0.0, 1.0]}, {"left_foot_pose": [0.9999922546962761, -0.003879100561098653, -0.0006656773213056638, -0.03926437690783061, 0.003935803280044976, 0.985585360036731, 0.16913310596630338, -0.00016245381796316672, -2.503867138303466e-09, -0.16913441595401274, 0.9855929937554834, 2.3655356146123907e-09, 0.0, 0.0, 0.0, 1.0], "right_foot_pose": [0.9999980034322151, -0.001998212982033553, -1.662713311815738e-05, -0.01965287582130307, 0.001998282158035322, 0.999963389894081, 0.00832020071603744, -0.12022532988493545, 9.913131696432496e-10, -0.008320217329896367, 0.9999653863927409, 0.0027003583553803986, 0.0, 0.0, 0.0, 1.0]}, {"left_foot_pose": [0.9999922546964769, -0.003860980783986847, -0.0007637895278949493, -0.03926437687833262, 0.0039358032289784255, 0.9809816043066663, 0.1940608189843138, -0.00016245368261029545, -1.6165964639834871e-09, -0.1940623220496593, 0.9809892023670265, 1.4709195667039765e-09, 0.0, 0.0, 0.0, 1.0], "right_foot_pose": [0.9999975645142347, -0.0022056049375118536, -7.919885696492645e-05, -0.02172777712424657, 0.0022070264154743446, 0.9993539328602699, 0.035872634571668664, -0.12023141842430661, 2.6829252845465962e-08, -0.03587272199834738, 0.9993563667763511, 0.010452123809752932, 0.0, 0.0, 0.0, 1.0]}, {"left_foot_pose": [0.9999922546966912, -0.0038454235296500293, -0.000838608672642612, -0.03926437678959413, 0.003935803174476433, 0.9770289290770726, 0.21307036678027538, -0.00016245375284715605, -8.685413695454546e-10, -0.21307201708433482, 0.9770364965218105, 8.219339583948049e-10, 0.0, 0.0, 0.0, 1.0], "right_foot_pose": [0.9999967893416475, -0.0025293787215906007, -0.00015345904784161893, -0.024978151832028304, 0.002534029674707937, 0.9981629635483517, 0.06053327096712738, -0.120240961956155, 6.557044429529544e-08, -0.060533465485256635, 0.9981661683088345, 0.01987014878179976, 0.0, 0.0, 0.0, 1.0]}, {"left_foot_pose": [0.9999922546968679, -0.0038340628530296405, -0.0008891053450272158, -0.03926437666681056, 0.003935803129672404, 0.9741424960023232, 0.22590021455520823, -0.00016245391190698212, -3.21104124531766e-10, -0.2259019642331686, 0.9741500410899737, 4.043936643882695e-10, 0.0, 0.0, 0.0, 1.0], "right_foot_pose": [0.9999956492905824, -0.002940327693731047, -0.00023637461791059584, -0.02911099536733114, 0.0029498135356977088, 0.996782784844597, 0.08009605756561412, -0.12025309962681295, 1.0549368861334664e-07, -0.08009640635198977, 0.9967871215507782, 0.027499984787610114, 0.0, 0.0, 0.0, 1.0]}, {"left_foot_pose": [0.9999922546969686, -0.0038290422652036203, -0.0009104841596200147, -0.03926437653943626, 0.003935803104022927, 0.9728669095592634, 0.231331981659551, -0.000162454019516858, -2.449594083571226e-11, -0.23133377340963407, 0.9728744447666724, 2.210950172942816e-10, 0.0, 0.0, 0.0, 1.0], "right_foot_pose": [0.9999941350168188, -0.003411431316316074, -0.00030342764909182726, -0.033833315272473956, 0.0034248988229649904, 0.9960652574871287, 0.08855660842168787, -0.12026696669043134, 1.2895218478441133e-07, -0.08855712824766729, 0.9960710993882465, 0.030000004822644546, 0.0, 0.0, 0.0, 1.0]}, {"left_foot_pose": [0.999992254696964, -0.003829268414764071, -0.0009095325669703922, -0.039264376593775546, 0.003935803105173317, 0.9729243677485985, 0.23109020770016991, -0.0001624540486287098, -3.564135634179589e-11, -0.23109199757758428, 0.9729319034010562, 2.467017354290668e-10, 0.0, 0.0, 0.0, 1.0], "right_foot_pose": [0.9999922782785196, -0.003914530325917335, -0.0003461728805856024, -0.03885208648030603, 0.0039298