{"LoopMode": "Wrap", "FrameDuration": 0.0167, "EnableCycleOffsetPosition": true, "EnableCycleOffsetRotation": false, "Debug_info": [{"left_foot_pose": [1.0000000000000007, -1.0658006258607588e-13, 9.142298029729549e-12, -1.722971572819902e-12, 2.7245352964101267e-14, 0.9999620375649145, 0.008713405133775453, 1.0063824773531849e-13, -9.143051227951343e-12, -0.00871340513377572, 0.9999620375649145, 2.138260402073655e-11, 0.0, 0.0, 0.0, 1.0], "right_foot_pose": [0.9999999999999998, 2.0330993004855253e-13, 9.115097565626227e-12, -1.4263834224087668e-12, -7.482640223092434e-14, 0.9999007561195519, -0.014088218891978622, -0.14000000000225418, -9.11728671130482e-12, 0.014088218891978437, 0.9999007561195519, 1.646403846589095e-11, 0.0, 0.0, 0.0, 1.0]}, {"left_foot_pose": [1.0000000000000007, -1.499402566464662e-13, 2.0025481273222574e-11, -3.673529773327129e-12, 3.7084552872631565e-14, 0.9999840273199926, 0.005652000078677357, 1.1308575603719007e-12, -2.0026203881862947e-11, -0.005652000078677626, 0.9999840273199928, 4.535542080796873e-11, 0.0, 0.0, 0.0, 1.0], "right_foot_pose": [1.0, 5.283245331858379e-13, 2.0006163392594086e-11, -3.247816324708134e-12, -1.8508230377158995e-13, 0.9998529161651509, -0.017150686168299432, -0.1400000000040077, -2.0012318406275323e-11, 0.017150686168299248, 0.999852916165151, 3.7861956625473425e-11, 0.0, 0.0, 0.0, 1.0]}, {"left_foot_pose": [1.0000000000000007, -4.706668135872106e-14, 3.472994114517292e-11, -6.285663234849384e-12, -1.8863759756780958e-15, 0.9999989931392242, 0.0014190562140248466, 2.9221538383472634e-12, -3.473023288014902e-11, -0.0014190562140251166, 0.9999989931392244, 7.765300902295991e-11, 0.0, 0.0, 0.0, 1.0], "right_foot_pose": [0.9999999999999998, 1.1288810181796999e-12, 3.475775223193977e-11, -5.758099853849767e-12, -3.852344639053992e-13, 0.9997712852838804, -0.021386377014773306, -0.14000000000594884, -3.477391197974704e-11, 0.021386377014773125, 0.9997712852838803, 6.725757450976033e-11, 0.0, 0.0, 0.0, 1.0]}, {"left_foot_pose": [1.0000000000000007, 3.4820169940840056e-13, 5.300815342224042e-11, -9.516705140848949e-12, -1.3810599902016576e-13, 0.999992170461619, -0.003957147389334504, 5.611146963735436e-12, -5.3009446150024684e-11, 0.003957147389334231, 0.9999921704616193, 1.1803875932248076e-10, 0.0, 0.0, 0.0, 1.0], "right_foot_pose": [0.9999999999999998, 2.144215699482129e-12, 5.314687578916731e-11, -8.930020640928755e-12, -7.20754608237804e-13, 0.9996416673109121, -0.026768208305002084, -0.1400000000078534, -5.3185352172510854e-11, 0.026768208305001904, 0.9996416673109119, 1.0414911294498452e-10, 0.0, 0.0, 0.0, 1.0]}, {"left_foot_pose": [1.0000000000000004, 1.2165690375628237e-12, 7.502354293364987e-11, -1.3395220936837315e-11, -4.3140834726104225e-13, 0.9999452905958043, -0.010460201492967952, 9.423288538368269e-12, -7.50324312217405e-11, 0.010460201492967681, 0.9999452905958042, 1.6724661933142926e-10, 0.0, 0.0, 0.0, 1.0], "right_foot_pose": [1.0, 3.763911817550391e-12, 7.537120927381122e-11, -1.2809910367630228e-11, -1.253332448969464e-12, 0.9994460251932097, -0.03328126688534944, -0.1400000000095028, -7.545486146550575e-11, 0.03328126688534925, 0.9994460251932096, 1.488851611441966e-10, 0.0, 0.0, 0.0, 1.0]}, {"left_foot_pose": [1.0000000000000004, 2.7947918865072237e-12, 1.0135214889572805e-10, -1.802133690178346e-11, -9.598974805892509e-13, 0.9998362474692034, -0.018096360040147717, 1.469768577677666e-11, -1.0138621845707758e-10, 0.018096360040147447, 0.9998362474692035, 2.2704524371697232e-10, 0.0, 0.0, 0.0, 1.0], "right_foot_pose": [0.9999999999999998, 6.250488888810864e-12, 1.0205103428972958e-10, -1.752096298851223e-11, -2.0678831000654814e-12, 0.999161867426511, -0.0409336375218121, -0.14000000001064833, -1.0222137313021996e-10, 0.040933637521811915, 0.999161867426511, 2.0270304185165955e-10, 0.0, 0.0, 0.0, 1.0]}, {"left_foot_pose": [1.0000000000000004, 5.4082014944944365e-12, 1.329401033700605e-10, -2.355992129708229e-11, -1.830207698985773e-12, 0.9996382078885345, -0.026897087749413517, 2.1910187206208853e-11, -1.3303770077378626e-10, 0.02689708774941325, 0.9996382078885347, 3.002550499897616e-10, 0.0, 0.0, 0.0, 1.0], "right_foot_pose": [0.9999999999999998, 9.972302399534746e-12, 1.3419504396594556e-10, -2.325968669779085e-11, -3.2824965987160524e-12, 0.9987612527114377, -0.04975902010972026, -0.1400000000109611, -1.345249992699046e-10, 0.049759020109720074, 0.9987612527114378, 2.6768009336874954e-10, 0.0, 0.0, 0.0, 1.0]}, {"left_foot_pose": [1.0000000000000007, 9.51022470406776e-12, 1.7102480542874317e-10, -3.022870845684527e-11, -3.1896238286676163e-12, 0.9993183223462844, -0.036917348537078294, 3.1687050552897666e-11, -1.7125935974234084e-10, 0.03691734853707801, 0.9993183223462849, 3.9074653235271484e-10, 0.0, 0.0, 0.0, 1.0], "right_foot_pose": [1.0, 1.544323820452453e-11, 1.7312701272587098e-10, -3.0286660722404795e-11, -5.0599217997891375e-12, 0.9982094732408767, -0.059815111235972704, -0.14000000000997112, -1.7374102807725716e-10, 0.059815111235972517, 0.9982094732408765, 3.466308559629816e-10, 0.0, 0.0, 0.0, 1.0]}, {"left_foot_pose": [1.0000000000000007, 1.571562646625051e-11, 2.1691837215342934e-10, -3.8264538337641266e-11, -5.235145906506872e-12, 0.9988362843902548, -0.048229420331067384, 4.477155451931836e-11, -2.174242074550937e-10, 0.0482294203310671, 0.9988362843902552, 5.032066152654835e-10, 0.0, 0.0, 0.0, 1.0], "right_foot_pose": [0.9999999999999998, 2.335279092625362e-11, 2.20277629470189e-10, -3.889270231844507e-11, -7.614703059058583e-12, 0.9974636644415897, -0.07117751132735559, -0.14000000000700474, -2.2138119397472396e-10, 0.07117751132735542, 0.9974636644415896, 4.4275836469376273e-10, 0.0, 0.0, 0.0, 1.0]}, {"left_foot_pose": [1.0000000000000007, 2.477619107278054e-11, 2.7135477198569855e-10, -4.7818537615589096e-11, -8.202228277116916e-12, 0.9981433974375189, -0.06090778400079939, 6.182765063811324e-11, -2.7236030301074803e-10, 0.06090778400079911, 0.9981433974375193, 6.419701367721409e-10, 0.0, 0.0, 0.0, 1.0], "right_foot_pose": [0.9999999999999998, 3.4523805685740806e-11, 2.7652286016532897e-10, -4.928394020061434e-11, -1.1194858111337861e-11, 0.9964721042522005, -0.083924641477887, -0.14000000000116047, -2.784448634313731e-10, 0.08392464147788686, 0.9964721042522003, 5.584510909262264e-10, 0.0, 0.0, 0.0, 1.0]}, {"left_foot_pose": [1.0000000000000004, 3.732449741749845e-11, 3.326104391909717e-10, -5.864537414302252e-11, -1.2275675355275763e-11, 0.9971840789425104, -0.07499275100686713, 8.276873630919113e-11, -3.344731436985448e-10, 0.07499275100686682, 0.9971840789425109, 8.068447576725646e-10, 0.0, 0.0, 0.0, 1.0], "right_foot_pose": [1.0, 4.9589906712819045e-11, 3.4025393613745765e-10, -6.123259531591081e-11, -1.597133801760097e-11, 0.9951764478890003, -0.09810115986588526, -0.13999999999147691, -3.4347769935139153e-10, 0.09810115986588508, 0.9951764478890003, 6.91530915863936e-10, 0.0, 0.0, 0.0, 1.0]}, {"left_foot_pose": [1.0000000000000004, 5.286157075845026e-11, 3.9145658936590073e-10, -6.924584898235082e-11, -1.7256164434225082e-11, 0.9959053255143586, -0.09040233742631124, 1.0484770517071862e-10, -3.9463281129466315e-10, 0.0904023374263109, 0.9959053255143585, 9.802439346340286e-10, 0.0, 0.0, 0.0, 1.0], "right_foot_pose": [1.0, 6.777605084689197e-11, 4.0213044005810125e-10, -7.310645870013189e-11, -2.1643370517844172e-11, 0.9935232610539002, -0.11362891245111889, -0.1399999999777764, -4.0722749242113675e-10, 0.11362891245111867, 0.9935232610539001, 8.24582263581064e-10, 0.0, 0.0, 0.0, 1.0]}, {"left_foot_pose": [1.0000000000000002, 6.669926479093678e-11, 4.1916803361630054e-10, -7.475318626580848e-11, -2.1585154594069946e-11, 0.9942893050840792, -0.10671821679272894, 1.1813524984638502e-10, -4.238924650579722e-10, 0.10671821679272865, 0.9942893050840789, 1.0925186935684117e-09, 0.0, 0.0, 0.0, 1.0], "right_foot_pose": [0.9999999999999999, 8.328390989099312e-11, 4.324854363524362e-10, -7.949413063831315e-11, -2.631410548255194e-11, 0.9915021881240561, -0.13009001093554073, -0.1399999999633742, -4.396447839457381e-10, 0.13009001093554054, 0.9915021881240561, 8.980818172465987e-10, 0.0, 0.0, 0.0, 1.0]}, {"left_foot_pose": [1.0000000000000004, 6.352026600611513e-11, 3.4792163594587914e-10, -6.320405193005343e-11, -2.0362401092743033e-11, 0.9924481271661694, -0.12266505160135767, 9.88841057647516e-11, -3.5308600045362366e-10, 0.12266505160135738, 0.9924481271661696, 9.541493983800109e-10, 0.0, 0.0, 0.0, 1.0], "right_foot_pose": [0.9999999999999998, 7.779747459839094e-11, 3.6047553830798015e-10, -6.715262299276137e-11, -2.4260640331232123e-11, 0.9892553092322168, -0.14619826659667015, -0.1399999999608077, -3.679761724997766e-10, 0.14619826659667, 0.9892553092322168, 7.624326031629991e-10, 0.0, 0.0, 0.0, 1.0]}, {"left_foot_pose": [1.0000000000000004, 7.969195928581893e-11, 3.992755015502766e-10, -6.957502614656146e-10, -2.3723922490063237e-11, 0.9903964823695875, -0.13825631164597146, -4.428363922087675e-09, -4.064592059518316e-10, 0.13825631164597116, 0.990396482369588, 0.0027585302844591528, 0.0, 0.0, 0.0, 1.0], "right_foot_pose": [0.9999999999999998, 5.5042723692831475e-11, 2.337982585309814e-10, -1.9889648277414185e-11, -1.696097583357507e-11, 0.9871404722498773, -0.15985520963137081, -0.14000000011740787, -2.395906213465361e-10, 0.15985520963137062, 0.987140472249877, 4.169439862811153e-10, 0.0, 0.0, 0.0, 1.0]}, {"left_foot_pose": [1.0000000000000004, 7.789358113329807e-11, 3.517811597575346e-10, -1.1672637695401298e-09, -2.2799208143416222e-11, 0.9880749123271337, -0.15397391866718146, -6.4116251648205225e-09, -3.595800482200452e-10, 0.15397391866718116, 0.9880749123271341, 0.009084491370582579, 0.0, 0.0, 0.0, 1.0], "right_foot_pose": [0.9999999999999998, 2.852391016407519e-11, 1.1399459154404198e-10, 1.5346894685953166e-11, -8.713545882288791e-12, 0.9854207852755303, -0.17013487575143857, -0.14000000013603064, -1.1718570917035556e-10, 0.1701348757514384, 0.9854207852755302, 2.1067083494363814e-10, 0.0, 0.0, 0.0, 1.0]}, {"left_foot_pose": [1.0000000000000009, 4.174885055858416e-11, 1.7518203554445147e-10, -7.794556259795212e-10, -1.18919674491888e-11, 0.9859431113868745, -0.16708136074610594, -3.739962811666331e-09, -1.7969514350707852e-10, 0.1670813607461057, 0.9859431113868748, 0.01581926116552656, 0.0, 0.0, 0.0, 1.0], "right_foot_pose": [0.9999999999999997, 7.827759454943651e-12, 3.013045368760455e-11, 1.7463828807030254e-11, -2.3863745341406994e-12, 0.9842983062263533, -0.1765130147041065, -0.1400000000626963, -3.10391105059877e-11, 0.17651301470410632, 0.9842983062263532, 5.79563549929496e-11, 0.0, 0.0, 0.0, 1.0]}, {"left_foot_pose": [1.0000000000000004, 3.763305573101079e-13, 2.780498054022467e-12, -5.732388059083422e-11, 1.1215043082423514e-13, 0.9848331357253277, -0.17350416357372903, -1.7395141924114732e-10, -2.803855439523592e-12, 0.17350416357372872, 0.984833135725328, 0.019803773653873445, 0.0, 0.0, 0.0, 1.0], "right_foot_pose": [0.9999999999999999, 2.7449126669703127e-14, 2.7589042161934998e-14, 2.674248505728255e-12, -2.2052687278262518e-14, 0.9839195356387095, -0.17861228230025622, -0.13999999999745574, -3.200355122856967e-14, 0.17861228230025603, 0.9839195356387094, -9.400626110878108e-12, 0.0, 0.0, 0.0, 1.0]}, {"left_foot_pose": [1.0000000000000004, 9.984303112660763e-12, 3.960570760241903e-11, -5.6360992450168254e-12, -3.06005307470793e-12, 0.9852531483560204, -0.17110299136645982, 2.0606329143024738e-11, -4.073004164281991e-11, 0.1711029913664596, 0.9852531483560202, 0.020000000072884293, 0.0, 0.0, 0.0, 1.0], "right_foot_pose": [0.9999999999999998, 8.582601492753562e-12, 3.2801983351760055e-11, -6.119735333934629e-12, -2.66717972723457e-12, 0.9843471354644854, -0.1762405086887303, -0.13999999999146615, -3.380129262781904e-11, 0.17624050868873015, 0.9843471354644852, 6.090676574199705e-11, 0.0, 0.0, 0.0, 1.0]}, {"left_foot_pose": [1.0000000000000002, 3.738912733206493e-11, 1.5482393145305126e-10, -2.1906788269863102e-11, -1.153961674011861e-11, 0.9865100386010262, -0.16370077501161415, 7.000220889064046e-11, -1.588561245802477e-10, 0.16370077501161398, 0.9865100386010257, 0.020000000301824514, 0.0, 0.0, 0.0, 1.0], "right_foot_pose": [0.9999999999999998, 3.209669143625257e-11, 1.2788042846878493e-10, -2.3643605319673663e-11, -9.953100240076393e-12, 0.9855258511521829, -0.1695252096614711, -0.13999999997354068, -1.314707329314124e-10, 0.16952520966147094, 0.9855258511521827, 2.5102830925050057e-10, 0.0, 0.0, 0.0, 1.0]}, {"left_foot_pose": [1.0000000000000004, 1.2128379996406326e-10, 5.426453175694213e-10, -3.3590898050337304e-10, -3.8475922100083255e-11, 0.9886755781722942, -0.15006865470737374, -2.6523945539924654e-09, -5.54701284218981e-10, 0.1500686547073734, 0.9886755781722941, 0.018785003058553677, 0.0, 0.0, 0.0, 1.0], "right_foot_pose": [0.9999999999999998, 7.086803564514611e-11, 3.0264335482144097e-10, -5.4169673069828355e-11, -2.2094038775985493e-11, 0.9874053777392202, -0.15821068235636981, -0.14000000008057, -3.1004383676231126e-10, 0.15821068235636965, 0.9874053777392199, 6.048079051468314e-10, 0.0, 0.0, 0.0, 1.0]}, {"left_foot_pose": [1.0000000000000004, 1.9008805937523773e-10, 9.939761791422053e-10, -1.0781129538116313e-09, -6.146376584815938e-11, 0.991795523916886, -0.1278344192243637, -7.4410653437551044e-09, -1.0101209307780436e-09, 0.12783441922436342, 0.9917955239168864, 0.013357590472245391, 0.0, 0.0, 0.0, 1.0], "right_foot_pose": [0.9999999999999998, 1.1692460727786744e-10, 5.560010229999073e-10, -8.726472829353769e-11, -3.684376958509187e-11, 0.9898807274397001, -0.14190188668037507, -0.14000000026399295, -5.669665400551232e-10, 0.14190188668037487, 0.9898807274397002, 1.1596189009033253e-09, 0.0, 0.0, 0.0, 1.0]}, {"left_foot_pose": [1.0000000000000002, 1.8715446325504575e-10, 1.233710411607799e-09, -1.1670291360148288e-09, -6.173806192626502e-11, 0.9948982296489615, -0.10088365894119349, -8.175126081297335e-09, -1.2462974452976614e-09, 0.10088365894119321, 0.9948982296489614, 0.006406381756976762, 0.0, 0.0, 0.0, 1.0], "right_foot_pose": [0.9999999999999999, 1.5706659893183808e-10, 8.768594184083149e-10, -1.4011953901068198e-10, -5.016922208953229e-11, 0.9927009554271337, -0.12060187848477338, -0.14000000033850776, -8.894018335734557e-10, 0.1206018784847732, 0.9927009554271339, 1.8230791112849865e-09, 0.0, 0.0, 0.0, 1.0]}, {"left_foot_pose": [1.0000000000000004, 1.468872839557416e-10, 1.3614185889743144e-09, -5.036840529114132e-10, -4.882513167123434e-11, 0.9974225722124103, -0.07175104487866475, -3.786148235207509e-09, -1.3684490809857633e-09, 0.07175104487866447, 0.9974225722124103, 0.0010904468316942709, 0.0, 0.0, 0.0, 1.0], "right_foot_pose": [1.0, 1.7556956155616682e-10, 1.249053416252365e-09, -2.1664058464746714e-10, -5.687126556102972e-11, 0.9955340814467709, -0.09440282134520316, -0.14000000020229203, -1.260049832675267e-09, 0.09440282134520299, 0.9955340814467709, 2.53438861563815e-09, 0.0, 0.0, 0.0, 1.0]}, {"left_foot_pose": [1.0000000000000004, 9.699965112099874e-11, 1.5946738929351042e-09, -2.739962438908434e-10, -3.187614446363028e-11, 0.9991678515663235, -0.0407873068041793, 3.846155928466377e-10, -1.5973034927110765e-09, 0.040787306804179024, 0.9991678515663236, 3.410856631858028e-09, 0.0, 0.0, 0.0, 1.0], "right_foot_pose": [1.0, 1.5382803876327338e-10, 1.6179386719272762e-09, -2.82997265644195e-10, -5.045194002748478e-11, 0.9979690555865217, -0.06370058156521155, -0.14000000002629176, -1.6244517070693767e-09, 0.06370058156521138, 0.9979690555865216, 3.2537871980098387e-09, 0.0, 0.0, 0.0, 1.0]}, {"left_foot_pose": [1.0000000000000004, 1.887673219106662e-11, 1.7784563266509679e-09, -3.080616266296432e-10, -6.291860809332096e-12, 0.9999749659577217, -0.007075836194707728, 3.1314503767809754e-10, -1.7785456844137954e-09, 0.007075836194707454, 0.999974965957722, 3.676450907597051e-09, 0.0, 0.0, 0.0, 1.0], "right_foot_pose": [0.9999999999999999, 7.9900560286915e-11, 1.7879324687442018e-09, -3.0700907647097184e-10, -2.6422422306454985e-11, 0.9995531759465724, -0.02989060814236431, -0.1400000001519942, -1.7895218396459226e-09, 0.02989060814236413, 0.9995531759465726, 3.661715278213684e-09, 0.0, 0.0, 0.0, 1.0]}, {"left_foot_pose": [1.0000000000000007, -6.7667706562945e-11, 1.6798513691185254e-09, -2.935094930535856e-10, 2.2162894782504563e-11, 0.9996334315383719, 0.027074019849664087, 1.8019505679256476e-10, -1.6810678889658027e-09, -0.027074019849664344, 0.9996334315383724, 3.3983043601359952e-09, 0.0, 0.0, 0.0, 1.0], "right_foot_pose": [0.9999999999999998, -1.0594361271388013e-11, 1.6732349394921187e-09, -2.822217332191527e-10, 3.460838191225124e-12, 0.9999909121719032, 0.004263282022699712, -0.1400000002535121, -1.6732648475645542e-09, -0.004263282022699893, 0.999990912171903, 3.5379473586893972e-09, 0.0, 0.0, 0.0, 1.0]}, {"left_foot_pose": [1.0000000000000004, -1.1714625031987888e-10, 1.3386005082161057e-09, -2.3596406845348427e-10, 3.817221415904531e-11, 0.9982670697091359, 0.058846049436950126, 5.784929306418274e-11, -1.3431746044450468e-09, -0.05884604943695041, 0.998267069709136, 2.686566830112369e-09, 0.0, 0.0, 0.0, 1.0], "right_foot_pose": [0.9999999999999996, -7.094843712631894e-11, 1.3219590977442412e-09, -2.1979209119665438e-10, 2.3374479372514475e-11, 0.9993534888688587, 0.035952806366681765, -0.1400000002739433, -1.3236553267183971e-09, -0.03595280636668195, 0.9993534888688584, 2.9208945748204762e-09, 0.0, 0.0, 0.0, 1.0]}, {"left_foot_pose": [1.0000000000000004, -1.1020954640319294e-10, 8.428563402773671e-10, -5.366044888560482e-10, 3.732140710009308e-11, 0.9962956940514011, 0.08599354635458463, 2.3646573935054427e-10, -8.492117275403969e-10, -0.08599354635458488, 0.996295694051401, 1.8029830198273977e-09, 0.0, 0.0, 0.0, 1.0], "right_foot_pose": [0.9999972192782016, -0.0023533295750903646, -0.00015256400293477306, 2.9126978529547733e-10, 0.002358269465451998, 0.9979296638784559, 0.06427149069813379, -0.14011790863017703, 9.961442735294768e-07, -0.06427167176402841, 0.9979324386989655, 0.0018002423280242819, 0.0, 0.0, 0.0, 1.0]}, {"left_foot_pose": [1.0000000000000004, -6.498852173513713e-11, 3.400655312901803e-10, -6.562512596839878e-10, 2.798544166001228e-11, 0.9941833387092769, 0.10770092401124547, 2.6235172020938613e-10, -3.4508703595594453e-10, -0.10770092401124574, 0.994183338709277, 1.0702122729688845e-09, 0.0, 0.0, 0.0, 1.0], "right_foot_pose": [0.9999475876936643, -0.010195622836635847, -0.0009333491278536971, 1.4272460463238571e-09, 0.010238254637962236, 0.995808292558712, 0.09089016785808526, -0.1405119110821099, 2.7549303295542525e-06, -0.09089495996080184, 0.9958604853322249, 0.006968088943982792, 0.0, 0.0, 0.0, 1.0]}, {"left_foot_pose": [1.0000000000000007, -9.263739457682809e-12, -8.334305467982956e-11, -5.767131588838962e-10, 1.950454758958031e-11, 0.992316447007301, 0.12372578146371413, 1.3720137092415596e-10, 8.155635774272566e-11, -0.12372578146371437, 0.9923164470073016, 5.298695718303215e-10, 0.0, 0.0, 0.0, 1.0], "right_foot_pose": [0.9997450170382243, -0.022430380755948113, -0.002603637145196374, 2.6877446674810224e-09, 0.0225809850106913, 0.9931017438341698, 0.11506096431665133, -0.14112913038191444, 4.815349436806407e-06, -0.1150904184225342, 0.9933550199018168, 0.01324677008864033, 0.0, 0.0, 0.0, 1.0]}, {"left_foot_pose": [1.0000000000000004, 3.131301743667965e-11, -3.822448468859825e-10, -3.4243403042611753e-10, 2.018441068954197e-11, 0.990983458742295, 0.13398426959594686, -5.181115345781473e-11, 3.82993741323083e-10, -0.1339842695959471, 0.9909834587422951, 1.8354248676466511e-10, 0.0, 0.0, 0.0, 1.0], "right_foot_pose": [0.9992674535806257, -0.03792009345587769, -0.005159721580557692, 2.583864216527563e-09, 0.03826952010410457, 0.9901671964122707, 0.13455246924551467, -0.14191392605112646, 6.744843179444528e-06, -0.1346513633847099, 0.9908930367568165, 0.01833332282265549, 0.0, 0.0, 0.0, 1.0]}, {"left_foot_pose": [1.0000000000000002, 3.788795214109028e-11, -5.258897761706302e-10, -3.8224409539745654e-12, 3.525192004039111e-11, 0.9903785745611154, 0.13838453327700276, -1.8492204035408522e-10, 5.260729124980663e-10, -0.13838453327700304, 0.9903785745611156, 6.509022487666272e-11, 0.0, 0.0, 0.0, 1.0], "right_foot_pose": [0.99842043815996, -0.055579196166077906, -0.008220803975644422, 5.621882194798908e-10, 0.05618388202774846, 0.9876957551323631, 0.1459467940511301, -0.142810654922622, 8.047694141165245e-06, -0.1461781387453118, 0.9892582836085787, 0.020000000662291968, 0.0, 0.0, 0.0, 1.0]}, {"left_foot_pose": [1.0000000000000007, 5.251322776607238e-12, -5.034731520581206e-10, 3.09358588137037e-10, 6.379637438037987e-11, 0.9905650000081951, 0.13704371842140525, -2.150584398064037e-10, 4.994421727372681e-10, -0.13704371842140547, 0.9905650000081953, 1.1860402243657475e-10, 0.0, 0.0, 0.0, 1.0], "right_foot_pose": [0.9971682552626129, -0.07434878311306574, -0.011301731996580655, 4.112464551298163e-10, 0.07520286313650798, 0.9858604138884958, 0.14974569677849006, -0.14376367549654517, 8.519851906954373e-06, -0.1501715777942358, 0.9886599502104865, 0.020000000517322564, 0.0, 0.0, 0.0, 1.0]}, {"left_foot_pose": [1.0000000000000004, -6.041448864407416e-11, -3.179991270307869e-10, 5.858966204105539e-10, 1.0125201212741719e-10, 0.9915097592209001, 0.13003229356476892, -2.331879246988966e-10, 3.07443326030119e-10, -0.13003229356476917, 0.9915097592208998, 3.6863273544796016e-10, 0.0, 0.0, 0.0, 1.0], "right_foot_pose": [0.9955525838679025, -0.09317084102013853, -0.013937257174317121, 1.840864688332569e-10, 0.09420749804294158, 0.9846103395919307, 0.1471985953776462, -0.1447173506452177, 8.15059106601779e-06, -0.14785693609791525, 0.9890087595068636, 0.020000000525908515, 0.0, 0.0, 0.0, 1.0]}, {"left_foot_pose": [1.0000000000000004, -1.4439187862924114e-10, 3.374994728133907e-11, 8.304465201886635e-10, 1.394440769197452e-10, 0.9931141127180388, 0.11715100989860606, -9.472017614697847e-11, -5.043355106769576e-11, -0.11715100989860629, 0.9931141127180388, 8.80896022792399e-10, 0.0, 0.0, 0.0, 1.0], "right_foot_pose": [0.9936986119149716, -0.11102081090262969, -0.01540935510593876, -1.705760459312991e-09, 0.11208509548836679, 0.9842715796843449, 0.13655178063667914, -0.1456160383265632, 6.9008755573235975e-06, -0.13741847391164927, 0.9905130806709072, 0.01841994654998417, 0.0, 0.0, 0.0, 1.0]}, {"left_foot_pose": [1.0000000000000002, -2.1237842081336557e-10, 5.169560335360798e-10, 9.132215023828783e-10, 1.6059407159342363e-10, 0.9951679601942964, 0.09818722423372561, 1.4133814951744483e-10, -5.353109441108763e-10, -0.0981872242337259, 0.9951679601942967, 1.646452314763014e-09, 0.0, 0.0, 0.0, 1.0], "right_foot_pose": [0.9918086695387772, -0.12684569588189404, -0.015024395627064268, -1.6281568564072493e-09, 0.1277323882313833, 0.9849282846118848, 0.11662208696553704, -0.14640409954536157, 4.942435952148022e-06, -0.11758589884730311, 0.9930627152238897, 0.013389175313186182, 0.0, 0.0, 0.0, 1.0]}, {"left_foot_pose": [1.0000000000000004, -2.2366946886395473e-10, 1.0726592947207837e-09, 7.528816850400932e-10, 1.4444488397405868e-10, 0.9973101209499865, 0.07329749416401568, 3.4199706261395235e-10, -1.086168388206241e-09, -0.07329749416401593, 0.9973101209499868, 2.5586083668427406e-09, 0.0, 0.0, 0.0, 1.0], "right_foot_pose": [0.9901435515491497, -0.13946977584079467, -0.012803474237654352, -7.107917212711284e-10, 0.14005622912895277, 0.9859993770469933, 0.09049575208328524, -0.14702589864339316, 2.795364764571616e-06, -0.09139699168933116, 0.9958145358962812, 0.007112088383825731, 0.0, 0.0, 0.0, 1.0]}, {"left_foot_pose": [1.0000000000000002, -1.4182874170723744e-10, 1.589622766751123e-09, 3.0629803897372774e-10, 7.332676577988557e-11, 0.9990746042864684, 0.04301087153078466, 3.985238215820086e-10, -1.5942521603949312e-09, -0.04301087153078492, 0.9990746042864683, 3.431923349672683e-09, 0.0, 0.0, 0.0, 1.0], "right_foot_pose": [0.98899174600768, -0.14769473377887632, -0.009032825840647867, -3.78430181071851e-10, 0.14797069415171582, 0.9871477095589871, 0.06036615926746594, -0.1474257974344816, 9.695171790328924e-07, -0.061038226763501215, 0.998135429124038, 0.0018916486466520332, 0.0, 0.0, 0.0, 1.0]}, {"left_foot_pose": [1.0000000000000004, 1.4965851832400203e-10, 1.6422211368549686e-09, -1.1458894311274817e-09, -1.6424614674090393e-10, 0.999960512944618, 0.008886650186531715, 2.6709632075516687e-10, -1.640826507975759e-09, -0.008886650186531979, 0.9999605129446181, 3.8108674202397275e-09, 0.0, 0.0, 0.0, 1.0], "right_foot_pose": [0.9886211454392254, -0.1503688935654, -0.004174522529709589, -1.312704091694511e-09, 0.1504268286923368, 0.9882403893166017, 0.027435417491582275, -0.14755000041615485, -1.6027431077585194e-09, -0.02775119405158052, 0.9996148614485039, 4.004745493557671e-09, 0.0, 0.0, 0.0, 1.0]}, {"left_foot_pose": [1.0000000000000002, 5.691976853418625e-10, -2.146464339602983e-09, -4.743232614127605e-09, -6.235846469244837e-10, 0.9996767631527418, -0.025423792251707957, -2.6016054588406945e-10, 2.131299169165913e-09, 0.025423792251707683, 0.9996767631527417, 3.8967064089345804e-09, 0.0, 0.0, 0.0, 1.0], "right_foot_pose": [0.988621145420822, -0.15042366048004158, 0.0009763168577115047, -5.09825325446106e-09, 0.15042682881328542, 0.988600322703621, -0.006416472821932276, -0.14754999926245813, 2.168651102096687e-09, 0.006490324959602558, 0.9999789376191477, 4.323133226402653e-09, 0.0, 0.0, 0.0, 1.0]}, {"left_foot_pose": [1.0000000000000004, 2.5665540797271783e-10, 8.608895263328927e-10, -1.9931086267314043e-09, -2.0613570947869306e-10, 0.9983062383243101, -0.058177783756059906, 3.746005641097616e-10, -8.743632222695767e-10, 0.05817778375605964, 0.9983062383243101, 3.500492812280598e-09, 0.0, 0.0, 0.0, 1.0], "right_foot_pose": [0.9886211454273207, -0.15031149467003918, 0.0058894298562129814, -2.032141020562317e-09, 0.15042682877057703, 0.9878631576447454, -0.03870595502219976, -0.14755000000448784, -8.224676426565228e-10, 0.039151453845442157, 0.9992332879071777, 3.3270597180057315e-09, 0.0, 0.0, 0.0, 1.0]}, {"left_foot_pose": [0.9999936891270598, -0.0035386583866093067, 0.0003155992340354145, -0.0002611030455476113, 0.003552703243515943, 0.9960997626908636, -0.0881625831453997, -1.9754276438367288e-05, -2.391057895574957e-06, 0.08816314799296152, 0.9961060482349531, 0.0013721658363869127, 0.0, 0.0, 0.0, 1.0], "right_foot_pose": [0.9886211454530838, -0.1500728606611982, 0.010313450246985104, 3.7439354047541507e-10, 0.15042682860125867, 0.9862948309347477, -0.06778108665671378, -0.14755000025075415, -1.0944065946017704e-09, 0.0685612351432058, 0.9976469100015486, 2.2473986283078062e-09, 0.0, 0.0, 0.0, 1.0]}, {"left_foot_pose": [0.999835903252654, -0.017994561003724686, 0.002088621850402163, -0.0013314463454774175, 0.018115367047529585, 0.9932102256623764, -0.11491423374162694, -0.0001007222767690566, -6.609390101292692e-06, 0.1149332128410894, 0.9933732211723557, 0.006257919359171228, 0.0, 0.0, 0.0, 1.0], "right_foot_pose": [0.9886211454583113, -0.14977592650641217, 0.01397864771149272, 9.055041239394712e-10, 0.15042682856690226, 0.9843433480664809, -0.0918691589412603, -0.1475500001666306, -4.919805172154808e-10, 0.0929265567876941, 0.9956729659097828, 1.3922289779366714e-09, 0.0, 0.0, 0.0, 1.0]}, {"left_foot_pose": [0.9991235603094176, -0.04145653230153355, 0.005785081171994845, -0.003077234130862623, 0.041858226297019685, 0.9895724114824815, -0.13781992353798067, -0.00023278000059391568, -1.1220614045469068e-05, 0.13794128592368257, 0.9904404078549197, 0.0125254450516009, 0.0, 0.0, 0.0, 1.0], "right_foot_pose": [0.9886211454584205, -0.14948638347004278, 0.01679440113632548, 1.0490304987523236e-09, 0.1504268285661853, 0.9824404399675384, -0.11037459473950186, -0.14754999995796186, 1.5321673412693224e-10, 0.11164498678148088, 0.9937481556846094, 7.429171375306076e-10, 0.0, 0.0, 0.0, 1.0]}, {"left_foot_pose": [0.9973665489459537, -0.07164314877082062, 0.011279462657461782, -0.005334896492421928, 0.07252562863580005, 0.9852635601237022, -0.15490561733956196, -0.0004035551976135088, -1.5317345679446604e-05, 0.15531573109820757, 0.9878648811648328, 0.01787177911177764, 0.0, 0.0, 0.0, 1.0], "right_foot_pose": [0.9886211454561832, -0.14925665154334222, 0.01872652469021259, 8.713038745361557e-10, 0.15042682858088785, 0.980930616689992, -0.1230727203050622, -0.14754999975181513, 7.16233219482566e-10, 0.12448926544188928, 0.9922209546213681, 3.0352172164516134e-10, 0.0, 0.0, 0.0, 1.0]}, {"left_foot_pose": [0.9941685596612716, -0.10637387535531263, 0.017705186328455844, -0.007940865009518266, 0.10783726007068455, 0.980704658661797, -0.1630628646243436, -0.0006006782139275357, -1.792987816170856e-05, 0.164021252040526, 0.9864568052163147, 0.02000000018369727, 0.0, 0.0, 0.0, 1.0], "right_foot_pose": [0.9886211454545463, -0.149123593301225, 0.01975815479925703, 4.668669422412675e-10, 0.15042682859164633, 0.9800561433019007, -0.12985270584806444, -0.1475499996662548, 1.104628382535507e-09, 0.1313472873611606, 0.9913364162093838, 1.050510650690839e-10, 0.0, 0.0, 0.0, 1.0]}, {"left_foot_pose": [0.9893581782421967, -0.14351103253285766, 0.023978713198070333, -0.01073157264139834, 0.14550049758091932, 0.9758515772511263, -0.16292116001365514, -0.000811778016006362, -1.8681199778789367e-05, 0.16467629676988438, 0.9863476653458305, 0.020000000116158587, 0.0, 0.0, 0.0, 1.0], "right_foot_pose": [0.9886211454555814, -0.1491037727582968, 0.019907177281967336, 3.4941030103985415e-12, 0.15042682858484216, 0.9799258804869868, -0.1308320984839363, -0.14754999966879143, 1.2557976363190384e-09, 0.13233795261014888, 0.9912046540946798, 7.791371714471751e-11, 0.0, 0.0, 0.0, 1.0]}, {"left_foot_pose": [0.9830687684064024, -0.18088426714252687, 0.0292690704367464, -0.013543448124060817, 0.18323699481810574, 0.970461791817461, -0.15693347110312048, -0.0010244788500014881, -1.771863025580661e-05, 0.1596395706670349, 0.9871753679885331, 0.0200000002387102, 0.0, 0.0, 0.0, 1.0], "right_foot_pose": [0.9886211454599145, -0.1491972439523345, 0.019194091449033047, -4.936912046706043e-10, 0.15042682855636572, 0.9805401834493247, -0.12614562176959648, -0.14754999971730134, 1.154099161038341e-09, 0.12759753539231036, 0.9918260275682466, 2.47200766800848e-10, 0.0, 0.0, 0.0, 1.0]}, {"left_foot_pose": [0.9757663771560652, -0.21656560533216435, 0.031294021774805086, -0.016212921369192012, 0.21881493778853406, 0.9657453978605943, -0.13948422674870148, -0.0012264100580263275, -1.4571509446130102e-05, 0.14295161803280224, 0.9897296775834682, 0.018822989411347274, 0.0, 0.0, 0.0, 1.0], "right_foot_pose": [0.9886211454616243, -0.1494761091696835, 0.016885601370354476, -7.44402758618562e-10, 0.15042682854512915, 0.9823729163016717, -0.11097397249266641, -0.14755000010260544, 1.6560449773104357e-10, 0.11225126326434619, 0.9936798548302961, 7.030600476798377e-10, 0.0, 0.0, 0.0, 1.0]}, {"left_foot_pose": [0.9682263360993842, -0.24823712513144633, 0.03026700827696212, -0.01857642523681801, 0.2500755125445757, 0.9611136398336317, -0.11714439530475518, -0.0014051983371216985, -1.0446576231849613e-05, 0.12099132626855288, 0.9926535643710984, 0.01409024926983364, 0.0, 0.0, 0.0, 1.0], "right_foot_pose": [0.9886211454676005, -0.14975163615877626, 0.014236509477341033, -9.262437982403282e-10, 0.15042682850585168, 0.9841837095836655, -0.09356385549883162, -0.14755000036942864, -2.6265921573059225e-10, 0.09464075896728975, 0.995511490010083, 1.3841912338552476e-09, 0.0, 0.0, 0.0, 1.0]}, {"left_foot_pose": [0.9614612009564758, -0.2737348695786774, 0.025721201995167326, -0.0204703879460306, 0.27494064635706267, 0.9572466706637639, -0.08992470452496128, -0.0015484660604090008, -6.007710302855765e-06, 0.093530918309857, 0.9956163755603978, 0.007840256895874288, 0.0, 0.0, 0.0, 1.0], "right_foot_pose": [0.9886211454700511, -0.15004419005059155, 0.010722488589195518, -9.344134342149923e-10, 0.1504268284897461, 0.9861064052540964, -0.07046933224715872, -0.14755000055003745, -7.976387901315374e-10, 0.07128042191868568, 0.9974563155602827, 2.2350011771865574e-09, 0.0, 0.0, 0.0, 1.0]}, {"left_foot_pose": [0.9566032131087296, -0.29081971723737743, 0.018280720336657116, -0.021731239557506273, 0.2913937073189126, 0.954719368181591, -0.06000529438211668, -0.0016438387619524559, -2.2350247650798038e-06, 0.06272814428082643, 0.9980306507868834, 0.0023759745740761715, 0.0, 0.0, 0.0, 1.0], "right_foot_pose": [0.9886211454655205, -0.15029066360233087, 0.006398997766268463, -7.234863428837168e-10, 0.15042682851952205, 0.9877262555049519, -0.04205488613377833, -0.1475500005430975, -1.3578950885786978e-09, 0.04253893064168106, 0.9990948100054678, 3.129635904597361e-09, 0.0, 0.0, 0.0, 1.0]}, {"left_foot_pose": [0.9547438076547433, -0.2972983059899194, 0.008830571920755438, -0.02219541222924693, 0.2974294231324859, 0.9543229255103232, -0.028345936225427602, -0.0016789447280775686, -1.8407826799286867e-08, 0.029689578995723193, 0.9995591672827867, 3.7814964264776263e-07, 0.0, 0.0, 0.0, 1.0], "right_foot_pose": [0.9886211454513236, -0.15041990584426781, 0.0014431536002286207, -2.5539547299918697e-10, 0.15042682861282514, 0.9885756483899741, -0.00948454763443672, -0.1475500002614811, -1.743925074017894e-09, 0.009593713365727868, 0.9999539792729744, 3.6906961514704406e-09, 0.0, 0.0, 0.0, 1.0]}, {"left_foot_pose": [0.9547435384714783, -0.2974266027083558, -0.0014804554456906316, -0.02219547294649392, 0.29743028720518855, 0.9547317113495031, 0.00475222018525074, -0.0016789498837999316, 1.0562193955039834e-09, -0.0049774838036683805, 0.9999876122507643, 4.4658113665385635e-09, 0.0, 0.0, 0.0, 1.0], "right_foot_pose": [0.9886211453454168, -0.1503803466155135, -0.0037392950824804393, 5.083025692411217e-09, 0.15042682930885648, 0.9883156563109535, 0.02457503844825881, -0.14754999831930085, 1.073643367280079e-09, -0.02485789296073323, 0.9996909948366808, 3.979015332500335e-09, 0.0, 0.0, 0.0, 1.0]}, {"left_foot_pose": [0.9547435384655878, -0.2972091460733934, -0.011467312175620742, -0.022195476065648666, 0.2974302872240975, 0.9540336809837804, 0.03680977846075826, -0.0016789498343377108, -7.775753896228832e-10, -0.038554624091842245, 0.9992564940800426, 3.4938483425839273e-09, 0.0, 0.0, 0.0, 1.0], "right_foot_pose": [0.9886211454042282, -0.15017110639896764, -0.008767534576008701, 2.4728853502669484e-09, 0.15042682892234202, 0.9869405094212654, 0.05762117669452728, -0.14754999961436976, -8.154132708581137e-10, -0.05828438612701913, 0.9983000202012401, 3.542439862280755e-09, 0.0, 0.0, 0.0, 1.0]}, {"left_foot_pose": [0.9547435384082801, -0.29673889661769026, -0.020268278213833042, -0.022195479229305044, 0.29743028740805433, 0.9525241915977769, 0.06506065288148397, -0.001678949848932975, -1.0285683008667723e-09, -0.06814463775762784, 0.9976754524116961, 2.304653225204678e-09, 0.0, 0.0, 0.0, 1.0], "right_foot_pose": [0.9882348254042664, -0.15234802631490757, -0.013491061342648302, 0.00018291659128990157, 0.15294420503586786, 0.9843838458435245, 0.08715798407638077, -0.14750784301580852, 2.0359973643658016e-06, -0.08819593482845162, 0.9961031458014729, 0.000995089897736355, 0.0, 0.0, 0.0, 1.0]}, {"left_foot_pose": [0.9547435384026342, -0.2961548439390876, -0.027515164724807216, -0.022195479561838913, 0.29743028742617794, 0.9506493976472725, 0.08832296912163012, -0.0016789498524333616, -3.646500130590167e-10, -0.09250962741408998, 0.9957117900455471, 1.4429518205294478e-09, 0.0, 0.0, 0.0, 1.0], "right_foot_pose": [0.9861073278232356, -0.1650107477119843, -0.019073309960498108, 0.0011407352472889926, 0.16610941567091703, 0.9795893970655212, 0.1131913211437839, -0.1472871058189174, 6.227667805064094e-06, -0.11478704759832722, 0.9933901215861145, 0.00556687567566963, 0.0, 0.0, 0.0, 1.0]}, {"left_foot_pose": [0.9547435384051689, -0.29558226926693165, -0.033104349692899694, -0.02219547951300355, 0.29743028741804173, 0.9488114479900517, 0.10626410630802824, -0.001678949997655988, 2.827393855588435e-10, -0.11130120510593665, 0.9937867184370935, 7.764785203701052e-10, 0.0, 0.0, 0.0, 1.0], "right_foot_pose": [0.9820662516100034, -0.18673783884701287, -0.025978009766422946, 0.0027774338067363684, 0.18853614330062027, 0.9727069961483601, 0.13525983259401747, -0.14690992122442692, 1.0863024394176175e-05, -0.13773191056099074, 0.9904695455667546, 0.011791371147152188, 0.0, 0.0, 0.0, 1.0]}, {"left_foot_pose": [0.9547435384097133, -0.2951194543330732, -0.03700383141041173, -0.022195479179325257, 0.2974302874034539, 0.9473258242934534, 0.11878134012473801, -0.0016789501871235226, 8.103201779508024e-10, -0.12441177717916793, 0.9922306736334662, 3.2188677417943623e-10, 0.0, 0.0, 0.0, 1.0], "right_foot_pose": [0.9759658430780181, -0.21527685080180992, -0.03386075388805722, 0.004933164689711812, 0.21792354833378355, 0.9641233950194448, 0.15157640402711933, -0.1464131261860915, 1.5054081650240295e-05, -0.1553124485836045, 0.987865397252247, 0.01736561138381408, 0.0, 0.0, 0.0, 1.0]}, {"left_foot_pose": [0.9547435384110255, -0.29483831809263594, -0.039180888794159034, -0.02219547865747482, 0.2974302873992406, 0.9464233844061957, 0.12576963698257362, -0.0016789503067370405, 1.1415472061160547e-09, -0.13173133125201716, 0.9912854565495111, 1.1643008779316233e-10, 0.0, 0.0, 0.0, 1.0], "right_foot_pose": [0.9677383315975794, -0.24851783570521485, -0.04148984084240986, 0.007448080312642367, 0.25195737980532373, 0.9545391084244477, 0.1592876933409985, -0.1458335551704519, 1.7842882805097775e-05, -0.16460247818503845, 0.9863599869504922, 0.01998663512008489, 0.0, 0.0, 0.0, 1.0]}, {"left_foot_pose": [0.9547435384190195, -0.2948780733490797, -0.03888055690271252, -0.02219547833167086, 0.2974302873735801, 0.9465509975701283, 0.12480558141311479, -0.0016789500739795918, 5.320333879075283e-10, -0.13072157762561906, 0.9914191188105413, 4.8733947433099445e-11, 0.0, 0.0, 0.0, 1.0], "right_foot_pose": [0.9575278453172597, -0.28447506640213754, -0.04705700837904672, 0.010162334990209809, 0.2883408141427383, 0.9447008511055582, 0.15620459922786187, -0.1452080428429141, 1.8482128501489225e-05, -0.16313870943443684, 0.9866031426781884, 0.020000000050900864, 0.0, 0.0, 0.0, 1.0]}, {"left_foot_pose": [0.9547435384084837, -0.29506829070885227, -0.03740962022535021, -0.02219547803516608, 0.2974302874074005, 0.9471615901934596, 0.12008391313972376, -0.0016789500133002127, 3.8940730419673384e-10, -0.12577609423238476, 0.9920586545762542, 2.3485165201453384e-10, 0.0, 0.0, 0.0, 1.0], "right_foot_pose": [0.9457715704951686, -0.3207812430207927, -0.05114225815446536, 0.012916081320012087, 0.3248324739531626, 0.9339846508337847, 0.1488507167344557, -0.14457342973484466, 1.7566186634972438e-05, -0.157391442375144, 0.9875362948056651, 0.020000000245333584, 0.0, 0.0, 0.0, 1.0]}, {"left_foot_pose": [0.9547435383968912, -0.29545978547757895, -0.03418027289135282, -0.02219547781235196, 0.2974302874446121, 0.9484182780220518, 0.10971779265143203, -0.0016789498590637063, 7.807484185005349e-11, -0.11491860197213523, 0.9933749115619798, 6.71544167496485e-10, 0.0, 0.0, 0.0, 1.0], "right_foot_pose": [0.9332285678953269, -0.3554821459215978, -0.05212373734693837, 0.015549471661642134, 0.35928323066822604, 0.9233614025496979, 0.1353487363888466, -0.14396655141920658, 1.4987963517098071e-05, -0.1450384921751157, 0.9894260131828606, 0.019173157484029035, 0.0, 0.0, 0.0, 1.0]}, {"left_foot_pose": [0.9547435383887636, -0.296001230424579, -0.029121254987372808, -0.02219547775510839, 0.2974302874707022, 0.9501563020678093, 0.09347847739411663, -0.0016789496065513325, -3.76499033267352e-10, -0.09790951551285512, 0.9951953209154669, 1.3870300463736385e-09, 0.0, 0.0, 0.0, 1.0], "right_foot_pose": [0.9209583656847751, -0.38665717525394766, -0.04828993166143214, 0.01790265988344831, 0.38966099183133124, 0.9138623736237184, 0.11410466037741976, -0.14342424459312847, 1.0965905399364615e-05, -0.12390234420486583, 0.9922944164814635, 0.014770323464600638, 0.0, 0.0, 0.0, 1.0]}, {"left_foot_pose": [0.9547435383901809, -0.2965960115040579, -0.022261667998659595, -0.02219547791441452, 0.29743028746615235, 0.9520655338753733, 0.07145938219998298, -0.0016789494322180382,