{"LoopMode": "Wrap", "FrameDuration": 0.0167, "EnableCycleOffsetPosition": true, "EnableCycleOffsetRotation": false, "Debug_info": [{"left_foot_pose": [0.999999999996718, -2.5620033245032612e-06, -3.006998422478536e-08, 6.058400536742284e-05, 2.5621797829884687e-06, 0.9999311609952569, 0.011733425080249755, -4.504591866418689e-05, 6.8398002807937606e-12, -0.011733425080288488, 0.9999311609985393, 3.308326529394279e-11, 0.0, 0.0, 0.0, 1.0], "right_foot_pose": [0.9999999999960563, -2.8082503098798046e-06, 3.403039733342466e-08, 3.0529748397232016e-05, 2.808456492659839e-06, 0.9999265552557203, -0.012119574519825744, -0.14027863049977685, 6.90071364582285e-12, 0.012119574519873362, 0.9999265552596639, 2.963160272706489e-11, 0.0, 0.0, 0.0, 1.0]}, {"left_foot_pose": [0.9999999999967182, -2.562106873258479e-06, -1.9327100586559173e-08, 6.058400662354995e-05, 2.5621797689229607e-06, 0.9999715938119825, 0.007537344529711004, -4.504591651272559e-05, 1.5069148333489973e-11, -0.007537344529735985, 0.9999715938152649, 7.18367101915085e-11, 0.0, 0.0, 0.0, 1.0], "right_foot_pose": [0.9999999999960562, -2.8080829503763283e-06, 4.580918488985147e-08, 3.0529749678458064e-05, 2.808456575720702e-06, 0.9998668759892076, -0.01631656494777923, -0.14027863050287928, 1.518113242607713e-11, 0.016316564947843372, 0.9998668759931508, 6.654869016964327e-11, 0.0, 0.0, 0.0, 1.0]}, {"left_foot_pose": [0.999999999996718, -2.562175951823175e-06, -4.443739043353809e-09, 6.058400830397375e-05, 2.5621798055424244e-06, 0.9999985137142057, 0.0017241121818493015, -4.50459127986514e-05, 2.6253260102516016e-11, -0.0017241121818552308, 0.999998513717488, 1.245505781843903e-10, 0.0, 0.0, 0.0, 1.0], "right_foot_pose": [0.999999999996056, -2.807769309377333e-06, 6.213529601952346e-08, 3.052975140918032e-05, 2.8084567451447113e-06, 0.9997550179591909, -0.022133776395603398, -0.1402786305062768, 2.6463999206324248e-11, 0.022133776395690457, 0.9997550179631334, 1.1710871161696446e-10, 0.0, 0.0, 0.0, 1.0]}, {"left_foot_pose": [0.999999999996718, -2.5621389743467267e-06, 1.4489435540325802e-08, 6.058401038512902e-05, 2.562179944442139e-06, 0.9999839208158612, -0.005670811509265127, -4.5045907138312885e-05, 4.020439652008666e-11, 0.0056708115092834336, 0.9999839208191437, 1.9067227657876273e-10, 0.0, 0.0, 0.0, 1.0], "right_foot_pose": [0.999999999996056, -2.807232775171629e-06, 8.291654435279158e-08, 3.0529753559797995e-05, 2.8084570507691696e-06, 0.9995636484155624, -0.02953832693776577, -0.14027863050943948, 4.059588082931939e-11, 0.029538326937881998, 0.9995636484195043, 1.8050149569459606e-10, 0.0, 0.0, 0.0, 1.0]}, {"left_foot_pose": [0.9999999999967181, -2.561907045261519e-06, 3.741554432950437e-08, 6.058401289534184e-05, 2.562180249319092e-06, 0.9998930450243071, -0.014625269414784831, -4.504589895196025e-05, 5.703779851476381e-11, 0.014625269414832484, 0.9998930450275894, 2.7116020540063346e-10, 0.0, 0.0, 0.0, 1.0], "right_foot_pose": [0.9999999999960563, -2.8063763710966404e-06, 1.0809960604431653e-07, 3.052975615733057e-05, 2.8084575585338504e-06, 0.9992581654064342, -0.038511282251828614, -0.14027863051181072, 5.7738370061161155e-11, 0.038511282251980174, 0.9992581654103749, 2.573228852220666e-10, 0.0, 0.0, 0.0, 1.0]}, {"left_foot_pose": [0.9999999999967184, -2.5613726424384596e-06, 6.434790861269861e-08, 6.0584015913712664e-05, 2.562180802085283e-06, 0.9996838243637821, -0.025144607748755127, -4.5045887417886205e-05, 7.714676264644032e-11, 0.025144607748837255, 0.9996838243670639, 3.684232710576829e-10, 0.0, 0.0, 0.0, 1.0], "right_foot_pose": [0.9999999999960563, -2.805080084697153e-06, 1.377100741773066e-07, 3.052975928492264e-05, 2.808458356527376e-06, 0.9987957394615028, -0.04906190809235297, -0.1402786305127268, 7.834599229698823e-11, 0.04906190809254609, 0.9987957394654419, 3.4949441951592775e-10, 0.0, 0.0, 0.0, 1.0]}, {"left_foot_pose": [0.999999999996718, -2.560406290791087e-06, 9.536637762824101e-08, 6.058401955489598e-05, 2.562181709297081e-06, 0.9993055980952318, -0.03726018798888455, -4.504587147471928e-05, 1.010645293472078e-10, 0.03726018798900639, 0.9993055980985118, 4.857705279692759e-10, 0.0, 0.0, 0.0, 1.0], "right_foot_pose": [0.999999999996056, -2.8031969498583967e-06, 1.718486852264792e-07, 3.0529763066075894e-05, 2.808459559979726e-06, 0.9981239116100665, -0.06122627756391045, -0.14027863051130354, 1.0303247918343692e-10, 0.06122627756415145, 0.9981239116140027, 4.5967929462875645e-10, 0.0, 0.0, 0.0, 1.0]}, {"left_foot_pose": [0.9999999999967178, -2.5588535912317606e-06, 1.30577745838294e-07, 6.058402392469615e-05, 2.5621830992611432e-06, 0.9986979483270215, -0.05101380206213034, -4.504584998596406e-05, 1.2912355531937545e-10, 0.05101380206229726, 0.9986979483302995, 6.258996793073734e-10, 0.0, 0.0, 0.0, 1.0], "right_foot_pose": [0.9999999999960563, -2.8005503613451165e-06, 2.1064802568917105e-07, 3.052976761877519e-05, 2.8084613046980154e-06, 0.9971796415991745, -0.07505173130750958, -0.1402786305063481, 1.3223042959333748e-10, 0.07505173130780504, 0.9971796416031072, 5.897782054398171e-10, 0.0, 0.0, 0.0, 1.0]}, {"left_foot_pose": [0.999999999996718, -2.556538005038972e-06, 1.7001722807390875e-07, 6.058402899269152e-05, 2.5621850840840213e-06, 0.9977918282789024, -0.06641887844040584, -4.504582240740136e-05, 1.6058581994150112e-10, 0.06641887844062319, 0.9977918282821776, 7.867667142780199e-10, 0.0, 0.0, 0.0, 1.0], "right_foot_pose": [0.999999999996056, -2.796939239251138e-06, 2.5416384941136656e-07, 3.052977292225997e-05, 2.8084636980848288e-06, 0.9958911958412238, -0.09055786016713431, -0.14027863049645536, 1.652923061375401e-10, 0.09055786016749082, 0.9958911958451511, 7.37005394213508e-10, 0.0, 0.0, 0.0, 1.0]}, {"left_foot_pose": [0.9999999999967181, -2.55328318396565e-06, 2.134253790920182e-07, 6.058403424480928e-05, 2.5621876151243985e-06, 0.9965184452563726, -0.0833725869651317, -4.504579080755189e-05, 1.9149704083929768e-10, 0.08337258696540462, 0.9965184452596435, 9.507810164177677e-10, 0.0, 0.0, 0.0, 1.0], "right_foot_pose": [0.9999999999960563, -2.7921683105572606e-06, 3.0212756974014733e-07, 3.052977845067929e-05, 2.8084666463980032e-06, 0.9941891155265127, -0.10764758502039457, -0.1402786304807775, 1.9823401699252144e-10, 0.10764758502081839, 0.9941891155304338, 8.839493026435719e-10, 0.0, 0.0, 0.0, 1.0]}, {"left_foot_pose": [0.9999999999967178, -2.5489899195931675e-06, 2.5974684159107305e-07, 6.058403783476698e-05, 2.5621900768148573e-06, 0.9948397845171132, -0.1014583812968649, -4.504576492381403e-05, 2.0989889063009107e-10, 0.10145838129719716, 0.9948397845203787, 1.0594515126305382e-09, 0.0, 0.0, 0.0, 1.0], "right_foot_pose": [0.9999999999960563, -2.786147392494241e-06, 3.533879183170898e-07, 3.0529782273953614e-05, 2.8084693813692205e-06, 0.9920421013323595, -0.12590658908964705, -0.14027863046166775, 2.1862161520466255e-10, 0.1259065890901428, 0.992042101336272, 9.758854696562125e-10, 0.0, 0.0, 0.0, 1.0]}, {"left_foot_pose": [0.9999999999967182, -2.5438523436724365e-06, 3.0599882644426914e-07, 6.058403504648474e-05, 2.562190468047991e-06, 0.9928340218019333, -0.11950148595743232, -4.5045771168941706e-05, 1.8808935022082547e-10, 0.11950148595782388, 0.9928340218051922, 9.691995747629356e-10, 0.0, 0.0, 0.0, 1.0], "right_foot_pose": [0.999999999996056, -2.7791655839552475e-06, 4.046477321551124e-07, 3.052977942622658e-05, 2.808469528342848e-06, 0.989555748529943, -0.1441506869336968, -0.1402786304507074, 1.971383731001208e-10, 0.14415068693426455, 0.9895557485338456, 8.826821148999464e-10, 0.0, 0.0, 0.0, 1.0]}, {"left_foot_pose": [0.9999999999967107, -2.5406391361648296e-06, 3.533618033180682e-07, 6.003194350893582e-05, 2.565094872509402e-06, 0.9904506481559229, -0.1378677393770326, -4.929889781576241e-05, 2.847469935503604e-10, 0.13786773937748528, 0.9904506481591816, 0.003120012013610375, 0.0, 0.0, 0.0, 1.0], "right_foot_pose": [0.999999999996056, -2.7722465720145654e-06, 4.4959012757141544e-07, 3.0529802300316926e-05, 2.8084661863970584e-06, 0.9870955831952866, -0.16013216300440622, -0.14027863075051336, 1.374108115206792e-10, 0.16013216300503721, 0.9870955831991793, 5.45827300024726e-10, 0.0, 0.0, 0.0, 1.0]}, {"left_foot_pose": [0.9999999999966801, -2.5435065919021445e-06, 4.140113327167271e-07, 5.781252259774527e-05, 2.5769809902352146e-06, 0.9869865086511077, -0.1608030837206098, -6.634999908803826e-05, 3.8010344563827304e-10, 0.16080308372114252, 0.986986508654385, 0.013455583349531203, 0.0, 0.0, 0.0, 1.0], "right_foot_pose": [0.9999999999960564, -2.7662204868530383e-06, 4.852666838917231e-07, 3.0529836888480226e-05, 2.808462129115342e-06, 0.9849544134527729, -0.17281436112782056, -0.14027863082785733, 7.706426730772222e-11, 0.1728143611285017, 0.9849544134566576, 3.3172662533553776e-10, 0.0, 0.0, 0.0, 1.0]}, {"left_foot_pose": [0.99999999999663, -2.552313646201885e-06, 4.7613440978815566e-07, 5.429573130343957e-05, 2.5963452900805683e-06, 0.9830234186085373, -0.18348013096911775, -9.331724523679169e-05, 2.475668018599761e-10, 0.18348013096973526, 0.9830234186118508, 0.02466427199989061, 0.0, 0.0, 0.0, 1.0], "right_foot_pose": [0.999999999996056, -2.7618757438007527e-06, 5.093927410437973e-07, 3.052979615501095e-05, 2.8084584007084534e-06, 0.983411741906864, -0.18138728144999622, -0.1402786306546161, 2.633021463686646e-11, 0.18138728145071137, 0.9834117419107423, 1.1592340282140512e-10, 0.0, 0.0, 0.0, 1.0]}, {"left_foot_pose": [0.9999999999965647, -2.571067888574664e-06, 5.110979433009991e-07, 4.9921282991875144e-05, 2.621375821364198e-06, 0.9808096697155702, -0.1949676685647226, -0.0001268474650921482, -1.469313036903998e-11, 0.19496766856539233, 0.9808096697189403, 0.02999912292410059, 0.0, 0.0, 0.0, 1.0], "right_foot_pose": [0.9999999999960563, -2.759950071128793e-06, 5.19714809910106e-07, 3.0529747476721854e-05, 2.8084564940327897e-06, 0.9827283988669017, -0.18505375989859954, -0.14027863049651745, 6.348058324056837e-13, 0.18505375989932915, 0.9827283988707772, 2.296364487452962e-12, 0.0, 0.0, 0.0, 1.0]}, {"left_foot_pose": [0.9999999999964884, -2.6004580303730087e-06, 5.115353922114283e-07, 4.513193776918947e-05, 2.6502925173105495e-06, 0.9811967117494607, -0.1930103956915864, -0.00016359001477657398, -1.4114963713826811e-12, 0.19301039569226408, 0.9811967117529063, 0.0300000000560662, 0.0, 0.0, 0.0, 1.0], "right_foot_pose": [0.9999999999960562, -2.7607004195402004e-06, 5.157182250137463e-07, 3.052974894034255e-05, 2.8084572445327983e-06, 0.9829947123745271, -0.1836338624432703, -0.14027863048991088, 9.792577157629577e-12, 0.18363386244399432, 0.9829947123784033, 3.960193284413549e-11, 0.0, 0.0, 0.0, 1.0]}, {"left_foot_pose": [0.9999999999964058, -2.6349296828050047e-06, 4.963152820392417e-07, 4.036326009724269e-05, 2.681265239845688e-06, 0.9827124989883883, -0.1851381763030216, -0.00020017491371295687, 9.084490520237716e-11, 0.18513817630368662, 0.982712498991921, 0.029930143823764854, 0.0, 0.0, 0.0, 1.0], "right_foot_pose": [0.999999999996056, -2.7639594891736024e-06, 4.979751729861274e-07, 3.052975442218335e-05, 2.8084606688330615e-06, 0.9841512387169645, -0.17733115722843842, -0.1402786305029049, 5.325108368554005e-11, 0.17733115722913742, 0.9841512387208458, 2.238286708755588e-10, 0.0, 0.0, 0.0, 1.0]}, {"left_foot_pose": [0.9999999999963216, -2.6762931488884578e-06, 4.416937568474875e-07, 3.6056273310276336e-05, 2.712496656860345e-06, 0.9866211496063327, -0.1630297737903172, -0.0002332505182717562, 5.31064378326245e-10, 0.1630297737909154, 0.9866211496099625, 0.023754840229183803, 0.0, 0.0, 0.0, 1.0], "right_foot_pose": [0.999999999996056, -2.769801212433842e-06, 4.644252170060884e-07, 3.052979498027543e-05, 2.8084674678411775e-06, 0.9862236877993611, -0.1654171623971985, -0.14027863086247583, 1.45506389069346e-10, 0.16541716239785034, 0.9862236878032501, 6.803570970492778e-10, 0.0, 0.0, 0.0, 1.0]}, {"left_foot_pose": [0.9999999999962408, -2.7183343925977936e-06, 3.6036701867031104e-07, 3.264416230233782e-05, 2.742117035809224e-06, 0.9912957097679149, -0.1316541521874931, -0.00025943658453408264, 6.497299197409599e-10, 0.13165415218798612, 0.991295709771642, 0.012340706383872004, 0.0, 0.0, 0.0, 1.0], "right_foot_pose": [0.9999999999960562, -2.7776979181708186e-06, 4.146412806993641e-07, 3.0529836056877455e-05, 2.8084752166815928e-06, 0.9890269773961199, -0.1477350262287432, -0.14027863109136884, 2.7186213645995096e-10, 0.14773502622932494, 0.9890269774000204, 1.2598660656393257e-09, 0.0, 0.0, 0.0, 1.0]}, {"left_foot_pose": [0.9999999999961686, -2.754464962296642e-06, 2.76704596402552e-07, 3.056439370882231e-05, 2.7683284386402115e-06, 0.9949716450233196, -0.1001570047072415, -0.00027536541641448933, 5.657324069352959e-10, 0.10015700470762347, 0.9949716450271324, 0.002434698654422897, 0.0, 0.0, 0.0, 1.0], "right_foot_pose": [0.9999999999960562, -2.786673816203182e-06, 3.4931198694689437e-07, 3.052982499011481e-05, 2.8084817322905705e-06, 0.9922160717040482, -0.1245281777121121, -0.14027863089596945, 4.2644458234433673e-10, 0.12452817771260184, 0.9922160717079614, 1.888213758960422e-09, 0.0, 0.0, 0.0, 1.0]}, {"left_foot_pose": [0.99999999999611, -2.7824831436737245e-06, 1.9540370388432032e-07, 3.0136650418868318e-05, 2.789335888934106e-06, 0.9975282681253048, -0.07026630973055786, -0.000278630073682647, 5.941037466392492e-10, 0.07026630973082934, 0.9975282681291854, 2.8224695983181114e-09, 0.0, 0.0, 0.0, 1.0], "right_foot_pose": [0.999999999996056, -2.79559861034447e-06, 2.687315069360888e-07, 3.052984575345903e-05, 2.8084849715917547e-06, 0.9953906437916211, -0.09590342144164767, -0.14027863044193278, 6.14643805030512e-10, 0.095903421442024, 0.995390643795547, 2.727075343322838e-09, 0.0, 0.0, 0.0, 1.0]}, {"left_foot_pose": [0.999999999996071, -2.8015009653995338e-06, 1.0097577918260845e-07, 3.0136679701679354e-05, 2.8033200169156753e-06, 0.9993406515763121, -0.03630787929876596, -0.0002786300442984748, 8.073574883870215e-10, 0.03630787929890614, 0.9993406515802392, 3.747988065738728e-09, 0.0, 0.0, 0.0, 1.0], "right_foot_pose": [0.9999999999960563, -2.8031732588496336e-06, 1.7259472345767114e-07, 3.0529877103637874e-05, 2.8084815440016105e-06, 0.9980918448670071, -0.06174681531939176, -0.1402786305542137, 8.216354948689152e-10, 0.0617468153196328, 0.9980918448709435, 3.6845647088945555e-09, 0.0, 0.0, 0.0, 1.0]}, {"left_foot_pose": [0.9999999999960567, -2.808448262514968e-06, -6.198368318557093e-09, 3.0136697480999386e-05, 2.808454948772056e-06, 0.9999982407445528, 0.0018757664867886568, -0.000278630137559922, 9.303640448244963e-10, -0.00187576648679887, 0.9999982407484966, 4.239293818764089e-09, 0.0, 0.0, 0.0, 1.0], "right_foot_pose": [0.999999999996056, -2.8077163318683895e-06, 6.495808690944601e-08, 3.0529895264864153e-05, 2.8084674971909136e-06, 0.9997247396673671, -0.023461561949868294, -0.14027863072811164, 9.332039179995453e-10, 0.02346156194995804, 0.9997247396713098, 4.252512959823651e-09, 0.0, 0.0, 0.0, 1.0]}, {"left_foot_pose": [0.9999999999960566, -2.806031907632056e-06, -1.16235949087997e-07, 3.0136696753739754e-05, 2.8084381866675207e-06, 0.9991564060409063, 0.04106672935032734, -0.000278630312036272, 9.033399921414676e-10, -0.041066729350492034, 0.9991564060448465, 4.061873663807614e-09, 0.0, 0.0, 0.0, 1.0], "right_foot_pose": [0.9999999999960562, -2.8080894611825276e-06, -4.498323841193732e-08, 3.052989281080418e-05, 2.808449592760941e-06, 0.9998767651208049, 0.015698871413810902, -0.14027863087618378, 8.938593833195915e-10, -0.015698871413875482, 0.9998767651247479, 4.162482157565872e-09, 0.0, 0.0, 0.0, 1.0]}, {"left_foot_pose": [0.9999999999960569, -2.799821669054252e-06, -2.197009164039443e-07, 3.0136678094162104e-05, 2.8084282647229465e-06, 0.9969561176229809, 0.07796473257971535, -0.00027863047002463573, 7.448247555579346e-10, -0.07796473258002512, 0.9969561176269126, 3.3235208959925266e-09, 0.0, 0.0, 0.0, 1.0], "right_foot_pose": [0.9999999999960563, -2.804534703670691e-06, -1.4801375192162067e-07, 3.052987128779855e-05, 2.8084377233123394e-06, 0.9986238398024672, 0.0524445094389184, -0.14027863091775494, 7.276144937866081e-10, -0.05244450943912745, 0.9986238398064055, 3.4780077359797268e-09, 0.0, 0.0, 0.0, 1.0]}, {"left_foot_pose": [0.9999999999960566, -2.791358679802359e-06, -3.0917217247456127e-07, 3.0136329424988076e-05, 2.808428463794098e-06, 0.9939425389767439, 0.10990099728654801, -0.00027863021338520554, 5.262709278264493e-10, -0.1099009972869831, 0.9939425389806634, 2.2964172438633135e-09, 0.0, 0.0, 0.0, 1.0], "right_foot_pose": [0.999999185617999, -0.001271493638676835, -0.00010985110495508618, 3.0531131122678006e-05, 0.0012762297465084868, 0.9963540921316741, 0.08530471458308343, -0.14034229501639214, 9.861960056071894e-07, -0.08530478530770728, 0.9963549034368391, 0.0014926331205167911, 0.0, 0.0, 0.0, 1.0]}, {"left_foot_pose": [0.9999999999960569, -2.782348505733401e-06, -3.8188654760679387e-07, 3.0136016176789872e-05, 2.8084338088086656e-06, 0.9907259685929558, 0.13587514543750417, -0.00027863005470291687, 2.9291150296783097e-10, -0.13587514543804097, 0.990725968596863, 1.3993992908911679e-09, 0.0, 0.0, 0.0, 1.0], "right_foot_pose": [0.9999684442809559, -0.007888125113481394, -0.0009422974681845848, 3.053594883845584e-05, 0.007944207450986245, 0.9929568983495255, 0.11820950718138394, -0.14067568681675638, 3.209389081408396e-06, -0.11821326280195495, 0.9929882297829191, 0.00835030811851549, 0.0, 0.0, 0.0, 1.0]}, {"left_foot_pose": [0.9999999999960569, -2.77427874086549e-06, -4.367115645220217e-07, 3.0135934926299084e-05, 2.8084407628791884e-06, 0.9878401582049974, 0.15547289741186143, -0.00027863018147497327, 7.606670931350845e-11, -0.15547289741247491, 0.9878401582088935, 7.236382673636577e-10, 0.0, 0.0, 0.0, 1.0], "right_foot_pose": [0.9998130164009145, -0.019114408123694106, -0.002927735880382503, 3.054099703749753e-05, 0.019337326592311615, 0.988333887336214, 0.1510701656289219, -0.14124538929930086, 5.963782606781381e-06, -0.15109853257053332, 0.9885187066613683, 0.017687051815260806, 0.0, 0.0, 0.0, 1.0]}, {"left_foot_pose": [0.9999999999960567, -2.76832706516507e-06, -4.729991716078716e-07, 3.0136062362384544e-05, 2.8084449342517397e-06, 0.9857095747482346, 0.16845365606530455, -0.00027863045114683536, -9.50033008738689e-11, -0.1684536560659687, 0.9857095747521222, 2.739797277939715e-10, 0.0, 0.0, 0.0, 1.0], "right_foot_pose": [0.999410229444795, -0.033774507895646795, -0.006202894284858173, 3.0542135605461505e-05, 0.03433938270429423, 0.9830161370759741, 0.18027778854788928, -0.14199576362845256, 8.751585871554624e-06, -0.18038446957716844, 0.9835961788553134, 0.026048415316116118, 0.0, 0.0, 0.0, 1.0]}, {"left_foot_pose": [0.9999999999960568, -2.7653470140182384e-06, -4.901057600314483e-07, 3.0136388470862006e-05, 2.8084422242278166e-06, 0.9846429200338405, 0.17458041132769, -0.0002786306740438019, -1.9625287086955323e-10, -0.17458041132837807, 0.9846429200377237, 8.483028862693587e-11, 0.0, 0.0, 0.0, 1.0], "right_foot_pose": [0.9986558713398043, -0.05079491976269246, -0.010311487033272284, 3.053795225212689e-05, 0.05183098033245812, 0.9787348784673093, 0.19847313961681812, -0.14287116502623878, 1.0784806440943777e-05, -0.19874082066320026, 0.9800520833536375, 0.029979953436789275, 0.0, 0.0, 0.0, 1.0]}, {"left_foot_pose": [0.9999999999960567, -2.765675232145233e-06, -4.881881782714015e-07, 3.0136714551895037e-05, 2.808431438290369e-06, 0.984762618150997, 0.17390395591966068, -0.00027863070985837193, -2.1239545137730445e-10, -0.17390395592034605, 0.9847626181548806, 1.1764289542526285e-10, 0.0, 0.0, 0.0, 1.0], "right_foot_pose": [0.9974982696576968, -0.06920218833781393, -0.014431187032208177, 3.0540033098438936e-05, 0.07069088976673583, 0.9765250326158886, 0.2034739756787706, -0.14381594575563522, 1.1571000546930092e-05, -0.20398509211164306, 0.97897399457918, 0.030000000770290178, 0.0, 0.0, 0.0, 1.0]}, {"left_foot_pose": [0.9999999999960572, -2.7691466902820713e-06, -4.679865733824872e-07, 3.013704752025288e-05, 2.8084132184873056e-06, 0.98600964961287, 0.16668824452377934, -0.0002786307370997738, -1.449236288688657e-10, -0.1666882445244364, 0.9860096496167584, 3.863068268050718e-10, 0.0, 0.0, 0.0, 1.0], "right_foot_pose": [0.9959598838172622, -0.08795563311314136, -0.018102939826789535, 3.0542629374803515e-05, 0.08979927449558331, 0.9755373978259408, 0.20065611314649506, -0.14477447257225, 1.12593418035873e-05, -0.20147106999928968, 0.9794944654394777, 0.030000000747275685, 0.0, 0.0, 0.0, 1.0]}, {"left_foot_pose": [0.9999999999960569, -2.775447436986033e-06, -4.288841161103651e-07, 3.0137420266535975e-05, 2.8083892290665165e-06, 0.9882708739385657, 0.1527110988658547, -0.0002786305520245617, 1.2051998954498939e-11, -0.15271109886645712, 0.9882708739424634, 9.325776470503477e-10, 0.0, 0.0, 0.0, 1.0], "right_foot_pose": [0.9941463715306785, -0.10609440481535246, -0.020419824662858323, 3.0543530506805324e-05, 0.10804162103958717, 0.9762461255454883, 0.18780444744616923, -0.14569110271827235, 9.773637956044363e-06, -0.18891130094385272, 0.9819941549114115, 0.028759735735078673, 0.0, 0.0, 0.0, 1.0]}, {"left_foot_pose": [0.9999999999960569, -2.7839308066863515e-06, -3.6966667971144767e-07, 3.013770447449711e-05, 2.8083668084206484e-06, 0.9913104878908018, 0.13154283176902715, -0.0002786301343192547, 2.483145534909627e-10, -0.13154283176954673, 0.9913104878947108, 1.7971626548041186e-09, 0.0, 0.0, 0.0, 1.0], "right_foot_pose": [0.9922431450819783, -0.12268649510708927, -0.020039085711725642, 3.054925475465828e-05, 0.12431227206865537, 0.9792756740269691, 0.15989250536580388, -0.1465101942863717, 7.138090012328889e-06, -0.16114334667420574, 0.9869310116576966, 0.022155481175768092, 0.0, 0.0, 0.0, 1.0]}, {"left_foot_pose": [0.9999999999960569, -2.7939331080116987e-06, -2.8427616405307954e-07, 3.0137747779821215e-05, 2.8083580370884783e-06, 0.9948828338602915, 0.10103537441029851, -0.0002786297962045856, 5.353979378526556e-10, -0.10103537441069865, 0.9948828338642147, 2.8888535036353247e-09, 0.0, 0.0, 0.0, 1.0], "right_foot_pose": [0.9904995625295281, -0.1364762669212879, -0.01687735749584716, 3.055352886254274e-05, 0.13751587767169188, 0.9830151313536021, 0.12153450093715847, -0.1471761179235583, 4.122805636478008e-06, -0.12270077463932047, 0.9924437111926868, 0.012868944577763677, 0.0, 0.0, 0.0, 1.0]}, {"left_foot_pose": [0.9999999999960573, -2.8021244218082717e-06, -1.872714691097426e-07, 3.013746076209235e-05, 2.8083751903604253e-06, 0.9977935958591821, 0.06639231924339807, -0.000278629738091344, 8.187332506061373e-10, -0.06639231924366236, 0.997793595863117, 3.9750733538124194e-09, 0.0, 0.0, 0.0, 1.0], "right_foot_pose": [0.9892009940944381, -0.14604840883166717, -0.012298599933051322, 3.055314856617499e-05, 0.14656532086360421, 0.9857131879473892, 0.08299468553313043, -0.14763323669391792, 1.6503836992433612e-06, -0.08390097367928886, 0.9964740973115876, 0.0043545715137181945, 0.0, 0.0, 0.0, 1.0]}, {"left_foot_pose": [0.9999999999960569, -2.8073865583889666e-06, -7.640498972389084e-08, 3.0136836530668612e-05, 2.8084258928900783e-06, 0.9996395606888437, 0.026846763267271957, -0.0002786301180683279, 1.0082074712637677e-09, -0.026846763267380856, 0.9996395606927859, 4.676351667010081e-09, 0.0, 0.0, 0.0, 1.0], "right_foot_pose": [0.9886289062839467, -0.15022956234427245, -0.006630554852742448, 3.0550941245084326e-05, 0.1503758147435765, 0.9876674190009276, 0.043591097534376344, -0.14782590888791017, 1.114932560149618e-07, -0.0440924941673106, 0.9990274530552667, 6.6819343334662e-05, 0.0, 0.0, 0.0, 1.0]}, {"left_foot_pose": [0.9999999999960558, -2.8084562593444495e-06, 4.059138514206124e-08, 3.013130865741173e-05, 2.808749581242701e-06, 0.9998961544443855, -0.014411117910872405, -0.00027863086858200166, -1.1417596901257412e-10, 0.01441111791092937, 0.9998961544483298, 4.871151856877809e-09, 0.0, 0.0, 0.0, 1.0], "right_foot_pose": [0.9886207229802952, -0.1504288917495934, -0.0004632719577321308, 3.054521165437598e-05, 0.15042960511122042, 0.988616034778009, 0.0030446158852370587, -0.14782862987543371, -1.0754256155085719e-10, -0.0030796601753212693, 0.9999952578353581, 5.717009685102248e-09, 0.0, 0.0, 0.0, 1.0]}, {"left_foot_pose": [0.9999999999960565, -2.8044678401979167e-06, 1.5260271601929883e-07, 3.0133076530966342e-05, 2.8086166206055903e-06, 0.9985156812990538, -0.05446498133662846, -0.00027863030051857203, 3.690832530543277e-10, 0.05446498133684201, 0.9985156813029921, 4.398811745409681e-09, 0.0, 0.0, 0.0, 1.0], "right_foot_pose": [0.9886207229820706, -0.1503268012806468, 0.00556047724000603, 3.054735929151355e-05, 0.15042960509955383, 0.9879450980052572, -0.036543361051979764, -0.14782863011213723, 3.431538789832245e-10, 0.036963984418782084, 0.9993165984090766, 4.7632209426717864e-09, 0.0, 0.0, 0.0, 1.0]}, {"left_foot_pose": [0.9999985457611278, -0.0016981821855413207, 0.00015701240476842962, -9.499421091163674e-05, 0.0017054244742511718, 0.9958443049975524, -0.09105609112687624, -0.0002881006375249611, -1.730077266315904e-06, 0.09105622648236651, 0.9958457529235135, 0.001009144899998031, 0.0, 0.0, 0.0, 1.0], "right_foot_pose": [0.9886207229654818, -0.15002886643850333, 0.01097293754587483, 3.055144437927532e-05, 0.15042960520857573, 0.9859870744877978, -0.0721139571774145, -0.1478286308488316, 6.603275854156418e-10, 0.07294400714364149, 0.9973360375629812, 3.1341561082531832e-09, 0.0, 0.0, 0.0, 1.0]}, {"left_foot_pose": [0.9999050128666633, -0.013672680812687174, 0.0017386901715646728, -0.0009826372157901234, 0.013782786477940514, 0.9919755427282189, -0.12567639963795993, -0.00035525486357463124, -6.404828636806587e-06, 0.12568842599241598, 0.9920697654552969, 0.007348054250248995, 0.0, 0.0, 0.0, 1.0], "right_foot_pose": [0.9886207229633623, -0.1496276810218531, 0.01551203401947008, 3.055198422951665e-05, 0.15042960522250473, 0.9833504909688675, -0.10194481734688086, -0.14782863096434432, 3.428385218415676e-10, 0.10311822818158806, 0.9946691062944953, 1.9757400507303124e-09, 0.0, 0.0, 0.0, 1.0]}, {"left_foot_pose": [0.9993672684913335, -0.03511493973878555, 0.0056571790950415155, -0.00258421275119938, 0.03556771740231347, 0.9866994023071164, -0.15861660368816854, -0.00047641005749292364, -1.212275174119653e-05, 0.1587174549125638, 0.9873240447589221, 0.016572439508393412, 0.0, 0.0, 0.0, 1.0], "right_foot_pose": [0.9886207229638988, -0.14921746642141848, 0.019058169930785282, 3.055208608698356e-05, 0.15042960521897888, 0.9806545680633628, -0.12524995812423076, -0.14782863076225103, 1.9133863480215342e-11, 0.12669161713085905, 0.991942152622202, 1.0819642820569797e-09, 0.0, 0.0, 0.0, 1.0]}, {"left_foot_pose": [0.9978976013860767, -0.06366162029976524, 0.012148055347423923, -0.0047361501728810955, 0.06481031422574472, 0.9802624170662138, -0.18677584655802193, -0.0006391919374050536, -1.782907277610487e-05, 0.18717048856140198, 0.9823274443350399, 0.02522784995617329, 0.0, 0.0, 0.0, 1.0], "right_foot_pose": [0.9886207229654167, -0.14887715971859272, 0.021555914210745916, 3.0551815811239065e-05, 0.15042960520900264, 0.9784180787147372, -0.14166508786862794, -0.14782863045361724, -2.5385160311723417e-10, 0.1432956892522837, 0.989679920702503, 4.5913816498766025e-10, 0.0, 0.0, 0.0, 1.0]}, {"left_foot_pose": [0.9950639752565319, -0.0971346796586685, 0.02031105990037779, -0.00727487874091143, 0.0992355010227973, 0.9740437132820952, -0.2034481751021207, -0.000831231699282467, -2.198689037409259e-05, 0.20445952808132098, 0.9788750180147316, 0.029859840369436612, 0.0, 0.0, 0.0, 1.0], "right_foot_pose": [0.9886207229663058, -0.14866543226762383, 0.022970750319901184, 3.0551287464557556e-05, 0.15042960520316034, 0.977026609863922, -0.15096336474864694, -0.14782863024347198, -4.341512833613636e-10, 0.15270099170107637, 0.9882724356843652, 1.2928713655213642e-10, 0.0, 0.0, 0.0, 1.0]}, {"left_foot_pose": [0.990632976265248, -0.13357478653085378, 0.028356352711409127, -0.010036833159383932, 0.13655147668181006, 0.9690738320517892, -0.2055470803696294, -0.0010401638294268295, -2.349200264410163e-05, 0.20749381782525106, 0.9782363288144784, 0.03000000017738616, 0.0, 0.0, 0.0, 1.0], "right_foot_pose": [0.988620722965557, -0.148613332189721, 0.023305441822166182, 3.055074576755303e-05, 0.15042960520807977, 0.9766842091031019, -0.15316295102141889, -0.1478286302313383, -4.945767588601535e-10, 0.15492589578284152, 0.9879260938025091, 7.781959104891101e-11, 0.0, 0.0, 0.0, 1.0]}, {"left_foot_pose": [0.9846618321689278, -0.17083686488242947, 0.03543785923096398, -0.012858442948891147, 0.1744737107705488, 0.9641634092063383, -0.19986956896327962, -0.0012536089955129948, -2.27966240115264e-05, 0.20298691077198716, 0.9791814507717966, 0.030000000294020862, 0.0, 0.0, 0.0, 1.0], "right_foot_pose": [0.9886207229631179, -0.1487203875007287, 0.022612219473425368, 3.055023691471252e-05, 0.15042960522410892, 0.9773877745440129, -0.14860710630390694, -0.14782863025493073, -4.3375318142352844e-10, 0.15031761212025357, 0.9886377574655264, 2.7371463429126663e-10, 0.0, 0.0, 0.0, 1.0]}, {"left_foot_pose": [0.9775385665810055, -0.20712452858653035, 0.03895870255233744, -0.01557613681516144, 0.21075661430220807, 0.9607090699573637, -0.18060933649600847, -0.0014591957826253256, -1.9355215740076852e-05, 0.18476339615699178, 0.9827830315313301, 0.029200050598520315, 0.0, 0.0, 0.0, 1.0], "right_foot_pose": [0.9886207229627517, -0.1490723483884603, 0.020161871801885348, 3.0550168559020756e-05, 0.15042960522651833, 0.9797008548702453, -0.13250346726748122, -0.1478286305873397, -4.914547926224717e-12, 0.13402861602083366, 0.9909774619473138, 7.500512641533952e-10, 0.0, 0.0, 0.0, 1.0]}, {"left_foot_pose": [0.9699704747898251, -0.24023050359039258, 0.03803397403254587, -0.018026348429288876, 0.24322269185923956, 0.958046754032982, -0.15162169782591722, -0.0016445540825840502, -1.4168540904960923e-05, 0.1563192957749442, 0.9877065746301779, 0.023138467936190177, 0.0, 0.0, 0.0, 1.0], "right_foot_pose": [0.9886207229600804, -0.14944227328978468, 0.017206774476033145, 3.055005165254927e-05, 0.15042960524407337, 0.9821319945370364, -0.11308262100258884, -0.14782863098314675, 2.1649853048106733e-10, 0.11438423082175346, 0.9934365846591899, 1.525961738912951e-09, 0.0, 0.0, 0.0, 1.0]}, {"left_foot_pose": [0.9629232267693358, -0.26782096024260016, 0.03241593131258335, -0.020045506391705964, 0.2697755720546067, 0.9559502798666334, -0.11567282803457292, -0.0017973000300320861, -8.410732205109506e-06, 0.12012907923412017, 0.9927582808778896, 0.013988197601023142, 0.0, 0.0, 0.0, 1.0], "right_foot_pose": [0.9886207229595402, -0.14984776057510393, 0.013217972067673887, 3.0550159049787945e-05, 0.1504296052476223, 0.9847968497119575, -0.08686828340912887, -0.147828631281358, 4.820352441797375e-10, 0.08786815946650137, 0.9961321130010664, 2.5165537292926032e-09, 0.0, 0.0, 0.0, 1.0]}, {"left_foot_pose": [0.9575137566425782, -0.2874269934206686, 0.02351870092869409, -0.02147004057608151, 0.2883875965224177, 0.9543253206688149, -0.07807545390446227, -0.001905057403520245, -3.498829776644878e-06, 0.08154082280379145, 0.9966700026609812, 0.005203685023697974, 0.0, 0.0, 0.0, 1.0], "right_foot_pose": [0.9886207229626834, -0.15020196325246768, 0.00827262738463318, 3.055048852306213e-05, 0.15042960522696533, 0.9871246636303044, -0.054367566839225945, -0.14782863131223395, 7.52116480527053e-10, 0.054993351305977586, 0.9984867206488712, 3.586530357424511e-09, 0.0, 0.0, 0.0, 1.0]}, {"left_foot_pose": [0.954859801723404, -0.2967903303348021, 0.012580098270716928, -0.022136382843261297, 0.2970568279851271, 0.9540032278180253, -0.04043615041277912, -0.0019554547631904055, -3.959180558053769e-07, 0.04234785865364415, 0.9991029270637208, 0.00023938499194427199, 0.0, 0.0, 0.0, 1.0], "right_foot_pose": [0.9886207229703622, -0.15040797119938823, 0.002551139596786751, 3.055101471420899e-05, 0.1504296051765021, 0.9884785447460839, -0.016766050909695865, -0.14782863093327048, 9.462769504784556e-10, 0.01695903229399603, 0.9998561852704875, 4.389012354943933e-09, 0.0, 0.0, 0.0, 1.0]}, {"left_foot_pose": [0.9547427030988586, -0.29743210358787603, 0.0007173804961930891, -0.022165332215738492, 0.29743296871645813, 0.9547399260872018, -0.0023027495564371145, -0.0019576422343888077, -1.5730486723524894e-10, 0.0024119059467542867, 0.9999970913506222, 5.136715851283835e-09, 0.0, 0.0, 0.0, 1.0], "right_foot_pose": [0.988620723015897, -0.15038947498664748, -0.0034744548874789554, 3.0555614699267434e-05, 0.15042960487724683, 0.9883569900545778, 0.022834057605485635, -0.1478286295041958, -1.6043495444186366e-10, -0.023096883415209293, 0.9997332314055107, 4.623694260796896e-09, 0.0, 0.0, 0.0, 1.0]}, {"left_foot_pose": [0.9547427030874511, -0.2972319973972906, -0.010932091496383942, -0.022165333177026937, 0.2974329687530764, 0.9540975966063192, 0.035091384252803184, -0.0019576424461609006, -1.0316393065665082e-11, -0.03675480748505163, 0.9993243137874399, 4.50295462722794e-09, 0.0, 0.0, 0.0, 1.0], "right_foot_pose": [0.9886207230020168, -0.15014084160289556, -0.00931631545962759, 3.0555006758815114e-05, 0.15042960496846722, 0.9867229752375973, 0.06122666157234583, -0.14782862987449175, 1.1567842497602337e-11, -0.06193139608500589, 0.9980804086740517, 4.2853142007137635e-09, 0.0, 0.0, 0.0, 1.0]}, {"left_foot_pose": [0.9547427031196289, -0.2966487576908447, -0.021584378617491608, -0.022165337540333223, 0.2974329686497866, 0.952225431261639, 0.06928461025914122, -0.001957642502703737, 6.770864945161026e-10, -0.07256888189206408, 0.9973634028682506, 3.1188059079756414e-09, 0.0, 0.0, 0.0, 1.0], "right_foot_pose": [0.9884662188446688, -0.15071441689308523, -0.014822238140730758, 0.00010406855496648002, 0.15144152072935177, 0.9837213139963557, 0.09673594052090856, -0.14781168444824105, 1.4507119535200333e-06, -0.09786491163773027, 0.9951997081330132, 0.000613406475380128, 0.0, 0.0, 0.0, 1.0]}, {"left_foot_pose": [0.9547427031254707, -0.29585362605833526, -0.030610501087120597, -0.022165338188125435, 0.2974329686310347, 0.949673104541733, 0.09825794462229183, -0.0019576424032145805, 3.934395295772101e-10, -0.10291562786186567, 0.9946900891945184, 2.0376394946342025e-09, 0.0, 0.0, 0.0, 1.0], "right_foot_pose": [0.9867748731939263, -0.16067992704142328, -0.021384823568905642, 0.0008789223036368846, 0.16209672912732556, 0.9781550968635602, 0.1301432168269298, -0.14763310616765085, 6.271584765792305e-06, -0.13188846623492806, 0.9912645622813646, 0.006385737762653443, 0.0, 0.0, 0.0, 1.0]}, {"left_foot_pose": [0.95474270312589, -0.2950259914168896, -0.037762881462500085, -0.0221653384080084, 0.29743296862968904, 0.9470164449029869, 0.12121667482421306, -0.001957642602393783, 8.563706114910697e-11, -0.12696266172300372, 0.9919074969613907, 1.1588465187450936e-09, 0.0, 0.0, 0.0, 1.0], "right_foot_pose": [0.9831964973365077, -0.18006353825401605, -0.030029482457522745, 0.0023702664364491453, 0.18255039709122817, 0.9698134706304137, 0.16166998702797777, -0.1472894126852216, 1.212670962658344e-05, -0.16443525891741143, 0.9863878778035072, 0.01544995220612147, 0.0, 0.0, 0.0, 1.0]}, {"left_foot_pose": [0.9547427031234631, -0.2943151859589556, -0.04295278974000748, -0.022165338256977297, 0.2974329686374799, 0.9447348001540644, 0.1378759824819273, -0.0019576429346190548, -1.9235685234095337e-10, -0.14441166397423047, 0.9895176963087599, 5.286037718654768e-10, 0.0, 0.0, 0.0, 1.0], "right_foot_pose": [0.9775920645513696, -0.2065577207761247, -0.04059141921592404, 0.0044182507618649985, 0.21050832525606378, 0.9592621016715623, 0.1884209789130288, -0.1468174437063784, 1.800215621716079e-05, -0.19274368545928908, 0.9812491382882803, 0.024351597354738623, 0.0, 0.0, 0.0, 1.0]}, {"left_foot_pose": [0.9547427031211423, -0.2938379832196041, -0.046104343118307696, -0.02216533780472478, 0.29743296864492874, 0.9432030066985835, 0.14799228803494371, -0.0019576431955442165, -3.9719194052387655e-10, -0.15500750876066757, 0.9879132918570398, 1.8063189138883828e-10, 0.0, 0.0, 0.0, 1.0], "right_foot_pose": [0.9698614907981823, -0.2381943933796379, -0.05130418724854061, 0.006863027762160607, 0.24365690666318962, 0.9481376439242086, 0.2041232960961985, -0.14625403329005235, 2.2406532991328626e-05, -0.21047194382234652, 0.9775998978936067, 0.02963622802837055, 0.0, 0.0, 0.0, 1.0]}, {"left_foot_pose": [0.9547427031151473, -0.29374699110330865, -0.04668057482652607, -0.02216533725961709, 0.2974329686641721, 0.9429109272689871, 0.1498419580369839, -0.0019576429587096203, -2.1926345461911423e-10, -0.1569448580059003, 0.987607367097628, 3.5247638141555626e-11, 0.0, 0.0, 0.0, 1.0], "right_foot_pose": [0.960089819729937, -0.27331528054770304, -0.05938261925906601, 0.00954475714380218, 0.2796918616563333, 0.9382193043199495, 0.2037572072948701, -0.14563600947134495, 2.3961454523231833e-05, -0.21223405575100485, 0.9772188623871971, 0.030000000094584686, 0.0, 0.0, 0.0, 1.0]}, {"left_foot_pose": [0.9547427031196704, -0.29393137947966747, -0.04550510956942597, -0.022165336916223688, 0.2974329686496538, 0.9435028034104018, 0.14606878214378222, -0.001957642885250405, -1.861860964684921e-10, -0.15299282373331508, 0.988227299706959, 1.9351265728717593e-10, 0.0, 0.0, 0.0, 1.0], "right_foot_pose": [0.9486407846862337, -0.30956667029205653, -0.06518541458160389, 0.012303590235437568, 0.3163552766913445, 0.9282992089630857, 0.19539682072145362, -0.14500021590738993, 2.3225615639247862e-05, -0.2059831432005986, 0.9785555396490138, 0.030000000295767285, 0.0, 0.0, 0.0, 1.0]}, {"left_foot_pose": [0.9547427031261783, -0.2944134761288691, -0.042273820516192745, -0.022165336593861162, 0.29743296862876467, 0.9450503060335448, 0.13569652994304865, -0.0019576426945205685, -6.312315021805583e-11, -0.14212889973407947, 0.9898481579820114, 6.314681208485773e-10, 0.0, 0.0, 0.0, 1.0], "right_foot_pose": [0.936197845952668, -0.3449525018034583, -0.06738964856058466, 0.014979678594178994, 0.35147345962497245, 0.9188394598835, 0.1794448498571373, -0.14438348956162106, 2.0318391180888897e-05, -0.19168155482605173, 0.981457172334397, 0.029549803329820434, 0.0, 0.0, 0.0, 1.0]}, {"left_foot_pose": [0.9547427031331033, -0.2951390561482701, -0.036868799139705435, -0.02216533639984799, 0.2974329686065348, 0.94737937628635, 0.11834672185232298, -0.0019576422210514036, 1.4766430788127946e-10, -0.12395666550530912, 0.9922876322300939, 1.4165159253898274e-09, 0.0, 0.0, 0.0, 1.0], "right_foot_pose": [0.9237542893168859, -0.3778417586850075, -0.06255891912809404, 0.017413178594016674, 0.38298565604956636, 0.9113537563089864, 0.15085197420578783, -0.14382266205999586, 1.5130702998314474e-05, -0.1633093269085418, 0.9865749153083817, 0.024078704315015735, 0.0, 0.0, 0.0, 1.0]}, {"left_foot_pose": [0.9547427031370963, -0.29598532696168595, -0.029309674680133117, -0.022165336407514703, 0.2974329685937179, 0.9500958569916714, 0.09408236668361789, -0.0019576418439596803, 4.191878101533213e-10, -0.09854211663368106, 0.9951328812019805, 2.4404653506393537e-09, 0.0, 0.0, 0.0, 1.0], "right_foot_pose": [0.9125561440093647, -0.40566677443764154, -0.05172767294320112, 0.019444239516557736, 0.40895144448456455, 0.9052294023397884, 0.11540556829519598, -0.14335458408656107, 9.205820346800771e-06, -0.1264681669706209, 0.9919706662287668, 0.015112512581045526, 0.0, 0.0, 0.0, 1.0]}, {"left_foot_pose": [0.9547427031344147, -0.29677734681244433, -0.019737710874291516, -0.02216533663884359, 0.2974329686023243, 0.9526381950975784, 0.06335691303747522, -0.001957641775412291, 7.091538498185479e-10, -0.06636019635440621, 0.9977957327728986, 3.5432534406520944e-09, 0.0, 0.0, 0.0, 1.0], "right_foot_pose": [0.9040029297001781, -0.42589993422972516, -0.03725518912326009, 0.020913013015738807, 0.4275262601023589, 0.9005648937236282, 0.07876654820061665, -0.1430160979213819, 4.047735297115452e-06, -0.08713276201100141, 0.9961967083703648, 0.006105673327427244, 0.0, 0.0, 0.0, 1.0]}, {"left_foot_pose": [0.9547427031221073, -0.297311082582687, -0.00851416517355719, -0.022165337071205885, 0.2974329686418304, 0.9543514559806003, 0.02732997681332924, -0.0019576421936092457, 9.365126367406562e-10, -0.02862548