{"LoopMode": "Wrap", "FrameDuration": 0.0167, "EnableCycleOffsetPosition": true, "EnableCycleOffsetRotation": false, "Debug_info": [{"left_foot_pose": [1.0000000000000007, -1.0658006258607588e-13, 9.142298029729549e-12, -1.722971572819902e-12, 2.7245352964101267e-14, 0.9999620375649145, 0.008713405133775453, 1.0063824773531849e-13, -9.143051227951343e-12, -0.00871340513377572, 0.9999620375649145, 2.138260402073655e-11, 0.0, 0.0, 0.0, 1.0], "right_foot_pose": [0.9999999999999998, 2.0330993004855253e-13, 9.115097565626227e-12, -1.4263834224087668e-12, -7.482640223092434e-14, 0.9999007561195519, -0.014088218891978622, -0.14000000000225418, -9.11728671130482e-12, 0.014088218891978437, 0.9999007561195519, 1.646403846589095e-11, 0.0, 0.0, 0.0, 1.0]}, {"left_foot_pose": [1.0000000000000007, -1.499402566464662e-13, 2.0025481273222574e-11, -3.673529773327129e-12, 3.7084552872631565e-14, 0.9999840273199926, 0.005652000078677357, 1.1308575603719007e-12, -2.0026203881862947e-11, -0.005652000078677626, 0.9999840273199928, 4.535542080796873e-11, 0.0, 0.0, 0.0, 1.0], "right_foot_pose": [1.0, 5.283245331858379e-13, 2.0006163392594086e-11, -3.247816324708134e-12, -1.8508230377158995e-13, 0.9998529161651509, -0.017150686168299432, -0.1400000000040077, -2.0012318406275323e-11, 0.017150686168299248, 0.999852916165151, 3.7861956625473425e-11, 0.0, 0.0, 0.0, 1.0]}, {"left_foot_pose": [1.0000000000000007, -4.706668135872106e-14, 3.472994114517292e-11, -6.285663234849384e-12, -1.8863759756780958e-15, 0.9999989931392242, 0.0014190562140248466, 2.9221538383472634e-12, -3.473023288014902e-11, -0.0014190562140251166, 0.9999989931392244, 7.765300902295991e-11, 0.0, 0.0, 0.0, 1.0], "right_foot_pose": [0.9999999999999998, 1.1288810181796999e-12, 3.475775223193977e-11, -5.758099853849767e-12, -3.852344639053992e-13, 0.9997712852838804, -0.021386377014773306, -0.14000000000594884, -3.477391197974704e-11, 0.021386377014773125, 0.9997712852838803, 6.725757450976033e-11, 0.0, 0.0, 0.0, 1.0]}, {"left_foot_pose": [1.0000000000000007, 3.4820169940840056e-13, 5.300815342224042e-11, -9.516705140848949e-12, -1.3810599902016576e-13, 0.999992170461619, -0.003957147389334504, 5.611146963735436e-12, -5.3009446150024684e-11, 0.003957147389334231, 0.9999921704616193, 1.1803875932248076e-10, 0.0, 0.0, 0.0, 1.0], "right_foot_pose": [0.9999999999999998, 2.144215699482129e-12, 5.314687578916731e-11, -8.930020640928755e-12, -7.20754608237804e-13, 0.9996416673109121, -0.026768208305002084, -0.1400000000078534, -5.3185352172510854e-11, 0.026768208305001904, 0.9996416673109119, 1.0414911294498452e-10, 0.0, 0.0, 0.0, 1.0]}, {"left_foot_pose": [1.0000000000000004, 1.2165690375628237e-12, 7.502354293364987e-11, -1.3395220936837315e-11, -4.3140834726104225e-13, 0.9999452905958043, -0.010460201492967952, 9.423288538368269e-12, -7.50324312217405e-11, 0.010460201492967681, 0.9999452905958042, 1.6724661933142926e-10, 0.0, 0.0, 0.0, 1.0], "right_foot_pose": [1.0, 3.763911817550391e-12, 7.537120927381122e-11, -1.2809910367630228e-11, -1.253332448969464e-12, 0.9994460251932097, -0.03328126688534944, -0.1400000000095028, -7.545486146550575e-11, 0.03328126688534925, 0.9994460251932096, 1.488851611441966e-10, 0.0, 0.0, 0.0, 1.0]}, {"left_foot_pose": [1.0000000000000004, 2.7947918865072237e-12, 1.0135214889572805e-10, -1.802133690178346e-11, -9.598974805892509e-13, 0.9998362474692034, -0.018096360040147717, 1.469768577677666e-11, -1.0138621845707758e-10, 0.018096360040147447, 0.9998362474692035, 2.2704524371697232e-10, 0.0, 0.0, 0.0, 1.0], "right_foot_pose": [0.9999999999999998, 6.250488888810864e-12, 1.0205103428972958e-10, -1.752096298851223e-11, -2.0678831000654814e-12, 0.999161867426511, -0.0409336375218121, -0.14000000001064833, -1.0222137313021996e-10, 0.040933637521811915, 0.999161867426511, 2.0270304185165955e-10, 0.0, 0.0, 0.0, 1.0]}, {"left_foot_pose": [1.0000000000000004, 5.4082014944944365e-12, 1.329401033700605e-10, -2.355992129708229e-11, -1.830207698985773e-12, 0.9996382078885345, -0.026897087749413517, 2.1910187206208853e-11, -1.3303770077378626e-10, 0.02689708774941325, 0.9996382078885347, 3.002550499897616e-10, 0.0, 0.0, 0.0, 1.0], "right_foot_pose": [0.9999999999999998, 9.972302399534746e-12, 1.3419504396594556e-10, -2.325968669779085e-11, -3.2824965987160524e-12, 0.9987612527114377, -0.04975902010972026, -0.1400000000109611, -1.345249992699046e-10, 0.049759020109720074, 0.9987612527114378, 2.6768009336874954e-10, 0.0, 0.0, 0.0, 1.0]}, {"left_foot_pose": [1.0000000000000007, 9.51022470406776e-12, 1.7102480542874317e-10, -3.022870845684527e-11, -3.1896238286676163e-12, 0.9993183223462844, -0.036917348537078294, 3.1687050552897666e-11, -1.7125935974234084e-10, 0.03691734853707801, 0.9993183223462849, 3.9074653235271484e-10, 0.0, 0.0, 0.0, 1.0], "right_foot_pose": [1.0, 1.544323820452453e-11, 1.7312701272587098e-10, -3.0286660722404795e-11, -5.0599217997891375e-12, 0.9982094732408767, -0.059815111235972704, -0.14000000000997112, -1.7374102807725716e-10, 0.059815111235972517, 0.9982094732408765, 3.466308559629816e-10, 0.0, 0.0, 0.0, 1.0]}, {"left_foot_pose": [1.0000000000000007, 1.571562646625051e-11, 2.1691837215342934e-10, -3.8264538337641266e-11, -5.235145906506872e-12, 0.9988362843902548, -0.048229420331067384, 4.477155451931836e-11, -2.174242074550937e-10, 0.0482294203310671, 0.9988362843902552, 5.032066152654835e-10, 0.0, 0.0, 0.0, 1.0], "right_foot_pose": [0.9999999999999998, 2.335279092625362e-11, 2.20277629470189e-10, -3.889270231844507e-11, -7.614703059058583e-12, 0.9974636644415897, -0.07117751132735559, -0.14000000000700474, -2.2138119397472396e-10, 0.07117751132735542, 0.9974636644415896, 4.4275836469376273e-10, 0.0, 0.0, 0.0, 1.0]}, {"left_foot_pose": [1.0000000000000007, 2.477619107278054e-11, 2.7135477198569855e-10, -4.7818537615589096e-11, -8.202228277116916e-12, 0.9981433974375189, -0.06090778400079939, 6.182765063811324e-11, -2.7236030301074803e-10, 0.06090778400079911, 0.9981433974375193, 6.419701367721409e-10, 0.0, 0.0, 0.0, 1.0], "right_foot_pose": [0.9999999999999998, 3.4523805685740806e-11, 2.7652286016532897e-10, -4.928394020061434e-11, -1.1194858111337861e-11, 0.9964721042522005, -0.083924641477887, -0.14000000000116047, -2.784448634313731e-10, 0.08392464147788686, 0.9964721042522003, 5.584510909262264e-10, 0.0, 0.0, 0.0, 1.0]}, {"left_foot_pose": [1.0000000000000004, 3.732449741749845e-11, 3.326104391909717e-10, -5.864537414302252e-11, -1.2275675355275763e-11, 0.9971840789425104, -0.07499275100686713, 8.276873630919113e-11, -3.344731436985448e-10, 0.07499275100686682, 0.9971840789425109, 8.068447576725646e-10, 0.0, 0.0, 0.0, 1.0], "right_foot_pose": [1.0, 4.9589906712819045e-11, 3.4025393613745765e-10, -6.123259531591081e-11, -1.597133801760097e-11, 0.9951764478890003, -0.09810115986588526, -0.13999999999147691, -3.4347769935139153e-10, 0.09810115986588508, 0.9951764478890003, 6.91530915863936e-10, 0.0, 0.0, 0.0, 1.0]}, {"left_foot_pose": [1.0000000000000004, 5.286157075845026e-11, 3.9145658936590073e-10, -6.924584898235082e-11, -1.7256164434225082e-11, 0.9959053255143586, -0.09040233742631124, 1.0484770517071862e-10, -3.9463281129466315e-10, 0.0904023374263109, 0.9959053255143585, 9.802439346340286e-10, 0.0, 0.0, 0.0, 1.0], "right_foot_pose": [1.0, 6.777605084689197e-11, 4.0213044005810125e-10, -7.310645870013189e-11, -2.1643370517844172e-11, 0.9935232610539002, -0.11362891245111889, -0.1399999999777764, -4.0722749242113675e-10, 0.11362891245111867, 0.9935232610539001, 8.24582263581064e-10, 0.0, 0.0, 0.0, 1.0]}, {"left_foot_pose": [1.0000000000000002, 6.669926479093678e-11, 4.1916803361630054e-10, -7.475318626580848e-11, -2.1585154594069946e-11, 0.9942893050840792, -0.10671821679272894, 1.1813524984638502e-10, -4.238924650579722e-10, 0.10671821679272865, 0.9942893050840789, 1.0925186935684117e-09, 0.0, 0.0, 0.0, 1.0], "right_foot_pose": [0.9999999999999999, 8.328390989099312e-11, 4.324854363524362e-10, -7.949413063831315e-11, -2.631410548255194e-11, 0.9915021881240561, -0.13009001093554073, -0.1399999999633742, -4.396447839457381e-10, 0.13009001093554054, 0.9915021881240561, 8.980818172465987e-10, 0.0, 0.0, 0.0, 1.0]}, {"left_foot_pose": [1.0000000000000004, 6.352026600611513e-11, 3.4792163594587914e-10, -6.320405193005343e-11, -2.0362401092743033e-11, 0.9924481271661694, -0.12266505160135767, 9.88841057647516e-11, -3.5308600045362366e-10, 0.12266505160135738, 0.9924481271661696, 9.541493983800109e-10, 0.0, 0.0, 0.0, 1.0], "right_foot_pose": [0.9999999999999998, 7.779747459839094e-11, 3.6047553830798015e-10, -6.715262299276137e-11, -2.4260640331232123e-11, 0.9892553092322168, -0.14619826659667015, -0.1399999999608077, -3.679761724997766e-10, 0.14619826659667, 0.9892553092322168, 7.624326031629991e-10, 0.0, 0.0, 0.0, 1.0]}, {"left_foot_pose": [1.0000000000000004, 1.3180955901374143e-10, 6.507021588220116e-10, -2.449147711036271e-09, -3.906936087644274e-11, 0.9900788265933035, -0.14051304968446207, -1.3454093467785144e-08, -6.627675468246529e-10, 0.14051304968446182, 0.9900788265933035, 0.005517079693639661, 0.0, 0.0, 0.0, 1.0], "right_foot_pose": [0.9999999999999998, 5.607611660479486e-11, 2.378852115292315e-10, 3.878541977376573e-11, -1.7303188169872414e-11, 0.9871243490655904, -0.15995474197983192, -0.1400000002934524, -2.437920928459881e-10, 0.15995474197983175, 0.9871243490655902, 4.966155264796157e-10, 0.0, 0.0, 0.0, 1.0]}, {"left_foot_pose": [1.0000000000000002, 1.967690419230493e-10, 8.326120348733888e-10, -3.9065374417864775e-09, -5.8790677083662e-11, 0.9866965134244234, -0.16257303096174333, -1.9577918945745676e-08, -8.53524847291533e-10, 0.16257303096174314, 0.9866965134244231, 0.01816899580880823, 0.0, 0.0, 0.0, 1.0], "right_foot_pose": [0.9999999999999999, 2.6845941285609942e-11, 1.0682565942943242e-10, 1.1150402736443327e-10, -8.274876469125005e-12, 0.9854132595149465, -0.17017845918954874, -0.14000000033215476, -1.0983614333015027e-10, 0.17017845918954852, 0.9854132595149465, 4.5195196890501776e-10, 0.0, 0.0, 0.0, 1.0]}, {"left_foot_pose": [1.0000000000000004, 1.4780944318182836e-10, 5.532128088958617e-10, -2.589045446081054e-09, -4.342258832027924e-11, 0.9829031348681907, -0.18412340282072914, -1.1929094913265548e-08, -5.709697080573391e-10, 0.18412340282072887, 0.9829031348681907, 0.031638525228859966, 0.0, 0.0, 0.0, 1.0], "right_foot_pose": [1.0, 4.7893422940888595e-12, 1.8051504735439013e-11, 9.662195924848387e-11, -1.5383013333857815e-12, 0.9843980864672457, -0.1759556971502356, -0.1400000001400741, -1.861272287778358e-11, 0.17595569715023543, 0.9843980864672455, 2.377894894878274e-10, 0.0, 0.0, 0.0, 1.0]}, {"left_foot_pose": [1.0, 3.3705373766126917e-13, 3.830824546469097e-12, 7.463422083806112e-11, 4.183888698546795e-13, 0.9807230522623515, -0.19540290366629204, -4.4718108035968207e-10, -3.823154430667723e-12, 0.1954029036662917, 0.9807230522623513, 0.039607547491042526, 0.0, 0.0, 0.0, 1.0], "right_foot_pose": [0.9999999999999997, 1.938304439947245e-12, 7.221556685976783e-12, 2.6370178499174895e-11, -6.324190360320846e-13, 0.9842812991720088, -0.17660782570504327, -0.13999999998255663, -7.450478501542975e-12, 0.1766078257050431, 0.9842812991720085, 3.050077551636221e-11, 0.0, 0.0, 0.0, 1.0]}, {"left_foot_pose": [1.0000000000000007, 3.6879384718633636e-11, 1.336161181697542e-10, 4.2509774029654324e-11, -1.0816755394764807e-11, 0.981779400859571, -0.1900242301597953, 6.059900498067705e-11, -1.3818978159766246e-10, 0.19002423015979503, 0.981779400859571, 0.04000000024396297, 0.0, 0.0, 0.0, 1.0], "right_foot_pose": [1.0, 2.1474749091315094e-11, 8.448608479483245e-11, 2.559637609370368e-13, -6.636157808785152e-12, 0.9851228875502903, -0.17185137888471658, -0.13999999998097137, -8.691962443148448e-11, 0.1718513788847164, 0.9851228875502904, 1.7353262576902395e-10, 0.0, 0.0, 0.0, 1.0]}, {"left_foot_pose": [1.0000000000000004, 1.0010754848992995e-10, 3.842239859608282e-10, 6.686202754341355e-11, -3.0191834827294776e-11, 0.9840642763085526, -0.1778131043914528, 1.6283004805606183e-10, -3.9590164444776097e-10, 0.17781310439145254, 0.9840642763085525, 0.04000000068156898, 0.0, 0.0, 0.0, 1.0], "right_foot_pose": [0.9999999999999999, 5.798027302905572e-11, 2.4175184076824476e-10, -1.732260605304707e-11, -1.8029428913784313e-11, 0.9867769318321096, -0.16208419665102666, -0.13999999995370704, -2.479527986888522e-10, 0.16208419665102647, 0.9867769318321096, 4.92699464560431e-10, 0.0, 0.0, 0.0, 1.0]}, {"left_foot_pose": [1.0000000000000004, 3.3851383411410717e-10, 1.4640043066727002e-09, -2.3545341066334647e-09, -1.0579773926227733e-10, 0.9877376208980597, -0.15612300363060505, -8.524215472371921e-09, -1.4989020523581061e-09, 0.15612300363060475, 0.9877376208980598, 0.03757000669084901, 0.0, 0.0, 0.0, 1.0], "right_foot_pose": [1.0, 1.110047413050147e-10, 5.100525002355021e-10, -1.1324794137380467e-10, -3.4812010809403846e-11, 0.9891339241354165, -0.14701727831949638, -0.14000000026655976, -5.208300604457593e-10, 0.14701727831949613, 0.9891339241354166, 1.0429496710706587e-09, 0.0, 0.0, 0.0, 1.0]}, {"left_foot_pose": [1.0000000000000002, 4.0638609841643673e-10, 2.2571444158181394e-09, -4.910298749764464e-09, -1.3061722877217547e-10, 0.9926700352207279, -0.12085611765599492, -2.1885901899804105e-08, -2.289713932118677e-09, 0.12085611765599463, 0.9926700352207279, 0.02671518664114654, 0.0, 0.0, 0.0, 1.0], "right_foot_pose": [0.9999999999999998, 1.6137678061531897e-10, 8.621734992608757e-10, -1.9919226648138754e-10, -5.1261907660293274e-11, 0.9920021843502161, -0.12622070449969747, -0.14000000076637087, -8.756471683206375e-10, 0.12622070449969727, 0.9920021843502159, 1.9678833632075232e-09, 0.0, 0.0, 0.0, 1.0]}, {"left_foot_pose": [1.0000000000000004, 2.6242392551888623e-10, 2.1059762267405756e-09, -4.096073519883958e-09, -8.68950842845227e-11, 0.9965563157906258, -0.08291869184819371, -2.1763760345988592e-08, -2.120483737191063e-09, 0.08291869184819342, 0.996556315790626, 0.012812779467592031, 0.0, 0.0, 0.0, 1.0], "right_foot_pose": [1.0, 1.8533266891490147e-10, 1.2446386699060943e-09, -2.6678950203696536e-10, -5.973787072559456e-11, 0.9949713626739656, -0.10015980959802326, -0.14000000095033927, -1.2569428154403054e-09, 0.10015980959802306, 0.9949713626739656, 2.8394399678721705e-09, 0.0, 0.0, 0.0, 1.0]}, {"left_foot_pose": [1.0000000000000004, 1.2760424513977025e-10, 1.7830667498053269e-09, -1.894715472516451e-09, -4.3167438985556334e-11, 0.9988819302507752, -0.04727461706334751, -9.36139021336102e-09, -1.7871059349344152e-09, 0.04727461706334724, 0.9988819302507754, 0.0021809028448665016, 0.0, 0.0, 0.0, 1.0], "right_foot_pose": [1.0, 1.6406077033481838e-10, 1.5796026153758183e-09, -3.356300369909973e-10, -5.3627542417265524e-11, 0.9975708123451847, -0.06965970396842372, -0.14000000058705944, -1.587193838958459e-09, 0.06965970396842354, 0.9975708123451849, 3.361379910526985e-09, 0.0, 0.0, 0.0, 1.0]}, {"left_foot_pose": [1.0000000000000007, 3.4366891413761166e-11, 1.6979463945965276e-09, -1.453048420319953e-10, -1.1172651386131698e-11, 0.9999067239847399, -0.013658086619526378, 3.406652321347181e-10, -1.6982576201720842e-09, 0.013658086619526109, 0.9999067239847399, 3.6544039599961664e-09, 0.0, 0.0, 0.0, 1.0], "right_foot_pose": [0.9999999999999999, 9.344612613798085e-11, 1.7098882865163028e-09, -3.3603022931047027e-10, -3.098112025224325e-11, 0.9993338283955695, -0.03649519727655181, -0.14000000010362879, -1.712159489697742e-09, 0.03649519727655164, 0.9993338283955697, 3.546291579836769e-09, 0.0, 0.0, 0.0, 1.0]}, {"left_foot_pose": [1.0000000000000004, -4.557027896675098e-11, 1.5598120017834573e-09, -1.6184139501971703e-10, 1.5129887069639938e-11, 0.9998096604257576, 0.01951007225338719, 2.1761493648742025e-10, -1.5604043341784232e-09, -0.019510072253387464, 0.9998096604257577, 3.3203269717008155e-09, 0.0, 0.0, 0.0, 1.0], "right_foot_pose": [0.9999999999999998, 8.05463717240775e-12, 1.556672735159026e-09, -3.588514091220731e-10, -2.907906165429553e-12, 0.9999945345679394, -0.0033061812185999962, -0.14000000019061615, -1.55669090941479e-09, 0.0033061812185998163, 0.9999945345679394, 3.3480944544583835e-09, 0.0, 0.0, 0.0, 1.0]}, {"left_foot_pose": [1.0000000000000004, -8.756748305247211e-11, 1.1776186692458187e-09, -4.499583472364619e-11, 2.8884080339028134e-11, 0.9987621758416164, 0.04974048761442947, 3.5450637564382603e-10, -1.1805168483474e-09, -0.04974048761442974, 0.9987621758416165, 2.5862000249676775e-09, 0.0, 0.0, 0.0, 1.0], "right_foot_pose": [0.9999999999978044, -2.094673508921263e-06, -5.6393705816216834e-08, 8.381657604289046e-05, 2.0954324986870583e-06, 0.9996371259329353, 0.026937268832420563, -0.14000010119564582, -5.154148792811262e-11, -0.026937268832479776, 0.99963712593513, 0.000509636754332736, 0.0, 0.0, 0.0, 1.0]}, {"left_foot_pose": [1.0000000000000002, -8.660256965824158e-11, 7.716434713422889e-10, 2.7698645940028407e-10, 2.8490566016465302e-11, 0.9971840022050108, 0.07499377138401521, 7.480566322631832e-10, -7.759653752258873e-10, -0.07499377138401546, 0.9971840022050107, 1.9980967921884307e-09, 0.0, 0.0, 0.0, 1.0], "right_foot_pose": [0.9999999991818573, -4.0390069454742106e-05, -2.2197194399773325e-06, 0.001618027827849285, 4.0451017184656e-05, 0.9985048941366174, 0.05466237050236165, -0.1400020082310816, 8.58378329795841e-09, -0.05466237054743014, 0.9985048949535176, 0.008780415359290694, 0.0, 0.0, 0.0, 1.0]}, {"left_foot_pose": [1.0000000000000004, -6.030117898679147e-11, 4.255111263340451e-10, 3.62043287255066e-10, 1.9784466243201444e-11, 0.9955168508958752, 0.09458435167806944, 6.301379279483044e-10, -4.2930725780894764e-10, -0.09458435167806974, 0.9955168508958753, 1.313931893842657e-09, 0.0, 0.0, 0.0, 1.0], "right_foot_pose": [0.9999999928763526, -0.00011896143472342577, -9.770968719845781e-06, 0.0047744378944588085, 0.000119362030383074, 0.9966589074847568, 0.08167623818465503, -0.14000595148152462, 2.200053223645706e-08, -0.08167623876910514, 0.9966589145843886, 0.022328667243062136, 0.0, 0.0, 0.0, 1.0]}, {"left_foot_pose": [1.0000000000000004, -2.777314471843457e-11, 1.6979478933976168e-10, 2.1626687071585765e-10, 9.24684207612472e-12, 0.9941343424515962, 0.1081522498995438, 2.652120511051348e-10, -1.7180282015943807e-10, -0.10815224989954408, 0.9941343424515962, 6.149892817219893e-10, 0.0, 0.0, 0.0, 1.0], "right_foot_pose": [0.9999999738437249, -0.00022743543120223042, -2.4200696841889922e-05, 0.009148700466133537, 0.00022871936454573694, 0.9944035306179732, 0.1056483127265253, -0.14001142711203096, 3.708882216684271e-08, -0.10564831549832716, 0.9944035566269686, 0.03483626466647384, 0.0, 0.0, 0.0, 1.0]}, {"left_foot_pose": [1.0000000000000002, -4.939105013462842e-12, 2.5702329153887252e-11, -6.01722847593753e-11, 1.9408579180319774e-12, 0.9933213326438715, 0.1153808047926715, 1.8921475497535312e-11, -2.6100719837932762e-11, -0.11538080479267174, 0.9933213326438715, 3.153137403955064e-10, 0.0, 0.0, 0.0, 1.0], "right_foot_pose": [0.9999999357698507, -0.00035586368729579487, -4.2677049226055616e-05, 0.0143364679373633, 0.0003584135770090188, 0.9929014107711301, 0.11893973275742441, -0.14001792006584737, 4.777051894826302e-08, -0.11893974041394166, 0.9929014745433015, 0.0400000044094729, 0.0, 0.0, 0.0, 1.0]}, {"left_foot_pose": [1.0000000000000007, -1.876407222302426e-12, 7.50666195870057e-12, -4.675879510298515e-11, 9.904842482361505e-13, 0.9932070104753483, 0.11636079383805416, 4.659918631522153e-11, -7.674413601437883e-12, -0.11636079383805444, 0.9932070104753485, 3.3857171233275807e-10, 0.0, 0.0, 0.0, 1.0], "right_foot_pose": [0.9999998758309363, -0.0004947128881860664, -5.9977244853122314e-05, 0.019933334096016424, 0.0004983353380224214, 0.9927428793829003, 0.12025525808229434, -0.14002491611040785, 5.015670745950475e-08, -0.12025527303909231, 0.992743002647861, 0.04000000434410843, 0.0, 0.0, 0.0, 1.0]}, {"left_foot_pose": [1.0000000000000004, -1.7190287669078178e-11, 1.0041856235432115e-10, -4.988960787693941e-11, 5.9014325099171815e-12, 0.9937805385506225, 0.11135637026248209, 6.38842260342054e-11, -1.0170831089265906e-10, -0.1113563702624824, 0.9937805385506228, 6.230831198217324e-10, 0.0, 0.0, 0.0, 1.0], "right_foot_pose": [0.9999997962382474, -0.0006342117961720848, -7.279327572700662e-05, 0.025534957288360347, 0.0006383756427885229, 0.9934853921155186, 0.11395774712415391, -0.14003191830496672, 4.5708587539753203e-08, -0.11395777037337802, 0.9934855945465572, 0.04000000367866982, 0.0, 0.0, 0.0, 1.0]}, {"left_foot_pose": [1.0000000000000004, -4.8580023811811366e-11, 3.219977617874302e-10, -3.8638685658014404e-10, 1.6097295117942404e-11, 0.9949752042479483, 0.10012164067650117, 4.099533620557927e-10, -3.2524383308226284e-10, -0.10012164067650145, 0.9949752042479485, 1.433680285600758e-09, 0.0, 0.0, 0.0, 1.0], "right_foot_pose": [0.9999997047611043, -0.0007648583437188011, -7.395551060506597e-05, 0.030736973533121048, 0.0007684254696343552, 0.9953617768058796, 0.09619949478110593, -0.14003841131282752, 3.35021955445664e-08, -0.09619952320857149, 0.9953620706730001, 0.03506671403392354, 0.0, 0.0, 0.0, 1.0]}, {"left_foot_pose": [1.0000000000000004, -7.92017736466282e-11, 6.364976878892052e-10, -6.140965811370616e-10, 2.631839242263383e-11, 0.9965778382133169, 0.08265961760177834, 7.582619306750749e-10, -6.408665197816338e-10, -0.0826596176017786, 0.9965778382133171, 2.5209775378343124e-09, 0.0, 0.0, 0.0, 1.0], "right_foot_pose": [0.9999996142276689, -0.0008763021373116847, -6.032476290351146e-05, 0.035135007331433384, 0.0008783760655591849, 0.9976399396757798, 0.06865696773958142, -0.14004390122244004, 1.8145252383955795e-08, -0.06865699424145101, 0.9976403245367184, 0.022659682292275586, 0.0, 0.0, 0.0, 1.0]}, {"left_foot_pose": [1.0000000000000004, -9.922762574535122e-11, 9.55718670869745e-10, -6.940915989592645e-10, 3.313556372896232e-11, 0.9976230280889828, 0.06890786476570825, 7.861952529969463e-10, -9.602845964748841e-10, -0.06890786476570852, 0.9976230280889832, 3.3790950107470685e-09, 0.0, 0.0, 0.0, 1.0], "right_foot_pose": [0.9999995410040987, -0.0009569777030784755, -4.6746840039462025e-05, 0.03832472772716852, 0.0009581187771815131, 0.998808967569514, 0.04878245905169335, -0.14004789067140538, 7.43742307292057e-09, -0.04878248144977, 0.9988094260185987, 0.009063336064114795, 0.0, 0.0, 0.0, 1.0]}, {"left_foot_pose": [1.0000000000000004, -8.261098876345989e-11, 1.326383114452769e-09, -6.520798433412703e-10, 2.7710135810419676e-11, 0.9991452028073978, 0.04133840474625244, 3.627677932355189e-10, -1.3286645362216497e-09, -0.0413384047462527, 0.9991452028073978, 4.375002735090838e-09, 0.0, 0.0, 0.0, 1.0], "right_foot_pose": [0.9999995024524901, -0.0009973653977133187, -1.889538287779771e-05, 0.039901776395343896, 0.000997544370967932, 0.999820079698506, 0.01894236355107571, -0.14004987316597425, -4.74742048332573e-10, -0.018942372975332904, 0.9998205771567535, 0.0005957973291538868, 0.0, 0.0, 0.0, 1.0]}, {"left_foot_pose": [1.0000000000000004, -2.4165141002847154e-11, 1.4704542583565691e-09, -7.131729826044933e-10, 8.521571783429738e-12, 0.9999434160607489, 0.010637888736078936, 1.2310257674341685e-10, -1.470628447620691e-09, -0.010637888736079203, 0.9999434160607488, 5.054534089887763e-09, 0.0, 0.0, 0.0, 1.0], "right_foot_pose": [0.9999995000000517, -0.0009999301589345895, 1.1803564531459979e-05, 0.04000000035256991, 0.000999999823440249, 0.9999298528861169, -0.011802089115992627, -0.14005000031093076, -1.4717001424279232e-09, 0.01180209501851094, 0.9999303528512243, 5.112071162216569e-09, 0.0, 0.0, 0.0, 1.0]}, {"left_foot_pose": [1.0000000000000004, 3.8381267329573134e-11, 1.3257787645493118e-09, -7.571187927543788e-10, -1.1728759184179596e-11, 0.9997980311527054, -0.020097186449219942, 1.2486009275114451e-10, -1.3262824384578065e-09, 0.02009718644921967, 0.9997980311527055, 5.075344873539667e-09, 0.0, 0.0, 0.0, 1.0], "right_foot_pose": [0.9999995000000701, -0.0009990917851555848, 4.2605331020356955e-05, 0.040000000222943, 0.0009999998046974967, 0.9990915378213362, -0.042603979323391085, -0.140050000257785, -1.3399316238720156e-09, 0.04260400062672693, 0.9990920373672276, 4.620533428090212e-09, 0.0, 0.0, 0.0, 1.0]}, {"left_foot_pose": [0.9999999998531149, -1.7119326636141837e-05, 8.365502535137892e-07, 0.0006843945886848301, 1.7139751234114334e-05, 0.9988348290599591, -0.048259547894610774, 3.3468502803717104e-07, -9.404566032227358e-09, 0.04825954790186012, 0.9988348292066658, 0.0020214394831697957, 0.0, 0.0, 0.0, 1.0], "right_foot_pose": [0.9999995000000768, -0.0009975214425779813, 7.036026851109945e-05, 0.04000000064060996, 0.0009999997978934333, 0.997521215777975, -0.07035925009005382, -0.1400500007029328, -9.999391980856449e-10, 0.07035928527068833, 0.9975217145386851, 4.0692680128295855e-09, 0.0, 0.0, 0.0, 1.0]}, {"left_foot_pose": [0.9999999928232666, -0.00011945810017852179, 9.123035534077702e-06, 0.004783833392127737, 0.00011980595298236564, 0.9971175824399288, -0.07587168401773252, 2.374363332752205e-06, -3.325190646958336e-08, 0.07587168456621532, 0.9971175895956729, 0.012500288533236294, 0.0, 0.0, 0.0, 1.0], "right_foot_pose": [0.9999995000000721, -0.0009956301057850363, 9.338253640279186e-05, 0.040000000992055175, 0.0009999998028250834, 0.9956298647142174, -0.09338186381489373, -0.14005000097451673, -6.471370113798372e-10, 0.09338191050648638, 0.9956303625292665, 3.34785394545678e-09, 0.0, 0.0, 0.0, 1.0]}, {"left_foot_pose": [0.99999995570621, -0.00029603568065777477, 3.0829441794838634e-05, 0.011884531713383798, 0.00029763664849724407, 0.994643462837018, -0.10336485499439321, 5.9251213939022496e-06, -6.46175400628349e-08, 0.10336485959194346, 0.994643506891557, 0.026398327588686245, 0.0, 0.0, 0.0, 1.0], "right_foot_pose": [0.999999500000061, -0.0009938204424409121, 0.00011099800054143458, 0.040000000848559654, 0.000999999813968778, 0.9938201686858822, -0.11099762300849916, -0.1400500007029891, -3.4481383364044387e-10, 0.11099767850767413, 0.993820665596116, 2.2204845948059493e-09, 0.0, 0.0, 0.0, 1.0]}, {"left_foot_pose": [0.999999859330772, -0.0005261496953832937, 6.711881433930534e-05, 0.02117921241683942, 0.0005304134502343642, 0.9919839131880219, -0.12636310631569572, 1.0582145495353912e-05, -9.487420128710057e-08, 0.1263631241410167, 0.9919840527232857, 0.03739744320691422, 0.0, 0.0, 0.0, 1.0], "right_foot_pose": [0.9999995000000499, -0.0009924298026352946, 0.0001228117951223627, 0.04000000032658086, 0.0009999998250899871, 0.9924294953975488, -0.12281163082264276, -0.14005000024355166, -1.2532367718099018e-10, 0.12281169222860695, 0.9924299916124794, 1.1898781127062108e-09, 0.0, 0.0, 0.0, 1.0]}, {"left_foot_pose": [0.9999996816641118, -0.0007904819842481994, 0.00010867340709293303, 0.0318606022186128, 0.0007979170786512908, 0.9907005642924084, -0.13605791134307532, 1.592783428298883e-05, -1.1147799974850873e-07, 0.13605795474332633, 0.9907008796559392, 0.04000001888515094, 0.0, 0.0, 0.0, 1.0], "right_foot_pose": [0.9999995000000433, -0.0009917044187783804, 0.00012853796628182172, 0.039999999846329654, 0.0009999998315002342, 0.9917040918718361, -0.128537909446957, -0.140050000072551, -1.4343616443457844e-11, 0.12853797371595224, 0.9917045877240849, 8.174667470717267e-10, 0.0, 0.0, 0.0, 1.0]}, {"left_foot_pose": [0.9999994168764286, -0.0010698905078792378, 0.00014690508876038163, 0.043121334702802945, 0.0010799290676508837, 0.9907180878101878, -0.1359283055104232, 2.1558058008745024e-05, -1.1312480877228533e-07, 0.13592838489449943, 0.9907186655049763, 0.04000001957963686, 0.0, 0.0, 0.0, 1.0], "right_foot_pose": [0.9999995000000432, -0.0009917137730180929, 0.00012846577443637549, 0.03999999986240538, 0.0009999998313976895, 0.99171344628904, -0.1284657170215174, -0.14005000011159133, -1.4965619621328108e-11, 0.12846578125441707, 0.9917139421459659, 7.89161132275229e-10, 0.0, 0.0, 0.0, 1.0]}, {"left_foot_pose": [0.9999990803183039, -0.0013460898701437983, 0.00016554337576704108, 0.05415413026631721, 0.001356231004851389, 0.9925302966557443, -0.12199086382972704, 2.7073311426314278e-05, -9.614980817316403e-08, 0.12199097615202097, 0.9925312094526142, 0.039677520184924084, 0.0, 0.0, 0.0, 1.0], "right_foot_pose": [0.9999995000000519, -0.0009930403156765645, 0.00011777341460795165, 0.039999999734285654, 0.0009999998228737204, 0.9930400151034308, -0.11777320749530631, -0.14005000022351527, -1.7027188432464065e-10, 0.11777326638210224, 0.9930405116236146, 1.2077854619207962e-09, 0.0, 0.0, 0.0, 1.0]}, {"left_foot_pose": [0.9999987094082885, -0.0015987051856246872, 0.0001591335529551308, 0.06415166238482757, 0.0016066056621162473, 0.9950854342839311, -0.09900705678994468, 3.206078744650252e-05, -6.838554817860148e-08, 0.09900718467712472, 0.9950867185237205, 0.031913997325841034, 0.0, 0.0, 0.0, 1.0], "right_foot_pose": [0.9999995000000641, -0.000994556504472323, 0.00010419683770335661, 0.039999999326156596, 0.0009999998107877311, 0.9945562407405347, -0.10419637231897395, -0.14005000061762155, -4.3537118616583825e-10, 0.1041964244176123, 0.9945567380187944, 2.1046918027844974e-09, 0.0, 0.0, 0.0, 1.0]}, {"left_foot_pose": [0.9999983604355804, -0.0018065366096179536, 0.00012470617499252715, 0.07230660601404501, 0.0018108357602559242, 0.9976256365456372, -0.06884627935308275, 3.613381850814737e-05, -3.675312096927117e-08, 0.06884639229757356, 0.9976272722152338, 0.018501303538229617, 0.0, 0.0, 0.0, 1.0], "right_foot_pose": [0.9999995000000748, -0.0009964174608442311, 8.456857881622858e-05, 0.039999999125962984, 0.000999999800398852, 0.9964172272220259, -0.08456777929902834, -0.14005000086521166, -7.768958041232688e-10, 0.08456782158370675, 0.9964177254307485, 3.167227882738821e-09, 0.0, 0.0, 0.0, 1.0]}, {"left_foot_pose": [0.9999981012751356, -0.0019472923149700728, 7.415365622535425e-05, 0.07781169823081285, 0.0019487037036250905, 0.9992740730199499, -0.038046413024048244, 3.8892892222266995e-05, -1.233839176115929e-08, 0.03804648528788205, 0.9992759703691665, 0.005757562703832875, 0.0, 0.0, 0.0, 1.0], "right_foot_pose": [0.9999995000000766, -0.0009982234718227073, 5.957765882247787e-05, 0.03999999909925547, 0.0009999997985636467, 0.9982232416551128, -0.05957650392529848, -0.14005000075009566, -1.1391327970135747e-09, 0.059576533714697705, 0.9982237407668392, 4.2142693848501445e-09, 0.0, 0.0, 0.0, 1.0]}, {"left_foot_pose": [0.9999980000154769, -0.0019999297392814665, 1.5687093774790488e-05, 0.07985963489253815, 0.0019999912617241237, 0.9999672442821702, -0.007842856474309627, 3.9929895324183895e-05, -1.418029115700826e-09, 0.00784287216276826, 0.9999692442051601, 9.299424315808991e-07, 0.0, 0.0, 0.0, 1.0], "right_foot_pose": [0.9999995000000638, -0.0009995345345970082, 3.0501422274790393e-05, 0.03999999936276765, 0.0009999998113054793, 0.9995342659127471, -0.030500020764637117, -0.14005000013469052, -1.3926625658202637e-09, 0.030500036016045003, 0.999534765680024, 5.221790937148807e-09, 0.0, 0.0, 0.0, 1.0]}, {"left_foot_pose": [0.999998000000632, -0.001999472982340643, -4.5853358145126474e-05, 0.07985993055963633, 0.0019999986843902296, 0.9997351329599311, 0.022927362056116382, 3.993025214667385e-05, -1.4278857056145527e-09, -0.02292740790806297, 0.9997371324336308, 5.799574070985969e-09, 0.0, 0.0, 0.0, 1.0], "right_foot_pose": [0.9999995000000429, -0.0009999997893736412, -2.920970496557611e-07, 0.03999999921362043, 0.0009999998320330214, 0.9999994569223366, 0.0002935223465499608, -0.14005000015573085, -1.425393805955032e-09, -0.00029352249188598144, 0.9999999569222724, 5.551499794587134e-09, 0.0, 0.0, 0.0, 1.0]}, {"left_foot_pose": [0.9999980000006033, -0.001997229191722052, -0.00010521572974133198, 0.07985993036675462, 0.0019999986985124634, 0.9986132168450373, 0.052608394269479455, 3.993022904077298e-05, -1.2024251299941286e-09, -0.052608499484045446, 0.99861521407499, 4.888077734244156e-09, 0.0, 0.0, 0.0, 1.0], "right_foot_pose": [0.999999500000026, -0.000999552086147752, -2.9921981773259394e-05, 0.03999999916476291, 0.0009999998489571083, 0.9995517017466646, 0.029923160522395242, -0.14005000009722746, -1.1897233446696874e-09, -0.029923175482793184, 0.999552201522775, 5.257417168280654e-09, 0.0, 0.0, 0.0, 1.0]}, {"left_foot_pose": [0.9999980000005988, -0.0019938278407770713, -0.00015698835805734782, 0.07985993096033081, 0.001999998700805531, 0.9969125406350806, 0.07849449872256095, 3.9930862678234924e-05, -8.540199175087766e-10, -0.07849465571012293, 0.996914534463687, 4.4175508737143154e-09, 0.0, 0.0, 0.0, 1.0], "right_foot_pose": [0.9999994609252605, -0.0010366467691369924, -5.926773326841679e-05, 0.04153627674227808, 0.0010383396303682041, 0.9983698365296847, 0.05706655201168504, -0.1400476845377981, 1.3260405696303862e-08, -0.057066582788584806, 0.9983703747251483, 0.004375578523633912, 0.0, 0.0, 0.0, 1.0]}, {"left_foot_pose": [0.9999980000006141, -0.0019900829959089567, -0.00019890812376673406, 0.07985993113620118, 0.0019999986930764064, 0.9950401321084424, 0.09945418794018614, 3.993094552244992e-05, -5.225416156323456e-10, -0.09945438684785919, 0.9950421221921798, 3.4344553936915823e-09, 0.0, 0.0, 0.0, 1.0], "right_foot_pose": [0.9999993211405571, -0.0011610678349631362, -9.818303123576047e-05, 0.04662000385211258, 0.001165211750467515, 0.9964458352775015, 0.08422790297578826, -0.14004005170501796, 3.976361804621821e-08, -0.08422796020090283, 0.9964465117207213, 0.016515932036974837, 0.0, 0.0, 0.0, 1.0]}, {"left_foot_pose": [0.9999980000006372, -0.001986741842573137, -0.00022989470954883423, 0.07985993084105757, 0.0019999986816272245, 0.9933695748279363, 0.11494732624745742, 3.993057679023068e-05, -2.5286815366954464e-10, -0.11494755614199437, 0.9933715615704853, 2.1597624660918413e-09, 0.0, 0.0, 0.0, 1.0], "right_foot_pose": [0.9999990734283688, -0.0013529534961154903, -0.00015052986701396292, 0.054477244712047186, 0.0013613017293491428, 0.9938723886880686, 0.11052520916548415, -0.14002826943645091, 7.201034856586186e-08, -0.11052531167252931, 0.9938733095720423, 0.03021720735926841, 0.0, 0.0, 0.0, 1.0]}, {"left_foot_pose": [0.9999980000006568, -0.0019844101067843047, -0.000249221218293478, 0.07985993017708384, 0.001999998671888723, 0.9922037233855671, 0.12461047831193944, 3.993014729831556e-05, -7.183622751821584e-11, -0.12461072753317042, 0.9922057077963499, 1.1772479102667432e-09, 0.0, 0.0, 0.0, 1.0], "right_foot_pose": [0.9999987097533423, -0.0015927565096360249, -0.0002088500692970949, 0.06429790234619623, 0.0016063908740887333, 0.9915192658525478, 0.12994985552736862, -0.14001354875059796, 1.0038906530130603e-07, -0.12995002335484745, 0.991520545137651, 0.039161284958923556, 0.0, 0.0, 0.0, 1.0]}, {"left_foot_pose": [0.9999980000006649, -0.001984118187977434, -0.00025153466477103117, 0.07985992989125507, 0.0019999986678609374, 0.9920577705023087, 0.1257671657918647, 3.9930096552062005e-05, -2.361368774690331e-12, -0.12576741732661134, 0.9920597546211597, 9.501448516857636e-10, 0.0, 0.0, 0.0, 1.0], "right_foot_pose": [0.9999982323100647, -0.0018637386709239418, -0.0002487064776302969, 0.07527183618704807, 0.0018802597516015995, 0.991219362199029, 0.1322143737458863, -0.13999708966858776, 1.0963492929724114e-07, -0.13221460766464865, 0.9912211143433493, 0.040000018267904586, 0.0, 0.0, 0.0, 1.0]}, {"left_foot_pose": [0.9999980000006579, -0.0019849363319038517, -0.00024499478300961744, 0.0798599299059479, 0.001999998671353345, 0.9924668364870038, 0.12249725906645427, 3.993012726976643e-05, -6.283024376056607e-11, -0.12249750406125741, 0.99246882142401, 1.0478494530397064e-09, 0.0, 0.0, 0.0, 1.0], "right_foot_pose": [0.9999976613818318, -0.002144861490580654, -0.00027712822610102415, 0.08658887234956912, 0.002162690652022346, 0.9917599578966148, 0.12809179787187197, -0.13998011419445333, 1.0551333532842004e-07, -0.12809209765669044, 0.9917622772206541, 0.04000001814107032, 0.0, 0.0, 0.0, 1.0]}, {"left_foot_pose": [0.9999980000006392, -0.001987131011789116, -0.00022650621329241638, 0.07985992960427707, 0.0019999986806683895, 0.9935641603635483, 0.11325307610107084, 3.9930324234140925e-05, -2.4407428220710017e-10, -0.113253302607119, 0.9935661474952645, 1.5441191658638331e-09, 0.0, 0.0, 0.0, 1.0], "right_foot_pose": [0.9999970391185592, -0.002417308683457343, -0.000279951503166821, 0.09743890218469083, 0.002433465452338244, 0.9933617495878325, 0.11500657677581952, -0.13996383459009307, 8.671829060699468e-08, -0.1150069175072922, 0.993364690798633, 0.03835349125841499, 0.0, 0.0, 0.0, 1.0]}, {"left_foot_pose": [0.9999980000006151, -0.0019904291279575384, -0.0001954140660030587, 0.07985992924332166, 0.001999998692653242, 0.9952131978566974, 0.09770716870873057, 3.993069541033314e-05, -5.370753057468449e-10, -0.09770736412233004, 0.9952151882865671, 2.5106198370261623e-09, 0.0, 0.0, 0.0, 1.0], "right_foot_pose": [0.9999964292224877, -0.002661760095275652, -0.00023785598473355892, 0.10701174089468846, 0.00267236641784539, 0.9960293938667266, 0.08898485832550293, -0.13994946489957716, 5.520732719847897e-08, -0.08898517621871795, 0.9960329504656567, 0.028272585007946292, 0.0, 0.0, 0.0, 1.0]}, {"left_foot_pose": [0.999998000000599, -0.001994167435488398, -0.00015261403075069268, 0.07985992908829506, 0.001999998700785774, 0.9970823372669262, 0.07630735688989387, 3.99308518033957e-05, -8.917177405005479e-10, -0.07630750950308926, 0.9970843314351285, 3.5780917673200463e-09, 0.0, 0.0, 0.0, 1.0], "right_foot_pose": [0.9999959125463269, -0.002854298328067612, -0.00016694817408733373, 0.1144972730792379, 0.0028591765663942216, 0.99829026021423, 0.05838134522916806, -0.13993823553525286, 2.4960073861720634e-08, -0.05838158393243138, 0.9982943406919321, 0.014400783603945172, 0.0, 0.0, 0.0, 1.0]}, {"left_foot_pose": [0.9999980000006041, -0.0019975124930154626, -9.969269310496462e-05, 0.0798599291304341, 0.0019999986982023586, 0.9987548681852849, 0.04984689841306335, 3.993059821301784e-05, -1.2397572397826275e-09, -0.04984699810455332, 0.9987568656985373, 4.630190106325038e-09, 0.0, 0.0, 0.0, 1.0], "right_foot_pose": [0.999995578609286, -0.0029725229897167556, -8.287915638969501e-05, 0.11908539352207892, 0.0029736781733971655, 0.9996071526678039, 0.02786929445621146, -0.13993136243209586, 4.479055788874593e-09, -0.027869417691110305, 0.999611572340756, 0.0030562018671425953, 0.0, 0.0, 0.0, 1.0]}, {"left_foot_pose": [0.9999980000006377, -0.001999600417212857, -3.9911119391740334e-05, 0.07985992929132116, 0.0019999986814916177, 0.9997988538751957, 0.019956247019924777, 3.9930086135720605e-05, -1.4284425637962426e-09, -0.019956286929629873, 0.9998008534763231, 5.510435129030267e-09, 0.0, 0.0, 0.0, 1.0], "right_foot_pose": [0.9999955000033869, -0.0029999865905089825, 7.309786834793392e-06, 0.12013995042088157, 0.0029999954960325385, 0.9999925326624646, -0.0024361129558116974, -0.1399297903025547, -1.4260498646740604e-09, 0.002436123922639048, 0.9999970326457144, 6.280877075381941e-09, 0.0, 0.0, 0.0, 1.0]}, {"left_foot_pose": [0.9999980000006791, -0.0019998824025321657, 2.156429288556014e-05, 0.07985992911445981, 0.001999998660670784, 0.9999398784035258, -0.01078144627125778, 3.9930069564346124e-05, -1.3717343960348735e-09, 0.010781467836929178, 0.9999418782865742, 5.644825724904212e-09, 0.0, 0.0, 0.0, 1.0], "right_foot_pose": [0.9999955000034466, -0.0029983394919126036, 9.966517923944582e-05, 0.12013995028161133, 0.0029999954761155798, 0.9994435222304313, -0.03322116642703186, -0.1399297903111029, -1.3825175423823034e-09, 0.033221315926984116, 0.9994480197429376, 5.6967343342595456e-09, 0.0, 0.0, 0.0, 1.0]}, {"left_foot_pose": [0.9999979971260374, -0.0019998773389180956, 7.895912809173001e-05, 0.07991730246483643, 0.0020014354635158466, 0.9992195562308692, -0.039449622328625644, 4.0071403058767815e-05, -3.0992084953414975e-09, 0.03944970134760308, 0.9992215575454657, 0.0001767806392842311, 0.0, 0.0, 0.0, 1.0], "right_foot_pose": [0.9999955000034769, -0.0029942296819081547, 0.00018590698734645804, 0.12013995032007965, 0.0029999954659904273, 0.9980736003630134, -0.06196844588672239, -0.1399297904065292, -1.0961780219940162e-09, 0.061968724749050325, 0.998078091710752, 4.79915615581028e-09, 0.0, 0.0, 0.0, 1.0]}, {"lef