{"LoopMode": "Wrap", "FrameDuration": 0.0167, "EnableCycleOffsetPosition": true, "EnableCycleOffsetRotation": false, "Debug_info": [{"left_foot_pose": [0.9999999999884726, 4.7851304004989146e-06, 3.9740439577986843e-07, 0.00019842111302273752, -4.801604232007997e-06, 0.9965691632582973, 0.08276413969590062, -6.676505781611462e-05, -3.7654267229317554e-12, -0.08276413969685503, 0.9965691632697852, 3.2324906640290862e-12, 0.0, 0.0, 0.0, 1.0], "right_foot_pose": [0.9999999979400312, 6.398293128505883e-05, -5.11093250354972e-06, 0.0009680834198771015, -6.418673637815635e-05, 0.9968248031031633, -0.07962604974757179, -0.12012479653779064, -3.7831135118629886e-12, 0.07962604991159852, 0.996824805156591, 3.1225924623790036e-12, 0.0, 0.0, 0.0, 1.0]}, {"left_foot_pose": [0.9999999999884728, 4.7857713992069175e-06, 3.8960438747395467e-07, 0.00019842111184945638, -4.801603842573542e-06, 0.9967029138325225, 0.08113754700941074, -6.676505823770273e-05, -1.4076384766607103e-11, -0.08113754701034648, 0.9967029138440127, 1.2160543405581592e-11, 0.0, 0.0, 0.0, 1.0], "right_foot_pose": [0.9999999979400316, 6.39744956156621e-05, -5.215466289843433e-06, 0.0009680834190446233, -6.418673677555158e-05, 0.996693359867823, -0.08125479847647983, -0.1201247965385844, -1.4129376459943886e-11, 0.08125479864386106, 0.9966933619209802, 1.2173470564924571e-11, 0.0, 0.0, 0.0, 1.0]}, {"left_foot_pose": [0.9999999999884726, 4.7868063102377815e-06, 3.7666801888649733e-07, 0.00019842110949629203, -4.80160321603231e-06, 0.9969188587065152, 0.07843971654872697, -6.67650585686741e-05, -3.1721520918291894e-11, -0.07843971654963167, 0.9969188587180075, 2.7423299742146412e-11, 0.0, 0.0, 0.0, 1.0], "right_foot_pose": [0.999999997940031, 6.396013579154544e-05, -5.388719505062205e-06, 0.0009680834171101356, -6.418673748034963e-05, 0.9964696056508533, -0.08395427859314565, -0.12012479653951663, -3.1858944781307197e-11, 0.08395427876608663, 0.9964696077035498, 2.7733502994120585e-11, 0.0, 0.0, 0.0, 1.0]}, {"left_foot_pose": [0.9999999999884727, 4.788197453243285e-06, 3.5854006724669587e-07, 0.00019842110598419248, -4.801602422626433e-06, 0.9972091033466334, 0.07465925381055581, -6.676505868398117e-05, -5.61702594806638e-11, -0.07465925381141704, 0.997209103358129, 4.853738244658956e-11, 0.0, 0.0, 0.0, 1.0], "right_foot_pose": [0.9999999979400314, 6.393924043830448e-05, -5.631246251581127e-06, 0.0009680834140223212, -6.418673852256108e-05, 0.9961440138947815, -0.08773311496610565, -0.12012479654042821, -5.6488094218044094e-11, 0.08773311514682931, 0.9961440159468075, 4.924043117693344e-11, 0.0, 0.0, 0.0, 1.0]}, {"left_foot_pose": [0.9999999999884726, 4.7898816536748175e-06, 3.352776665187766e-07, 0.00019842110133042908, -4.801601541084392e-06, 0.9975604379728347, 0.06980811248266061, -6.676505844460494e-05, -8.71388830792212e-11, -0.06980811248346606, 0.997560437984334, 7.526697320958675e-11, 0.0, 0.0, 0.0, 1.0], "right_foot_pose": [0.9999999979400311, 6.391110859772905e-05, -5.9420353712429965e-06, 0.0009680834097304141, -6.418673995875857e-05, 0.9957056609987959, -0.0925755504170182, -0.12012479654116098, -8.779922121773606e-11, 0.09257555060771515, 0.9957056630499189, 7.637716153974239e-11, 0.0, 0.0, 0.0, 1.0]}, {"left_foot_pose": [0.9999999999884729, 4.791783106698224e-06, 3.0689322205726097e-07, 0.00019842109546816834, -4.801600646942962e-06, 0.9979570247978672, 0.063888783315496, -6.676505767408067e-05, -1.250543280029713e-10, -0.06388878331623339, 0.9979570248093715, 1.0802868322112857e-10, 0.0, 0.0, 0.0, 1.0], "right_foot_pose": [0.9999999979400311, 6.387478067482878e-05, -6.320619316047496e-06, 0.0009680834041028998, -6.418674189251893e-05, 0.9951395914719291, -0.09847430814757852, -0.1201247965415486, -1.263110775638173e-10, 0.09847430835042427, 0.9951395935218866, 1.0949557927020237e-10, 0.0, 0.0, 0.0, 1.0]}, {"left_foot_pose": [0.9999999999884727, 4.7938162734916355e-06, 2.732881567712144e-07, 0.0001984210882204164, -4.801599821755184e-06, 0.9983809954650174, 0.05688047003345119, -6.676505612826858e-05, -1.711793617123262e-10, -0.05688047003410802, 0.9983809954765261, 1.4800297792882944e-10, 0.0, 0.0, 0.0, 1.0], "right_foot_pose": [0.9999999979400309, 6.382893532241568e-05, -6.767952707043502e-06, 0.0009680833968916847, -6.418674448982057e-05, 0.9944252105749741, -0.10544428127205593, -0.12012479654138936, -1.7341371784609057e-10, 0.10544428148925664, 0.9944252126234606, 1.4972426770620828e-10, 0.0, 0.0, 0.0, 1.0]}, {"left_foot_pose": [0.9999999999884726, 4.795882773377399e-06, 2.3422874023673283e-07, 0.00019842107928873967, -4.801599173587912e-06, 0.9988117904731877, 0.048734045478397166, -6.67650534533562e-05, -2.2765837948847051e-10, -0.04873404547896036, 0.9988117904847017, 1.9718530974710546e-10, 0.0, 0.0, 0.0, 1.0], "right_foot_pose": [0.9999999979400305, 6.377179925757004e-05, -7.286716556310025e-06, 0.0009680833877053072, -6.418674799881241e-05, 0.9935348781475816, -0.11352727330616016, -0.12012479654040528, -2.314376107962732e-10, 0.11352727354000791, 0.9935348801942346, 1.990101070048489e-10, 0.0, 0.0, 0.0, 1.0]}, {"left_foot_pose": [0.9999999999884728, 4.797864283919017e-06, 1.8934123774396967e-07, 0.0001984210682539464, -4.801598869093444e-06, 0.9992246598493509, 0.03937104425709841, -6.676504912991182e-05, -2.9750696832686424e-10, -0.03937104425755401, 0.9992246598608698, 2.583978309100843e-10, 0.0, 0.0, 0.0, 1.0], "right_foot_pose": [0.9999999979400302, 6.370104781406872e-05, -7.881353878803009e-06, 0.0009680833759904945, -6.418675277248336e-05, 0.9924323578107501, -0.12279255291041014, -0.12012479653818761, -3.036715693844119e-10, 0.12279255316333954, 0.9924323598551329, 2.601155610348904e-10, 0.0, 0.0, 0.0, 1.0]}, {"left_foot_pose": [0.9999999999884726, 4.7996122261825905e-06, 1.381205156913112e-07, 0.00019842105458756255, -4.801599176071052e-06, 0.999588487274437, 0.028685468191194552, -6.676504240436809e-05, -3.8455367575764157e-10, -0.028685468191527393, 0.99958848728596, 3.3528127496573745e-10, 0.0, 0.0, 0.0, 1.0], "right_foot_pose": [0.9999999979400298, 6.361369450307465e-05, -8.557916831353704e-06, 0.0009680833610209793, -6.418675929398233e-05, 0.9910710946083632, -0.13333447158121053, -0.12012479653413188, -3.943402688268943e-10, 0.13333447185585032, 0.9910710966499432, 3.365968198609792e-10, 0.0, 0.0, 0.0, 1.0]}, {"left_foot_pose": [0.9999999999884728, 4.80093477000231e-06, 7.995694456522027e-08, 0.00019842103770466603, -4.801600517800362e-06, 0.9998630483310413, 0.016549457970082723, -6.676503222424052e-05, -4.931264274089762e-10, -0.01654945797027618, 0.9998630483425676, 4.320822449832562e-10, 0.0, 0.0, 0.0, 1.0], "right_foot_pose": [0.9999999979400296, 6.350598818591791e-05, -9.323662095051474e-06, 0.0009680833419280738, -6.418676818527797e-05, 0.9893926117092069, -0.14526615495459877, -0.12012479652737296, -5.083295774740713e-10, 0.14526615525381023, 0.9893926137473313, 4.3257546850083983e-10, 0.0, 0.0, 0.0, 1.0]}, {"left_foot_pose": [0.9999999999884726, 4.801582573709578e-06, 1.4198354936125531e-08, 0.00019842101714086368, -4.801603524793683e-06, 0.9999960055952861, 0.002826441299216376, -6.676501724688956e-05, -6.269070545328012e-10, -0.0028264412992522864, 0.9999960056068137, 5.527279467454349e-10, 0.0, 0.0, 0.0, 1.0], "right_foot_pose": [0.9999999979400285, 6.337337440634625e-05, -1.0186175043614347e-05, 0.0009680833178720873, -6.418678014390369e-05, 0.9873259099333314, -0.15870583938335953, -0.12012479651677174, -6.500360883390981e-10, 0.15870583971024757, 0.9873259119672011, 5.517997100912275e-10, 0.0, 0.0, 0.0, 1.0]}, {"left_foot_pose": [0.9999999999884726, 4.801237767156915e-06, -5.971362515575318e-08, 0.00019842099298436603, -4.80160902123898e-06, 0.9999206186503263, -0.01259985614578156, -6.676499610318472e-05, -7.86020400546422e-10, 0.012599856145922711, 0.9999206186618532, 6.983211647826337e-10, 0.0, 0.0, 0.0, 1.0], "right_foot_pose": [0.9999999979400274, 6.321066691595077e-05, -1.115151690733778e-05, 0.0009680832885324082, -6.418679568743295e-05, 0.9847901515881454, -0.17374795888025021, -0.12012479650110194, -8.203304928839423e-10, 0.17374795923811415, 0.9847901536167949, 6.951468081717316e-10, 0.0, 0.0, 0.0, 1.0]}, {"left_foot_pose": [0.9999999999884728, 4.79951935699147e-06, -1.4194373598739137e-07, 0.0001984209669089343, -4.8016177646432906e-06, 0.9995570294734233, -0.029761465138856667, -6.676496841164642e-05, -9.598691643151346e-10, 0.02976146513919482, 0.9995570294849461, 8.606940021804732e-10, 0.0, 0.0, 0.0, 1.0], "right_foot_pose": [0.9999999979400264, 6.301279630416406e-05, -1.2220255574846783e-05, 0.0009680832553921102, -6.418681440421026e-05, 0.9817063624174335, -0.19040119187963078, -0.12012479647982943, -1.0088717296891247e-09, 0.19040119227178845, 0.9817063644397348, 8.542580878789785e-10, 0.0, 0.0, 0.0, 1.0]}, {"left_foot_pose": [0.9999999999884724, 4.7960400209173894e-06, -2.3161804224578302e-07, 0.00019842094450206774, -4.801629469542958e-06, 0.9988247147404988, -0.048468435094468146, -6.676493768583043e-05, -1.1107298012281544e-09, 0.04846843509502124, 0.9988247147520132, 1.0070765263381354e-09, 0.0, 0.0, 0.0, 1.0], "right_foot_pose": [0.9999999979400251, 6.277698252314574e-05, -1.337908839976802e-05, 0.000968083224812204, -6.418683307131454e-05, 0.9780313843866536, -0.20845768643726414, -0.12012479645539054, -1.1761890963767462e-09, 0.20845768686660765, 0.9780313864013892, 9.965245087451002e-10, 0.0, 0.0, 0.0, 1.0]}, {"left_foot_pose": [0.9999999999884724, 4.790599006223781e-06, -3.2544097317019736e-07, 0.0001984209395870567, -4.801640277612668e-06, 0.9976843290848432, -0.06801455340933765, -6.676491779793875e-05, -1.1430931066913835e-09, 0.06801455341011589, 0.9976843290963446, 1.0501626998560276e-09, 0.0, 0.0, 0.0, 1.0], "right_foot_pose": [0.9999999979400245, 6.250824644158129e-05, -1.4583202724405755e-05, 0.0009680832140497278, -6.418684190247564e-05, 0.9738439740574558, -0.22721775914754294, -0.12012479643828376, -1.2195894127198124e-09, 0.2272177596155295, 0.973843976063568, 1.0360266533560036e-09, 0.0, 0.0, 0.0, 1.0]}, {"left_foot_pose": [0.9999999999881658, 4.846909022977146e-06, -4.208695069674912e-07, 0.00019925209583143938, -4.865147219490097e-06, 0.9962358419687927, -0.08668418052368083, -6.682814300473967e-05, -8.650492764798739e-10, 0.08668418052470218, 0.9962358419805836, 0.000196633201506001, 0.0, 0.0, 0.0, 1.0], "right_foot_pose": [0.9999999979400256, 6.223176789982404e-05, -1.5721180634476395e-05, 0.000968083262047494, -6.418682462552211e-05, 0.9695374021387951, -0.24494330310095846, -0.1201247965167738, -9.821563829583956e-10, 0.24494330360547403, 0.9695374041360325, 8.005520898968221e-10, 0.0, 0.0, 0.0, 1.0]}, {"left_foot_pose": [0.9999999999782534, 6.558184142029708e-06, -6.960299188120195e-07, 0.00022189329432727175, -6.595016058459465e-06, 0.9944108660822772, -0.10557949315090562, -6.85233858346325e-05, -2.700434318209784e-10, 0.10557949315319957, 0.994410866103903, 0.005029447636342534, 0.0, 0.0, 0.0, 1.0], "right_foot_pose": [0.9999999979400274, 6.197932982877803e-05, -1.668854794506561e-05, 0.0009680833597278883, -6.418679738145558e-05, 0.9656060081365896, -0.26000967853250234, -0.12012479671810855, -6.634618269788722e-10, 0.26000967906807376, 0.9656060101257226, 4.596502761744503e-10, 0.0, 0.0, 0.0, 1.0]}, {"left_foot_pose": [0.9999999999462965, 1.02825912499605e-05, -1.2946445567265187e-06, 0.0002712236912276515, -1.0363772814813988e-05, 0.9921742005234498, -0.12486134593318324, -7.220804627453697e-05, 6.147446704486565e-10, 0.12486134593989476, 0.9921742005767329, 0.013763757632137191, 0.0, 0.0, 0.0, 1.0], "right_foot_pose": [0.9999999979400295, 6.177693685743242e-05, -1.742271876603632e-05, 0.0009680834266475866, -6.418676698960884e-05, 0.9624545700203745, -0.27144280525914705, -0.12012479673213103, -3.297423818715671e-10, 0.27144280581829056, 0.9624545720030082, 2.042984115213642e-10, 0.0, 0.0, 0.0, 1.0]}, {"left_foot_pose": [0.999999999876225, 1.5574457680425036e-05, -2.233225815995416e-06, 0.00034151787704751117, -1.5733754353093588e-05, 0.9898924164598769, -0.14182032149052254, -7.745299271298689e-05, 1.8787038329280904e-09, 0.14182032150810528, 0.9898924165823972, 0.022945107956736446, 0.0, 0.0, 0.0, 1.0], "right_foot_pose": [0.9999999979400309, 6.16475408073136e-05, -1.7875089066421906e-05, 0.000968083446723197, -6.418674393290042e-05, 0.9604400196792544, -0.2784869197620873, -0.12012479662922078, -8.285568867119373e-11, 0.27848692033575645, 0.9604400216577328, 4.38930836121898e-11, 0.0, 0.0, 0.0, 1.0]}, {"left_foot_pose": [0.9999999997520836, 2.201095777413933e-05, -3.369121932162215e-06, 0.00042704781980767704, -2.226731315792707e-05, 0.9885082263001925, -0.15116707988519054, -8.383310472337077e-05, 3.0725331284827907e-09, 0.15116707992273465, 0.9885082265452495, 0.029119051718507913, 0.0, 0.0, 0.0, 1.0], "right_foot_pose": [0.9999999979400314, 6.160918960571601e-05, -1.8006801168258173e-05, 0.0009680834320056714, -6.418673641947435e-05, 0.9598429905059879, -0.28053775050175483, -0.12012479653041763, -1.579626565291122e-12, 0.28053775107965345, 0.9598429924832346, -1.1034298474932314e-12, 0.0, 0.0, 0.0, 1.0]}, {"left_foot_pose": [0.999999999564083, 2.9202435598636344e-05, -4.3649344655398695e-06, 0.0005220778456737403, -2.9526850295727557e-05, 0.9890282084828365, -0.14772678143585496, -9.092660052628654e-05, 3.0614933139061876e-09, 0.14772678150034074, 0.989028208913958, 0.03000000013032783, 0.0, 0.0, 0.0, 1.0], "right_foot_pose": [0.9999999979400304, 6.167195208954086e-05, -1.779070153845644e-05, 0.0009680834041366216, -6.418674891085613e-05, 0.960820056349322, -0.2771728976594699, -0.12012479651786795, -1.308105086968106e-10, 0.27717289823042934, 0.9608200583285841, 1.0158666963189233e-10, 0.0, 0.0, 0.0, 1.0]}, {"left_foot_pose": [0.9999999993127339, 3.672635745857094e-05, -5.070341714986103e-06, 0.0006208808442837279, -3.707470420005717e-05, 0.9906130206961196, -0.13669616619633684, -9.830235664803552e-05, 2.3942590468734005e-09, 0.13669616629037112, 0.9906130213769233, 0.030000000446428324, 0.0, 0.0, 0.0, 1.0], "right_foot_pose": [0.9999999979400287, 6.182422271961788e-05, -1.7254215961215932e-05, 0.00096808335789139, -6.418677810205662e-05, 0.9631906471174091, -0.26881922026820193, -0.12012479648063792, -4.399080626727177e-10, 0.2688192208219343, 0.9631906491015616, 3.5104216755676987e-10, 0.0, 0.0, 0.0, 1.0]}, {"left_foot_pose": [0.9999999990110656, 4.4157903033483064e-05, -5.286717237263482e-06, 0.0007177291758528949, -4.4473247897478084e-05, 0.9929118411364757, -0.11885316046746622, -0.00010553321426689383, 9.378104067519439e-10, 0.11885316058504532, 0.992911842118396, 0.029892323513037368, 0.0, 0.0, 0.0, 1.0], "right_foot_pose": [0.9999999979400257, 6.205930768511936e-05, -1.6388745037899033e-05, 0.0009680832781716516, -6.418682601075125e-05, 0.9668504405802663, -0.2553433402887111, -0.12012479647514898, -9.655599982789136e-10, 0.2553433408146516, 0.9668504425719693, 7.614186850468663e-10, 0.0, 0.0, 0.0, 1.0]}, {"left_foot_pose": [0.9999999986849331, 5.1075119740403656e-05, -4.6332403128021195e-06, 0.0008068900978421805, -5.128483956932923e-05, 0.9959078392731172, -0.09037462610831164, -0.00011219731904970644, -1.6145015176198423e-09, 0.09037462622707754, 0.9959078405828106, 0.025396597935779815, 0.0, 0.0, 0.0, 1.0], "right_foot_pose": [0.9999999979400211, 6.23747867156141e-05, -1.5144091776442751e-05, 0.0009680831672953397, -6.418689531646047e-05, 0.971761690293471, -0.23596443197655548, -0.12012479674799983, -1.7828946158843177e-09, 0.23596443246252582, 0.9717616922953063, 1.3553052777282026e-09, 0.0, 0.0, 0.0, 1.0]}, {"left_foot_pose": [0.9999999983714069, 5.698477058164933e-05, -3.1500221085454812e-06, 0.0008826410240689125, -5.7071768043789425e-05, 0.998472608709477, -0.05524894930861365, -0.00011785669297156506, -3.1379092133126466e-09, 0.05524894939841258, 0.9984726103355926, 0.0167961708711932, 0.0, 0.0, 0.0, 1.0], "right_foot_pose": [0.9999999979400167, 6.274859340285526e-05, -1.3512232006463383e-05, 0.0009680830386961217, -6.418696425561134e-05, 0.9775819456712473, -0.21055530242112708, -0.12012479697252713, -2.735005262475886e-09, 0.21055530285469562, 0.9775819476850865, 2.1209467654381697e-09, 0.0, 0.0, 0.0, 1.0]}, {"left_foot_pose": [0.9999999981152381, 6.138604353868077e-05, -1.1307407390980975e-06, 0.0009392551595965893, -6.139645674644834e-05, 0.999829230517413, -0.018479881856604746, -0.00012208138951955334, -3.859189227829533e-09, 0.01847988189119771, 0.9998292324018578, 0.007545489173464315, 0.0, 0.0, 0.0, 1.0], "right_foot_pose": [0.9999999979400138, 6.314497181224544e-05, -1.1518906026631236e-05, 0.0009680828938356905, -6.418701307468932e-05, 0.9837551660209906, -0.17951537317745547, -0.120124797002874, -3.7098687100496176e-09, 0.17951537354702024, 0.9837551680475554, 2.9709006643674485e-09, 0.0, 0.0, 0.0, 1.0]}, {"left_foot_pose": [0.9999999979634221, 6.3809924499559e-05, 1.2041421504893236e-06, 0.0009710008524265735, -6.382128488445073e-05, 0.9998232657960237, 0.01879981648363268, -0.00012444485210444216, -4.314466916175818e-09, -0.018799816522195603, 0.9998232678322369, 0.001099003420637422, 0.0, 0.0, 0.0, 1.0], "right_foot_pose": [0.9999999979400134, 6.35214360140492e-05, -9.219557695062044e-06, 0.0009680827627048777, -6.418701626743753e-05, 0.9896205805229266, -0.14370491461843904, -0.1201247967236663, -4.4785005629801764e-09, 0.14370491491418458, 0.9896205825615733, 3.699675475699049e-09, 0.0, 0.0, 0.0, 1.0]}, {"left_foot_pose": [0.9999999979400398, 6.407956442873297e-05, 3.7054917347833575e-06, 0.0009757851694451371, -6.418661250352229e-05, 0.9983364148177131, 0.05765759905679851, -0.00012479660442827126, -4.653500161786887e-09, -0.05765759917586939, 0.9983364168742299, 3.973394412104536e-09, 0.0, 0.0, 0.0, 1.0], "right_foot_pose": [0.9999999979400169, 6.383178323390382e-05, -6.743090124661728e-06, 0.000968082724316903, -6.418695968121865e-05, 0.9944588265827436, -0.1051267716222037, -0.12012479648897163, -4.703805338457926e-09, 0.10512677183846264, 0.9944588286313433, 3.963207498292043e-09, 0.0, 0.0, 0.0, 1.0]}, {"left_foot_pose": [0.9999999979400438, 6.388662971846156e-05, 6.197696103714633e-06, 0.0009757851947799314, -6.418654746069598e-05, 0.9953339232812377, 0.09649029508539908, -0.0001247967555494077, -4.337424884162842e-09, -0.09649029528444232, 0.9953339253315551, 3.669675820161533e-09, 0.0, 0.0, 0.0, 1.0], "right_foot_pose": [0.9999999979400229, 6.404572390224155e-05, -4.254338085763417e-06, 0.0009680827917432524, -6.418686878294763e-05, 0.9977965781947995, -0.06634745227057114, -0.12012479662943472, -4.306625274684312e-09, 0.06634745240696935, 0.9977965802502557, 3.6748171935996332e-09, 0.0, 0.0, 0.0, 1.0]}, {"left_foot_pose": [0.9999999979400447, 6.36237434810377e-05, 8.481205851339449e-06, 0.000975785354545736, -6.41865373371402e-05, 0.991238986804199, 0.13208053194727173, -0.00012479679335450182, -3.4440113968745477e-09, -0.13208053221957125, 0.9912389888460782, 2.8732155474275878e-09, 0.0, 0.0, 0.0, 1.0], "right_foot_pose": [0.9999999961192121, 8.80579664246498e-05, -2.7148474324174716e-06, 0.0009680827614657633, -8.809979898376474e-05, 0.9995374492000698, -0.03041183790966343, -0.1201259913240901, 3.558707576034767e-08, 0.03041183803081885, 0.9995374530789658, 4.488197563788654e-05, 0.0, 0.0, 0.0, 1.0]}, {"left_foot_pose": [0.9999999979400434, 6.333394051803654e-05, 1.0427171933612384e-05, 0.000975785815531579, -6.418655567734325e-05, 0.9867229634193326, 0.16241240513291239, -0.00012479646254191182, -2.5123844246262568e-09, -0.1624124054676343, 0.986722965451913, 1.9597028305673447e-09, 0.0, 0.0, 0.0, 1.0], "right_foot_pose": [0.999996814655356, 0.0025240189931051474, 2.6951460915600843e-06, 0.0009680714691912383, -0.0025240204319764373, 0.9999962522569271, 0.0010605625674660302, -0.12024778095324726, -1.8255927225098398e-08, -0.0010605659918127327, 0.9999994375997303, 0.004191585869100546, 0.0, 0.0, 0.0, 1.0]}, {"left_foot_pose": [0.9999999979400411, 6.305656224492064e-05, 1.199120892686364e-05, 0.0009757860964252624, -6.418659619676718e-05, 0.9823989705562621, 0.18679469620435818, -0.0001247964524066364, -1.5199177262917525e-09, -0.18679469658924372, 0.9823989725799461, 1.178399391954521e-09, 0.0, 0.0, 0.0, 1.0], "right_foot_pose": [0.9999643431143902, 0.008440841964126844, 0.00025433588509120113, 0.000968047581267203, -0.008444672839672433, 0.9995130660046021, 0.03003861492663736, -0.12054381564375076, -6.608388854727546e-07, -0.030039691626522227, 0.9995487066304207, 0.012646193051666844, 0.0, 0.0, 0.0, 1.0]}, {"left_foot_pose": [0.9999999979400377, 6.282569147561506e-05, 1.3147532486877916e-05, 0.0009757861804962091, -6.418664284301296e-05, 0.9787989647105189, 0.2048232959448036, -0.0001247966248752166, -6.259889200440265e-10, -0.20482329636677152, 0.9787989667267994, 5.834307273411277e-10, 0.0, 0.0, 0.0, 1.0], "right_foot_pose": [0.9998534430142273, 0.017092166038219815, 0.0009748603579805712, 0.0009680182144589162, -0.017119944213893262, 0.99823658359677, 0.05683863720359685, -0.12097761653599909, -1.6458487644060653e-06, -0.05684699665919801, 0.998382901981059, 0.021954246596699464, 0.0, 0.0, 0.0, 1.0]}, {"left_foot_pose": [0.9999999979400357, 6.266826265491505e-05, 1.3878709890667835e-05, 0.0009757860959006765, -6.418667877665278e-05, 0.9763435511253502, 0.21622503568276238, -0.00012479681885363414, 5.842865521929459e-11, -0.21622503612817506, 0.9763435531365847, 2.0124513860908522e-10, 0.0, 0.0, 0.0, 1.0], "right_foot_pose": [0.9996129802988853, 0.027732445026837124, 0.0021911437228357123, 0.0009679896705582342, -0.02781887148878604, 0.9965149459436864, 0.07863887651754747, -0.1215127040443254, -2.659148521395817e-06, -0.07866939686870086, 0.9969007603514223, 0.02866129938169993, 0.0, 0.0, 0.0, 1.0]}, {"left_foot_pose": [0.9999999979400349, 6.260267092053404e-05, 1.4171679628859318e-05, 0.0009757859246601646, -6.418668794752651e-05, 0.9753202529547861, 0.22079492760541894, -0.00012479687136975406, 4.260331119506051e-10, -0.22079492806022255, 0.9753202549639179, 4.775162903980501e-11, 0.0, 0.0, 0.0, 1.0], "right_foot_pose": [0.9992072801612683, 0.03964623996100458, 0.0036037382917286347, 0.0009679556157289889, -0.039809688039644436, 0.9951123015822883, 0.09036977358490719, -0.12211259293345253, -3.302577013473616e-06, -0.09044159936973517, 0.9959017607638506, 0.030000000421802495, 0.0, 0.0, 0.0, 1.0]}, {"left_foot_pose": [0.999999997940036, 6.262893236979325e-05, 1.4055064673944543e-05, 0.0009757857416043895, -6.418666537947766e-05, 0.9757296711112319, 0.21897854870566763, -0.00012479686967169744, 4.490852458716806e-10, -0.21897854915672774, 0.9757296731212058, 9.693232327911971e-11, 0.0, 0.0, 0.0, 1.0], "right_foot_pose": [0.9986282491344549, 0.0521318337557955, 0.004887938206615088, 0.0009679153959534848, -0.05236048145956686, 0.994273605673991, 0.09315780719490728, -0.12274080380711166, -3.4606272636398684e-06, -0.09328595269009848, 0.9956393579096425, 0.03000000026876068, 0.0, 0.0, 0.0, 1.0]}, {"left_foot_pose": [0.99999999794004, 6.274339438841231e-05, 1.3534674522918087e-05, 0.0009757855144737399, -6.418661039321202e-05, 0.977514874531856, 0.21086646473313295, -0.00012479687175443246, 1.3209167337914608e-10, -0.2108664651675016, 0.9775148765455, 3.703966369728029e-10, 0.0, 0.0, 0.0, 1.0], "right_foot_pose": [0.9979021498225202, 0.06448962784053033, 0.00569098239159806, 0.0009678758470263274, -0.06474024536444024, 0.9940433828276026, 0.0876724226128598, -0.12336086045823531, -3.121481975426482e-06, -0.08785693460191833, 0.996133103070373, 0.029991060377196323, 0.0, 0.0, 0.0, 1.0]}, {"left_foot_pose": [0.9999999979400459, 6.294160104527572e-05, 1.25803077366526e-05, 0.0009757852230990542, -6.418651949210885e-05, 0.980606469929912, 0.19598710929979096, -0.0001247966127693326, -5.887169794815821e-10, -0.1959871097035529, 0.9806064719499095, 8.961505565396877e-10, 0.0, 0.0, 0.0, 1.0], "right_foot_pose": [0.9970910250516093, 0.07602597966821445, 0.005434903588806745, 0.0009678352950340177, -0.07621999577794952, 0.9945550748119207, 0.07106838544291984, -0.12393627837633289, -2.267318624958731e-06, -0.0712758976186364, 0.997456638863824, 0.026205349541583392, 0.0, 0.0, 0.0, 1.0]}, {"left_foot_pose": [0.999999997940052, 6.320434477096162e-05, 1.1185143653223935e-05, 0.0009757850172380113, -6.418642094586092e-05, 0.9847039953331101, 0.17423558033626313, -0.00012479635275783503, -1.6099530243620948e-09, -0.1742355806952815, 0.9847039973615316, 1.6429231308734416e-09, 0.0, 0.0, 0.0, 1.0], "right_foot_pose": [0.9962887859658196, 0.08598452679831584, 0.003913580205301594, 0.0009677988697534968, -0.0860735438875465, 0.9952590491705382, 0.04528542907817699, -0.12443058465665453, -1.1799238353746152e-06, -0.045454220875796814, 0.9989664227606362, 0.01790853163241258, 0.0, 0.0, 0.0, 1.0]}, {"left_foot_pose": [0.9999999979400567, 6.349787620453053e-05, 9.375881163396993e-06, 0.0009757849300143815, -6.418634918877575e-05, 0.9892802156725763, 0.14602962288157276, -0.00012479625094998035, -2.8028237667083837e-09, -0.14602962318256385, 0.9892802177104117, 2.5371319489764232e-09, 0.0, 0.0, 0.0, 1.0], "right_foot_pose": [0.9956120026463926, 0.09356697272487931, 0.0014006432598709173, 0.0009677759581389039, -0.09357745554548513, 0.995500514326629, 0.014899187529860431, -0.12480730468798697, -2.692123603333836e-07, -0.01496487856679435, 0.9998880199349366, 0.008555054070406194, 0.0, 0.0, 0.0, 1.0]}, {"left_foot_pose": [0.9999999979400565, 6.378079802235245e-05, 7.203978075297429e-06, 0.0009757850064084549, -6.418634964699438e-05, 0.9936885163246855, 0.1121745443697378, -0.00012479644889611726, -3.928327784808896e-09, -0.11217454460106198, 0.9936885183715999, 3.397174631880606e-09, 0.0, 0.0, 0.0, 1.0], "right_foot_pose": [0.9951854326391071, 0.09799307675662979, -0.0018197721511739806, 0.0009677661300096234, -0.09800997226247994, 0.9950139043616639, -0.01847634877526518, -0.12502995954884197, 1.4432947133983362e-07, 0.01856574896756373, 0.9998276416289222, 0.0015993661987366292, 0.0, 0.0, 0.0, 1.0]}, {"left_foot_pose": [0.9999999979400327, 6.400779736302673e-05, 4.789324739516921e-06, 0.0009757867173045994, -6.418672553817522e-05, 0.9972174905167825, 0.07454711588972139, -0.00012479694064826928, -4.4017102972793655e-09, -0.0745471160435681, 0.9972174925709977, 3.921274367713057e-09, 0.0, 0.0, 0.0, 1.0], "right_foot_pose": [0.9950971549995534, 0.09874815495830416, -0.005518514666599265, 0.0009677667374911136, -0.09890223512031815, 0.9935468869044122, -0.05552415159870937, -0.1250747964382734, -4.458661875702042e-09, 0.05579771872471032, 0.9984420937566274, 4.190834922146447e-09, 0.0, 0.0, 0.0, 1.0]}, {"left_foot_pose": [0.9999999979400158, 6.414605523886886e-05, 2.2919418976018913e-06, 0.0009757885063279939, -6.418698772031809e-05, 0.9993638351051628, 0.03566400095240028, -0.00012479722693532064, -2.7788697687114556e-09, -0.035664001026046124, 0.9993638371638305, 3.963087337466309e-09, 0.0, 0.0, 0.0, 1.0], "right_foot_pose": [0.995097154992939, 0.09845731500864288, -0.00937065879469196, 0.0009677683818901689, -0.09890223518686349, 0.9906206224523786, -0.09428218414474779, -0.12507479585599662, -2.8560557677246045e-09, 0.09474671230892723, 0.9955014116045487, 4.344501466913009e-09, 0.0, 0.0, 0.0, 1.0]}, {"left_foot_pose": [0.999999997940035, 6.418665496564332e-05, -6.288027054719319e-08, 0.0009757853895060912, -6.418668567091459e-05, 0.9999994634150974, -0.001033948542137784, -0.00012479653810357205, -3.4854619087526117e-09, 0.0010339485440436459, 0.9999994654750617, 3.049725326442765e-09, 0.0, 0.0, 0.0, 1.0], "right_foot_pose": [0.9950971549891281, 0.09805163317933464, -0.012943313463252943, 0.00096776522193239, -0.09890223522521015, 0.9865388838957019, -0.13022817832281972, -0.12507479642826028, -3.5525723029392066e-09, 0.1308698123811909, 0.9913995623396815, 3.0764241085168287e-09, 0.0, 0.0, 0.0, 1.0]}, {"left_foot_pose": [0.9999919168021956, 0.004018521003328465, -0.00013348864073227723, 0.0012225664147587768, -0.004020737457639348, 0.999446854281858, -0.03301240882450613, -0.00013704534616505726, 7.53743830458469e-07, 0.03301267870145324, 0.9994549329731617, 0.0034133473667853145, 0.0, 0.0, 0.0, 1.0], "right_foot_pose": [0.995097154989389, 0.09760089024250913, -0.015991196199590704, 0.0009677649855672462, -0.09890223522258787, 0.9820037698709886, -0.16089420072563995, -0.12507479689243126, -2.272934762586897e-09, 0.16168692644439833, 0.986842103792174, 2.0732399755307718e-09, 0.0, 0.0, 0.0, 1.0]}, {"left_foot_pose": [0.9998857243339074, 0.01508824005513688, -0.0009398325896130409, 0.0019147330101871366, -0.015117482150122631, 0.9979622365432508, -0.06199061353974764, -0.00017138316019017948, 2.588174853277425e-06, 0.061997737423491156, 0.9980762899436446, 0.011540440038402329, 0.0, 0.0, 0.0, 1.0], "right_foot_pose": [0.9950971549940225, 0.09716291586471316, -0.018466724221388824, 0.0009677649845273037, -0.09890223517596629, 0.9775971269437044, -0.18580152116872717, -0.12507479697832163, -1.0259613743393456e-09, 0.1867169654104354, 0.9824137493072449, 1.2228933560232136e-09, 0.0, 0.0, 0.0, 1.0]}, {"left_foot_pose": [0.9994913159774144, 0.031768005857522055, -0.002811243421389306, 0.002961312095168614, -0.03189215046300623, 0.9956143377412194, -0.08794874202033418, -0.0002232968693376275, 4.958105552001983e-06, 0.08799366049864459, 0.9961210346576705, 0.020927384912092492, 0.0, 0.0, 0.0, 1.0], "right_foot_pose": [0.9950971549993151, 0.09679008371061691, -0.02033056338523618, 0.0009677651299235957, -0.09890223512271765, 0.973845907699287, -0.2045543838324732, -0.12507479681029643, 1.9414379526948713e-11, 0.20556222355443574, 0.978644047775981, 5.906840849778661e-10, 0.0, 0.0, 0.0, 1.0]}, {"left_foot_pose": [0.9986011177906039, 0.05256607302517285, -0.005710999393237501, 0.004271291799535776, -0.052875395938742666, 0.9927739325364634, -0.10772238105615582, -0.0002882729108102111, 7.188777294187947e-06, 0.10787366148786559, 0.9941646106684366, 0.02811973408302218, 0.0, 0.0, 0.0, 1.0], "right_foot_pose": [0.9950971550027377, 0.0965250127988164, -0.021553978974783818, 0.0009677654013905833, -0.09890223508827838, 0.9711789192426283, -0.2168636777177384, -0.12507479655505838, 7.388057174696452e-10, 0.2179321654160039, 0.9759639190447009, 1.9350917396243617e-10, 0.0, 0.0, 0.0, 1.0]}, {"left_foot_pose": [0.9970625746615224, 0.07607177712327805, -0.008905444101429284, 0.005753656797861415, -0.07659126672267541, 0.9903126696865447, -0.11582138887150938, -0.00036180258488318143, 8.435242488497553e-06, 0.11616325143355657, 0.9932301339293085, 0.03000000008244351, 0.0, 0.0, 0.0, 1.0], "right_foot_pose": [0.9950971550025629, 0.09639980119678761, -0.02210724847251048, 0.0009677657397846014, -0.09890223509003969, 0.9699191131228672, -0.22243035290433186, -0.12507479641942226, 1.0319353500141417e-09, 0.22352626764693864, 0.9746979058517715, 4.3545445027604046e-11, 0.0, 0.0, 0.0, 1.0]}, {"left_foot_pose": [0.9948292307458272, 0.10088891001688528, -0.011671738913764385, 0.007317397115572004, -0.10156181162661698, 0.9882475990099933, -0.11424483126209435, -0.0004393716387804218, 8.531456703301862e-06, 0.11483950055007058, 0.9933840591838715, 0.030000000124844967, 0.0, 0.0, 0.0, 1.0], "right_foot_pose": [0.995097154998962, 0.0964183711298372, -0.02202611680802051, 0.0009677660079967206, -0.09890223512626792, 0.970105952395141, -0.2216140541900388, -0.1250747963994515, 8.99128187584402e-10, 0.2227059470157587, 0.974885665687938, 9.221505503642646e-11, 0.0, 0.0, 0.0, 1.0]}, {"left_foot_pose": [0.9919901557995489, 0.12560572112926696, -0.013369129230583827, 0.008871500836697117, -0.12631520391203999, 0.9864247276758125, -0.10493200603419194, -0.0005164625668113137, 7.579373075885547e-06, 0.1057802412991045, 0.9943895315686189, 0.030000000407736045, 0.0, 0.0, 0.0, 1.0], "right_foot_pose": [0.99509715499311, 0.09657550842476365, -0.02132658662601077, 0.0009677662058365734, -0.09890223518514799, 0.9716869752968341, -0.21457579060525742, -0.12507479637426905, 3.786858159358098e-10, 0.21563300584787096, 0.9764744783090915, 3.5373531187543605e-10, 0.0, 0.0, 0.0, 1.0]}, {"left_foot_pose": [0.9887776322139433, 0.14890295076730403, -0.012112195762065242, 0.010324953781725266, -0.1493947589640654, 0.9855254144235086, -0.08013029089827002, -0.0005885664716896791, 5.239987393134544e-06, 0.08104053786940488, 0.9967108061992613, 0.026951665213618234, 0.0, 0.0, 0.0, 1.0], "right_foot_pose": [0.9950971549938458, 0.09695384904661954, -0.01953466862271591, 0.0009677660668550585, -0.09890223517774505, 0.975493617363247, -0.19654656028639436, -0.12507479668034716, -9.778739535715284e-10, 0.19751494535506045, 0.9802998757326187, 8.913533661170092e-10, 0.0, 0.0, 0.0, 1.0]}, {"left_foot_pose": [0.9855532927366061, 0.16913589866034426, -0.008817877317830519, 0.011586747886526147, -0.16936560208117712, 0.9842174819588352, -0.05129562396823901, -0.0006511625319421902, 2.7775527656963923e-06, 0.05204801620588868, 0.998644583423611, 0.01900626976942335, 0.0, 0.0, 0.0, 1.0], "right_foot_pose": [0.9950971549898038, 0.09735751727017337, -0.01741166167217462, 0.0009677659886165152, -0.09890223521841338, 0.9795550917662873, -0.17518610122821512, -0.1250747969633315, -2.028729794727181e-09, 0.1760492431841973, 0.9843813610457441, 1.6443662126386371e-09, 0.0, 0.0, 0.0, 1.0]}, {"left_foot_pose": [0.9827732937051675, 0.1847804764348509, -0.0035817186387002873, 0.012565871397371076, -0.1848151865496093, 0.9825887955363436, -0.01904220856601007, -0.0006997319342573333, 7.282319512129491e-07, 0.019376130030217726, 0.9998122651700783, 0.009597808427301797, 0.0, 0.0, 0.0, 1.0], "right_foot_pose": [0.9950971549909978, 0.0978128965453755, -0.01463862692418789, 0.0009677657484334517, -0.098902235206399, 0.9841368539754564, -0.14728543892207885, -0.12507479709156286, -3.1522350332216967e-09, 0.14801111416611565, 0.9889856976131177, 2.5328310976346913e-09, 0.0, 0.0, 0.0, 1.0]}, {"left_foot_pose": [0.9809330652681689, 0.19432359901110743, 0.002942844026569082, 0.013171311394626564, -0.19434588100475053, 0.980820622341154, 0.014852115229794904, -0.0007297601467497854, -2.8562521113414153e-07, -0.01514086053308221, 0.9998853706011688, 0.0021807300055607937, 0.0, 0.0, 0.0, 1.0], "right_foot_pose": [0.9950971549998455, 0.09825506940363374, -0.011295726966432119, 0.0009677653689777331, -0.09890223511737765, 0.9885857427186981, -0.11365112046128986, -0.12507479691572088, -4.0960669426643205e-09, 0.11421107927782986, 0.9934565060284187, 3.3707224927903567e-09, 0.0, 0.0, 0.0, 1.0]}, {"left_foot_pose": [0.9804493280092229, 0.1965037377527729, 0.010266267844414145, 0.013325598357566451, -0.19677173375834162, 0.9791139923297913, 0.05115344385038016, -0.0007374065776006109, -3.5799451398435426e-09, -0.05217347097143592, 0.9986380369917788, 3.791146181708616e-09, 0.0, 0.0, 0.0, 1.0], "right_foot_pose": [0.9950971550357862, 0.09861156373630928, -0.007577040132102267, 0.0009677641173188823, -0.09890223475576092, 0.992172588376107, -0.07623583694937823, -0.12507479647137834, -3.5742271399571384e-09, 0.07661145066199719, 0.9970610240238379, 3.7152629861481046e-09, 0.0, 0.0, 0.0, 1.0]}, {"left_foot_pose": [0.9804493280019672, 0.19597390375999682, 0.01770153285903855, 0.01332559685198325, -0.196771733794496, 0.9764740013158786, 0.08820096106996668, -0.0007374068420632433, 3.597476801163858e-11, -0.08995973432167008, 0.9959454032228753, 3.778423261768804e-09, 0.0, 0.0, 0.0, 1.0], "right_foot_pose": [0.9950971550581905, 0.09882772311891756, -0.0038383770301733794, 0.0009677626340178767, -0.0989022345303441, 0.9943474643086687, -0.03861953168832274, -0.12507479624766452, 8.233747361023244e-11, 0.038809810177983475, 0.9992466155228892, 3.6248814019868014e-09, 0.0, 0.0, 0.0, 1.0]}, {"left_foot_pose": [0.9804493280043675, 0.19521189689833124, 0.024727121246533257, 0.013325598914920377, -0.19677173378253635, 0.9726771719558025, 0.1232071586405489, -0.00073740690866085, -3.2150113471194015e-09, -0.12566397441358523, 0.9920728630169172, 3.1027677024897393e-09, 0.0, 0.0, 0.0, 1.0], "right_foot_pose": [0.9950971550263323, 0.09890186444548428, -0.000270680081844062, 0.0009677646016977045, -0.09890223485088508, 0.9950934281329916, -0.0027234588359204646, -0.1250747967293845, -3.1860435679651397e-09, 0.002736877004479566, 0.9999962547451178, 3.1183244597610127e-09, 0.0, 0.0, 0.0, 1.0]}, {"left_foot_pose": [0.9804493280285762, 0.1943192353048705, 0.030970146251574036, 0.013325599995655758, -0.19677173366190923, 0.9682293313791072, 0.15431411694609998, -0.0007374067323061423, -2.796162431063504e-09, -0.15739122163481223, 0.987536330142999, 2.174539825983146e-09, 0.0, 0.0, 0.0, 1.0], "right_foot_pose": [0.9947865643162142, 0.10193338104049973, 0.0030458636861864325, 0.0007767789402114264, -0.10197887749709546, 0.9943429334343431, 0.029705879445281073, -0.1250462058151532, -6.12303924698338e-07, -0.029861623513089446, 0.9995540422812501, 0.0027003587786868163, 0.0, 0.0, 0.0, 1.0]}, {"left_foot_pose": [0.9804493280316433, 0.19342988788503102, 0.036110852040403915, 0.013325600398718598, -0.19677173364662795, 0.9637980029036989, 0.17992858148871835, -0.0007374067387557054, -1.7350171317965417e-09, -0.18351645177374812, 0.9830166386833818, 1.347043303290274e-09, 0.0, 0.0, 0.0, 1.0], "right_foot_pose": [0.993679741419058, 0.1120544087234354, 0.0066619050575111236, 0.00013860110829847817, -0.11225226718321452, 0.9919295070728291, 0.05895151830514784, -0.12495068827696156, -2.3626728307025166e-06, -0.059326743412185315, 0.998238617521143, 0.010452123665239121, 0.0, 0.0, 0.0, 1.0]}, {"left_foot_pose": [0.9804493280271264, 0.19265693797956907, 0.04003023131951394, 0.013325600534470267, -0.19677173366913545, 0.9599466447390179, 0.19945757464469727, -0.0007374069254124345, -6.554157560165391e-10, -0.20343486304623143, 0.9790884824658912, 7.091982834328547e-10, 0.0, 0.0, 0.0, 1.0], "right_foot_pose": [0.9917326473793426, 0.12784564680924276, 0.011038419899890994, -0.000861114540039236, -0.128321300257133, 0.9880597170159596, 0.08527390873333003, -0.12480106489745917, -4.720024624796745e-06, -0.08598538365482829, 0.996296398555898, 0.019870147104202707, 0.0, 0.0, 0.0, 1.0]}, {"left_foot_pose": [0.9804493280195121, 0.19209179458365763, 0.04265978949452782, 0.01332560043765657, -0.19677173370707352, 0.9571307184785798, 0.21255980936807098, -0.0007374071320493288, 2.6883023453409326e-10, -0.2167983629972981, 0.9762164052102857, 2.7969217220036313e-10, 0.0, 0.0, 0.0, 1.0], "right_foot_pose": [0.9888817599140228, 0.1478482609573838, 0.01592974077698771, -0.0021322440663830797, -0.14870395038431328, 0.9831964857053528, 0.10588581414308247, -0.12461082370034085, -7.031669020191011e-06, -0.10707736562187689, 0.9942506915874058, 0.0274999809951329, 0.0, 0.0, 0.0, 1.0]}, {"left_foot_pose": [0.9804493279991816, 0.1918242263555964, 0.04384725087198104, 0.013325600073675413, -0.1967717338083735, 0.9557975126768548, 0.21847654229867527, -0.0007374070934138052, 3.8213143150033457e-10, -0.22283307865713173, 0.9748566146137518, 3.9807289409221625e-11, 0.0, 0.0, 0.0, 1.0], "right_foot_pose": [0.9851115952944083, 0.17072611179300884, 0.020192562208576778, -0.0035846733305423223, -0.1719160979803497, 0.9782985339952525, 0.11565826229868138, -0.12439344652053082, -8.468587268877338e-06, -0.1174077217851573, 0.993083796461055, 0.030000000055388512, 0.0, 0.0, 0.0, 1.0]}, {"left_foot_pose": [0.9804493280024588, 0.19185248969228536, 0.04372341956434477, 0.013325599896088319, -0.19677173379204665, 0.9559383396436708, 0.2178595317624964, -0.0007374070672729847, 4.69946914900675e-10, -0.2222037645904634, 0.9750002497444947, 5.512702794252533e-11, 0.0, 0.0, 0.0, 1.0], "right_foot_pose": [0.9805076600750958, 0.19515098516573434, 0.022821514474360437, -0.00512828761925444, -0.19648086028826076, 0.9738762205549047, 0.11384365848864482, -0.12416241848063445, -8.628154698994433e-06, -0.11610856999609301, 0.9932365276705329, 0.030000000072200925, 0.0, 0.0, 0.0, 1.0]}, {"left_foot_pose": [0.9804493280120865, 0.19215816563539456, 0.042359822713145125, 0.013325599674959636, -0.1