{"LoopMode": "Wrap", "FrameDuration": 0.0167, "EnableCycleOffsetPosition": true, "EnableCycleOffsetRotation": false, "Debug_info": [{"left_foot_pose": [0.9999999999582672, 4.15133922430839e-06, 8.138367690146899e-06, 0.0001984211131337875, -4.801604384464114e-06, 0.9966649661119549, 0.0816023608849688, -6.676505732177741e-05, -7.772466876759168e-06, -0.08160236092064077, 0.9966649660902943, -0.0005324605567886623, 0.0, 0.0, 0.0, 1.0], "right_foot_pose": [0.9999999969800291, 6.694684283874811e-05, 3.947229174866517e-05, 0.0009680834197356827, -6.418673616695889e-05, 0.997806092915749, -0.06620420545759044, -0.12012479653714082, -4.381785574636172e-05, 0.06620420272405794, 0.9978060941995028, -0.007765460801183392, 0.0, 0.0, 0.0, 1.0]}, {"left_foot_pose": [0.9999999999582672, 4.15133922430839e-06, 8.138367690146899e-06, 0.0001984211131337875, -4.801604384464114e-06, 0.9966649661119549, 0.0816023608849688, -6.676505732177741e-05, -7.772466876759168e-06, -0.08160236092064077, 0.9966649660902943, -0.0005324605567886623, 0.0, 0.0, 0.0, 1.0], "right_foot_pose": [0.9999999969800291, 6.694684283874811e-05, 3.947229174866517e-05, 0.0009680834197356827, -6.418673616695889e-05, 0.997806092915749, -0.06620420545759044, -0.12012479653714082, -4.381785574636172e-05, 0.06620420272405794, 0.9978060941995028, -0.007765460801183392, 0.0, 0.0, 0.0, 1.0]}, {"left_foot_pose": [0.9999999999582672, 4.15133922430839e-06, 8.138367690146899e-06, 0.0001984211131337875, -4.801604384464114e-06, 0.9966649661119549, 0.0816023608849688, -6.676505732177741e-05, -7.772466876759168e-06, -0.08160236092064077, 0.9966649660902943, -0.0005324605567886623, 0.0, 0.0, 0.0, 1.0], "right_foot_pose": [0.9999999969800291, 6.694684283874811e-05, 3.947229174866517e-05, 0.0009680834197356827, -6.418673616695889e-05, 0.997806092915749, -0.06620420545759044, -0.12012479653714082, -4.381785574636172e-05, 0.06620420272405794, 0.9978060941995028, -0.007765460801183392, 0.0, 0.0, 0.0, 1.0]}, {"left_foot_pose": [0.9999999999582672, 4.15133922430839e-06, 8.138367690146899e-06, 0.0001984211131337875, -4.801604384464114e-06, 0.9966649661119549, 0.0816023608849688, -6.676505732177741e-05, -7.772466876759168e-06, -0.08160236092064077, 0.9966649660902943, -0.0005324605567886623, 0.0, 0.0, 0.0, 1.0], "right_foot_pose": [0.9999999969800291, 6.694684283874811e-05, 3.947229174866517e-05, 0.0009680834197356827, -6.418673616695889e-05, 0.997806092915749, -0.06620420545759044, -0.12012479653714082, -4.381785574636172e-05, 0.06620420272405794, 0.9978060941995028, -0.007765460801183392, 0.0, 0.0, 0.0, 1.0]}, {"left_foot_pose": [0.9999999999582672, 4.15133922430839e-06, 8.138367690146899e-06, 0.0001984211131337875, -4.801604384464114e-06, 0.9966649661119549, 0.0816023608849688, -6.676505732177741e-05, -7.772466876759168e-06, -0.08160236092064077, 0.9966649660902943, -0.0005324605567886623, 0.0, 0.0, 0.0, 1.0], "right_foot_pose": [0.9999999969800291, 6.694684283874811e-05, 3.947229174866517e-05, 0.0009680834197356827, -6.418673616695889e-05, 0.997806092915749, -0.06620420545759044, -0.12012479653714082, -4.381785574636172e-05, 0.06620420272405794, 0.9978060941995028, -0.007765460801183392, 0.0, 0.0, 0.0, 1.0]}, {"left_foot_pose": [0.9999999999582672, 4.15133922430839e-06, 8.138367690146899e-06, 0.0001984211131337875, -4.801604384464114e-06, 0.9966649661119549, 0.0816023608849688, -6.676505732177741e-05, -7.772466876759168e-06, -0.08160236092064077, 0.9966649660902943, -0.0005324605567886623, 0.0, 0.0, 0.0, 1.0], "right_foot_pose": [0.9999999969800291, 6.694684283874811e-05, 3.947229174866517e-05, 0.0009680834197356827, -6.418673616695889e-05, 0.997806092915749, -0.06620420545759044, -0.12012479653714082, -4.381785574636172e-05, 0.06620420272405794, 0.9978060941995028, -0.007765460801183392, 0.0, 0.0, 0.0, 1.0]}, {"left_foot_pose": [0.9999999999582672, 4.15133922430839e-06, 8.138367690146899e-06, 0.0001984211131337875, -4.801604384464114e-06, 0.9966649661119549, 0.0816023608849688, -6.676505732177741e-05, -7.772466876759168e-06, -0.08160236092064077, 0.9966649660902943, -0.0005324605567886623, 0.0, 0.0, 0.0, 1.0], "right_foot_pose": [0.9999999969800291, 6.694684283874811e-05, 3.947229174866517e-05, 0.0009680834197356827, -6.418673616695889e-05, 0.997806092915749, -0.06620420545759044, -0.12012479653714082, -4.381785574636172e-05, 0.06620420272405794, 0.9978060941995028, -0.007765460801183392, 0.0, 0.0, 0.0, 1.0]}, {"left_foot_pose": [0.9999999999582672, 4.15133922430839e-06, 8.138367690146899e-06, 0.0001984211131337875, -4.801604384464114e-06, 0.9966649661119549, 0.0816023608849688, -6.676505732177741e-05, -7.772466876759168e-06, -0.08160236092064077, 0.9966649660902943, -0.0005324605567886623, 0.0, 0.0, 0.0, 1.0], "right_foot_pose": [0.9999999969800291, 6.694684283874811e-05, 3.947229174866517e-05, 0.0009680834197356827, -6.418673616695889e-05, 0.997806092915749, -0.06620420545759044, -0.12012479653714082, -4.381785574636172e-05, 0.06620420272405794, 0.9978060941995028, -0.007765460801183392, 0.0, 0.0, 0.0, 1.0]}, {"left_foot_pose": [0.9999999999582672, 4.15133922430839e-06, 8.138367690146899e-06, 0.0001984211131337875, -4.801604384464114e-06, 0.9966649661119549, 0.0816023608849688, -6.676505732177741e-05, -7.772466876759168e-06, -0.08160236092064077, 0.9966649660902943, -0.0005324605567886623, 0.0, 0.0, 0.0, 1.0], "right_foot_pose": [0.9999999969800291, 6.694684283874811e-05, 3.947229174866517e-05, 0.0009680834197356827, -6.418673616695889e-05, 0.997806092915749, -0.06620420545759044, -0.12012479653714082, -4.381785574636172e-05, 0.06620420272405794, 0.9978060941995028, -0.007765460801183392, 0.0, 0.0, 0.0, 1.0]}, {"left_foot_pose": [0.9999999999582672, 4.15133922430839e-06, 8.138367690146899e-06, 0.0001984211131337875, -4.801604384464114e-06, 0.9966649661119549, 0.0816023608849688, -6.676505732177741e-05, -7.772466876759168e-06, -0.08160236092064077, 0.9966649660902943, -0.0005324605567886623, 0.0, 0.0, 0.0, 1.0], "right_foot_pose": [0.9999999969800291, 6.694684283874811e-05, 3.947229174866517e-05, 0.0009680834197356827, -6.418673616695889e-05, 0.997806092915749, -0.06620420545759044, -0.12012479653714082, -4.381785574636172e-05, 0.06620420272405794, 0.9978060941995028, -0.007765460801183392, 0.0, 0.0, 0.0, 1.0]}, {"left_foot_pose": [0.9999999999582672, 4.15133922430839e-06, 8.138367690146899e-06, 0.0001984211131337875, -4.801604384464114e-06, 0.9966649661119549, 0.0816023608849688, -6.676505732177741e-05, -7.772466876759168e-06, -0.08160236092064077, 0.9966649660902943, -0.0005324605567886623, 0.0, 0.0, 0.0, 1.0], "right_foot_pose": [0.9999999969800291, 6.694684283874811e-05, 3.947229174866517e-05, 0.0009680834197356827, -6.418673616695889e-05, 0.997806092915749, -0.06620420545759044, -0.12012479653714082, -4.381785574636172e-05, 0.06620420272405794, 0.9978060941995028, -0.007765460801183392, 0.0, 0.0, 0.0, 1.0]}, {"left_foot_pose": [0.9999999999582672, 4.15133922430839e-06, 8.138367690146899e-06, 0.0001984211131337875, -4.801604384464114e-06, 0.9966649661119549, 0.0816023608849688, -6.676505732177741e-05, -7.772466876759168e-06, -0.08160236092064077, 0.9966649660902943, -0.0005324605567886623, 0.0, 0.0, 0.0, 1.0], "right_foot_pose": [0.9999999969800291, 6.694684283874811e-05, 3.947229174866517e-05, 0.0009680834197356827, -6.418673616695889e-05, 0.997806092915749, -0.06620420545759044, -0.12012479653714082, -4.381785574636172e-05, 0.06620420272405794, 0.9978060941995028, -0.007765460801183392, 0.0, 0.0, 0.0, 1.0]}, {"left_foot_pose": [0.9999999999582672, 4.15133922430839e-06, 8.138367690146899e-06, 0.0001984211131337875, -4.801604384464114e-06, 0.9966649661119549, 0.0816023608849688, -6.676505732177741e-05, -7.772466876759168e-06, -0.08160236092064077, 0.9966649660902943, -0.0005324605567886623, 0.0, 0.0, 0.0, 1.0], "right_foot_pose": [0.9999999969800291, 6.694684283874811e-05, 3.947229174866517e-05, 0.0009680834197356827, -6.418673616695889e-05, 0.997806092915749, -0.06620420545759044, -0.12012479653714082, -4.381785574636172e-05, 0.06620420272405794, 0.9978060941995028, -0.007765460801183392, 0.0, 0.0, 0.0, 1.0]}, {"left_foot_pose": [0.9999999999582672, 4.15133922430839e-06, 8.138367690146899e-06, 0.0001984211131337875, -4.801604384464114e-06, 0.9966649661119549, 0.0816023608849688, -6.676505732177741e-05, -7.772466876759168e-06, -0.08160236092064077, 0.9966649660902943, -0.0005324605567886623, 0.0, 0.0, 0.0, 1.0], "right_foot_pose": [0.9999999969800291, 6.694684283874811e-05, 3.947229174866517e-05, 0.0009680834197356827, -6.418673616695889e-05, 0.997806092915749, -0.06620420545759044, -0.12012479653714082, -4.381785574636172e-05, 0.06620420272405794, 0.9978060941995028, -0.007765460801183392, 0.0, 0.0, 0.0, 1.0]}, {"left_foot_pose": [0.9999999999582672, 4.15133922430839e-06, 8.138367690146899e-06, 0.0001984211131337875, -4.801604384464114e-06, 0.9966649661119549, 0.0816023608849688, -6.676505732177741e-05, -7.772466876759168e-06, -0.08160236092064077, 0.9966649660902943, -0.0005324605567886623, 0.0, 0.0, 0.0, 1.0], "right_foot_pose": [0.9999999969800291, 6.694684283874811e-05, 3.947229174866517e-05, 0.0009680834197356827, -6.418673616695889e-05, 0.997806092915749, -0.06620420545759044, -0.12012479653714082, -4.381785574636172e-05, 0.06620420272405794, 0.9978060941995028, -0.007765460801183392, 0.0, 0.0, 0.0, 1.0]}, {"left_foot_pose": [0.9999999999582672, 4.15133922430839e-06, 8.138367690146899e-06, 0.0001984211131337875, -4.801604384464114e-06, 0.9966649661119549, 0.0816023608849688, -6.676505732177741e-05, -7.772466876759168e-06, -0.08160236092064077, 0.9966649660902943, -0.0005324605567886623, 0.0, 0.0, 0.0, 1.0], "right_foot_pose": [0.9999999969800291, 6.694684283874811e-05, 3.947229174866517e-05, 0.0009680834197356827, -6.418673616695889e-05, 0.997806092915749, -0.06620420545759044, -0.12012479653714082, -4.381785574636172e-05, 0.06620420272405794, 0.9978060941995028, -0.007765460801183392, 0.0, 0.0, 0.0, 1.0]}, {"left_foot_pose": [0.9999999999582672, 4.15133922430839e-06, 8.138367690146899e-06, 0.0001984211131337875, -4.801604384464114e-06, 0.9966649661119549, 0.0816023608849688, -6.676505732177741e-05, -7.772466876759168e-06, -0.08160236092064077, 0.9966649660902943, -0.0005324605567886623, 0.0, 0.0, 0.0, 1.0], "right_foot_pose": [0.9999999969800291, 6.694684283874811e-05, 3.947229174866517e-05, 0.0009680834197356827, -6.418673616695889e-05, 0.997806092915749, -0.06620420545759044, -0.12012479653714082, -4.381785574636172e-05, 0.06620420272405794, 0.9978060941995028, -0.007765460801183392, 0.0, 0.0, 0.0, 1.0]}, {"left_foot_pose": [0.9999999999582672, 4.15133922430839e-06, 8.138367690146899e-06, 0.0001984211131337875, -4.801604384464114e-06, 0.9966649661119549, 0.0816023608849688, -6.676505732177741e-05, -7.772466876759168e-06, -0.08160236092064077, 0.9966649660902943, -0.0005324605567886623, 0.0, 0.0, 0.0, 1.0], "right_foot_pose": [0.9999999969800291, 6.694684283874811e-05, 3.947229174866517e-05, 0.0009680834197356827, -6.418673616695889e-05, 0.997806092915749, -0.06620420545759044, -0.12012479653714082, -4.381785574636172e-05, 0.06620420272405794, 0.9978060941995028, -0.007765460801183392, 0.0, 0.0, 0.0, 1.0]}, {"left_foot_pose": [0.9999999999582672, 4.15133922430839e-06, 8.138367690146899e-06, 0.0001984211131337875, -4.801604384464114e-06, 0.9966649661119549, 0.0816023608849688, -6.676505732177741e-05, -7.772466876759168e-06, -0.08160236092064077, 0.9966649660902943, -0.0005324605567886623, 0.0, 0.0, 0.0, 1.0], "right_foot_pose": [0.9999999969800291, 6.694684283874811e-05, 3.947229174866517e-05, 0.0009680834197356827, -6.418673616695889e-05, 0.997806092915749, -0.06620420545759044, -0.12012479653714082, -4.381785574636172e-05, 0.06620420272405794, 0.9978060941995028, -0.007765460801183392, 0.0, 0.0, 0.0, 1.0]}, {"left_foot_pose": [0.9999999999582672, 4.15133922430839e-06, 8.138367690146899e-06, 0.0001984211131337875, -4.801604384464114e-06, 0.9966649661119549, 0.0816023608849688, -6.676505732177741e-05, -7.772466876759168e-06, -0.08160236092064077, 0.9966649660902943, -0.0005324605567886623, 0.0, 0.0, 0.0, 1.0], "right_foot_pose": [0.9999999969800291, 6.694684283874811e-05, 3.947229174866517e-05, 0.0009680834197356827, -6.418673616695889e-05, 0.997806092915749, -0.06620420545759044, -0.12012479653714082, -4.381785574636172e-05, 0.06620420272405794, 0.9978060941995028, -0.007765460801183392, 0.0, 0.0, 0.0, 1.0]}, {"left_foot_pose": [0.9999999999582672, 4.15133922430839e-06, 8.138367690146899e-06, 0.0001984211131337875, -4.801604384464114e-06, 0.9966649661119549, 0.0816023608849688, -6.676505732177741e-05, -7.772466876759168e-06, -0.08160236092064077, 0.9966649660902943, -0.0005324605567886623, 0.0, 0.0, 0.0, 1.0], "right_foot_pose": [0.9999999969800291, 6.694684283874811e-05, 3.947229174866517e-05, 0.0009680834197356827, -6.418673616695889e-05, 0.997806092915749, -0.06620420545759044, -0.12012479653714082, -4.381785574636172e-05, 0.06620420272405794, 0.9978060941995028, -0.007765460801183392, 0.0, 0.0, 0.0, 1.0]}, {"left_foot_pose": [0.9999999999582672, 4.15133922430839e-06, 8.138367690146899e-06, 0.0001984211131337875, -4.801604384464114e-06, 0.9966649661119549, 0.0816023608849688, -6.676505732177741e-05, -7.772466876759168e-06, -0.08160236092064077, 0.9966649660902943, -0.0005324605567886623, 0.0, 0.0, 0.0, 1.0], "right_foot_pose": [0.9999999969800291, 6.694684283874811e-05, 3.947229174866517e-05, 0.0009680834197356827, -6.418673616695889e-05, 0.997806092915749, -0.06620420545759044, -0.12012479653714082, -4.381785574636172e-05, 0.06620420272405794, 0.9978060941995028, -0.007765460801183392, 0.0, 0.0, 0.0, 1.0]}, {"left_foot_pose": [0.9999999999582672, 4.15133922430839e-06, 8.138367690146899e-06, 0.0001984211131337875, -4.801604384464114e-06, 0.9966649661119549, 0.0816023608849688, -6.676505732177741e-05, -7.772466876759168e-06, -0.08160236092064077, 0.9966649660902943, -0.0005324605567886623, 0.0, 0.0, 0.0, 1.0], "right_foot_pose": [0.9999999969800291, 6.694684283874811e-05, 3.947229174866517e-05, 0.0009680834197356827, -6.418673616695889e-05, 0.997806092915749, -0.06620420545759044, -0.12012479653714082, -4.381785574636172e-05, 0.06620420272405794, 0.9978060941995028, -0.007765460801183392, 0.0, 0.0, 0.0, 1.0]}, {"left_foot_pose": [0.9999999999582672, 4.15133922430839e-06, 8.138367690146899e-06, 0.0001984211131337875, -4.801604384464114e-06, 0.9966649661119549, 0.0816023608849688, -6.676505732177741e-05, -7.772466876759168e-06, -0.08160236092064077, 0.9966649660902943, -0.0005324605567886623, 0.0, 0.0, 0.0, 1.0], "right_foot_pose": [0.9999999969800291, 6.694684283874811e-05, 3.947229174866517e-05, 0.0009680834197356827, -6.418673616695889e-05, 0.997806092915749, -0.06620420545759044, -0.12012479653714082, -4.381785574636172e-05, 0.06620420272405794, 0.9978060941995028, -0.007765460801183392, 0.0, 0.0, 0.0, 1.0]}, {"left_foot_pose": [0.9999999999582672, 4.15133922430839e-06, 8.138367690146899e-06, 0.0001984211131337875, -4.801604384464114e-06, 0.9966649661119549, 0.0816023608849688, -6.676505732177741e-05, -7.772466876759168e-06, -0.08160236092064077, 0.9966649660902943, -0.0005324605567886623, 0.0, 0.0, 0.0, 1.0], "right_foot_pose": [0.9999999969800291, 6.694684283874811e-05, 3.947229174866517e-05, 0.0009680834197356827, -6.418673616695889e-05, 0.997806092915749, -0.06620420545759044, -0.12012479653714082, -4.381785574636172e-05, 0.06620420272405794, 0.9978060941995028, -0.007765460801183392, 0.0, 0.0, 0.0, 1.0]}, {"left_foot_pose": [0.9999999999582672, 4.15133922430839e-06, 8.138367690146899e-06, 0.0001984211131337875, -4.801604384464114e-06, 0.9966649661119549, 0.0816023608849688, -6.676505732177741e-05, -7.772466876759168e-06, -0.08160236092064077, 0.9966649660902943, -0.0005324605567886623, 0.0, 0.0, 0.0, 1.0], "right_foot_pose": [0.9999999969800291, 6.694684283874811e-05, 3.947229174866517e-05, 0.0009680834197356827, -6.418673616695889e-05, 0.997806092915749, -0.06620420545759044, -0.12012479653714082, -4.381785574636172e-05, 0.06620420272405794, 0.9978060941995028, -0.007765460801183392, 0.0, 0.0, 0.0, 1.0]}, {"left_foot_pose": [0.9999999999582672, 4.15133922430839e-06, 8.138367690146899e-06, 0.0001984211131337875, -4.801604384464114e-06, 0.9966649661119549, 0.0816023608849688, -6.676505732177741e-05, -7.772466876759168e-06, -0.08160236092064077, 0.9966649660902943, -0.0005324605567886623, 0.0, 0.0, 0.0, 1.0], "right_foot_pose": [0.9999999969800291, 6.694684283874811e-05, 3.947229174866517e-05, 0.0009680834197356827, -6.418673616695889e-05, 0.997806092915749, -0.06620420545759044, -0.12012479653714082, -4.381785574636172e-05, 0.06620420272405794, 0.9978060941995028, -0.007765460801183392, 0.0, 0.0, 0.0, 1.0]}, {"left_foot_pose": [0.9999999999582672, 4.15133922430839e-06, 8.138367690146899e-06, 0.0001984211131337875, -4.801604384464114e-06, 0.9966649661119549, 0.0816023608849688, -6.676505732177741e-05, -7.772466876759168e-06, -0.08160236092064077, 0.9966649660902943, -0.0005324605567886623, 0.0, 0.0, 0.0, 1.0], "right_foot_pose": [0.9999999969800291, 6.694684283874811e-05, 3.947229174866517e-05, 0.0009680834197356827, -6.418673616695889e-05, 0.997806092915749, -0.06620420545759044, -0.12012479653714082, -4.381785574636172e-05, 0.06620420272405794, 0.9978060941995028, -0.007765460801183392, 0.0, 0.0, 0.0, 1.0]}, {"left_foot_pose": [0.9999999999582672, 4.15133922430839e-06, 8.138367690146899e-06, 0.0001984211131337875, -4.801604384464114e-06, 0.9966649661119549, 0.0816023608849688, -6.676505732177741e-05, -7.772466876759168e-06, -0.08160236092064077, 0.9966649660902943, -0.0005324605567886623, 0.0, 0.0, 0.0, 1.0], "right_foot_pose": [0.9999999969800291, 6.694684283874811e-05, 3.947229174866517e-05, 0.0009680834197356827, -6.418673616695889e-05, 0.997806092915749, -0.06620420545759044, -0.12012479653714082, -4.381785574636172e-05, 0.06620420272405794, 0.9978060941995028, -0.007765460801183392, 0.0, 0.0, 0.0, 1.0]}, {"left_foot_pose": [0.9999999999582672, 4.15133922430839e-06, 8.138367690146899e-06, 0.0001984211131337875, -4.801604384464114e-06, 0.9966649661119549, 0.0816023608849688, -6.676505732177741e-05, -7.772466876759168e-06, -0.08160236092064077, 0.9966649660902943, -0.0005324605567886623, 0.0, 0.0, 0.0, 1.0], "right_foot_pose": [0.9999999969800291, 6.694684283874811e-05, 3.947229174866517e-05, 0.0009680834197356827, -6.418673616695889e-05, 0.997806092915749, -0.06620420545759044, -0.12012479653714082, -4.381785574636172e-05, 0.06620420272405794, 0.9978060941995028, -0.007765460801183392, 0.0, 0.0, 0.0, 1.0]}, {"left_foot_pose": [0.9999999999582672, 4.15133922430839e-06, 8.138367690146899e-06, 0.0001984211131337875, -4.801604384464114e-06, 0.9966649661119549, 0.0816023608849688, -6.676505732177741e-05, -7.772466876759168e-06, -0.08160236092064077, 0.9966649660902943, -0.0005324605567886623, 0.0, 0.0, 0.0, 1.0], "right_foot_pose": [0.9999999969800291, 6.694684283874811e-05, 3.947229174866517e-05, 0.0009680834197356827, -6.418673616695889e-05, 0.997806092915749, -0.06620420545759044, -0.12012479653714082, -4.381785574636172e-05, 0.06620420272405794, 0.9978060941995028, -0.007765460801183392, 0.0, 0.0, 0.0, 1.0]}, {"left_foot_pose": [0.9999999999582672, 4.15133922430839e-06, 8.138367690146899e-06, 0.0001984211131337875, -4.801604384464114e-06, 0.9966649661119549, 0.0816023608849688, -6.676505732177741e-05, -7.772466876759168e-06, -0.08160236092064077, 0.9966649660902943, -0.0005324605567886623, 0.0, 0.0, 0.0, 1.0], "right_foot_pose": [0.9999999969800291, 6.694684283874811e-05, 3.947229174866517e-05, 0.0009680834197356827, -6.418673616695889e-05, 0.997806092915749, -0.06620420545759044, -0.12012479653714082, -4.381785574636172e-05, 0.06620420272405794, 0.9978060941995028, -0.007765460801183392, 0.0, 0.0, 0.0, 1.0]}, {"left_foot_pose": [0.9999999999582672, 4.15133922430839e-06, 8.138367690146899e-06, 0.0001984211131337875, -4.801604384464114e-06, 0.9966649661119549, 0.0816023608849688, -6.676505732177741e-05, -7.772466876759168e-06, -0.08160236092064077, 0.9966649660902943, -0.0005324605567886623, 0.0, 0.0, 0.0, 1.0], "right_foot_pose": [0.9999999969800291, 6.694684283874811e-05, 3.947229174866517e-05, 0.0009680834197356827, -6.418673616695889e-05, 0.997806092915749, -0.06620420545759044, -0.12012479653714082, -4.381785574636172e-05, 0.06620420272405794, 0.9978060941995028, -0.007765460801183392, 0.0, 0.0, 0.0, 1.0]}, {"left_foot_pose": [0.9999999999582672, 4.15133922430839e-06, 8.138367690146899e-06, 0.0001984211131337875, -4.801604384464114e-06, 0.9966649661119549, 0.0816023608849688, -6.676505732177741e-05, -7.772466876759168e-06, -0.08160236092064077, 0.9966649660902943, -0.0005324605567886623, 0.0, 0.0, 0.0, 1.0], "right_foot_pose": [0.9999999969800291, 6.694684283874811e-05, 3.947229174866517e-05, 0.0009680834197356827, -6.418673616695889e-05, 0.997806092915749, -0.06620420545759044, -0.12012479653714082, -4.381785574636172e-05, 0.06620420272405794, 0.9978060941995028, -0.007765460801183392, 0.0, 0.0, 0.0, 1.0]}, {"left_foot_pose": [0.9999999999582672, 4.15133922430839e-06, 8.138367690146899e-06, 0.0001984211131337875, -4.801604384464114e-06, 0.9966649661119549, 0.0816023608849688, -6.676505732177741e-05, -7.772466876759168e-06, -0.08160236092064077, 0.9966649660902943, -0.0005324605567886623, 0.0, 0.0, 0.0, 1.0], "right_foot_pose": [0.9999999969800291, 6.694684283874811e-05, 3.947229174866517e-05, 0.0009680834197356827, -6.418673616695889e-05, 0.997806092915749, -0.06620420545759044, -0.12012479653714082, -4.381785574636172e-05, 0.06620420272405794, 0.9978060941995028, -0.007765460801183392, 0.0, 0.0, 0.0, 1.0]}, {"left_foot_pose": [0.9999999999582672, 4.15133922430839e-06, 8.138367690146899e-06, 0.0001984211131337875, -4.801604384464114e-06, 0.9966649661119549, 0.0816023608849688, -6.676505732177741e-05, -7.772466876759168e-06, -0.08160236092064077, 0.9966649660902943, -0.0005324605567886623, 0.0, 0.0, 0.0, 1.0], "right_foot_pose": [0.9999999969800291, 6.694684283874811e-05, 3.947229174866517e-05, 0.0009680834197356827, -6.418673616695889e-05, 0.997806092915749, -0.06620420545759044, -0.12012479653714082, -4.381785574636172e-05, 0.06620420272405794, 0.9978060941995028, -0.007765460801183392, 0.0, 0.0, 0.0, 1.0]}, {"left_foot_pose": [0.9999999999582672, 4.15133922430839e-06, 8.138367690146899e-06, 0.0001984211131337875, -4.801604384464114e-06, 0.9966649661119549, 0.0816023608849688, -6.676505732177741e-05, -7.772466876759168e-06, -0.08160236092064077, 0.9966649660902943, -0.0005324605567886623, 0.0, 0.0, 0.0, 1.0], "right_foot_pose": [0.9999999969800291, 6.694684283874811e-05, 3.947229174866517e-05, 0.0009680834197356827, -6.418673616695889e-05, 0.997806092915749, -0.06620420545759044, -0.12012479653714082, -4.381785574636172e-05, 0.06620420272405794, 0.9978060941995028, -0.007765460801183392, 0.0, 0.0, 0.0, 1.0]}, {"left_foot_pose": [0.9999999999582672, 4.15133922430839e-06, 8.138367690146899e-06, 0.0001984211131337875, -4.801604384464114e-06, 0.9966649661119549, 0.0816023608849688, -6.676505732177741e-05, -7.772466876759168e-06, -0.08160236092064077, 0.9966649660902943, -0.0005324605567886623, 0.0, 0.0, 0.0, 1.0], "right_foot_pose": [0.9999999969800291, 6.694684283874811e-05, 3.947229174866517e-05, 0.0009680834197356827, -6.418673616695889e-05, 0.997806092915749, -0.06620420545759044, -0.12012479653714082, -4.381785574636172e-05, 0.06620420272405794, 0.9978060941995028, -0.007765460801183392, 0.0, 0.0, 0.0, 1.0]}, {"left_foot_pose": [0.9999999999582672, 4.15133922430839e-06, 8.138367690146899e-06, 0.0001984211131337875, -4.801604384464114e-06, 0.9966649661119549, 0.0816023608849688, -6.676505732177741e-05, -7.772466876759168e-06, -0.08160236092064077, 0.9966649660902943, -0.0005324605567886623, 0.0, 0.0, 0.0, 1.0], "right_foot_pose": [0.9999999969800291, 6.694684283874811e-05, 3.947229174866517e-05, 0.0009680834197356827, -6.418673616695889e-05, 0.997806092915749, -0.06620420545759044, -0.12012479653714082, -4.381785574636172e-05, 0.06620420272405794, 0.9978060941995028, -0.007765460801183392, 0.0, 0.0, 0.0, 1.0]}, {"left_foot_pose": [0.9999999999582672, 4.15133922430839e-06, 8.138367690146899e-06, 0.0001984211131337875, -4.801604384464114e-06, 0.9966649661119549, 0.0816023608849688, -6.676505732177741e-05, -7.772466876759168e-06, -0.08160236092064077, 0.9966649660902943, -0.0005324605567886623, 0.0, 0.0, 0.0, 1.0], "right_foot_pose": [0.9999999969800291, 6.694684283874811e-05, 3.947229174866517e-05, 0.0009680834197356827, -6.418673616695889e-05, 0.997806092915749, -0.06620420545759044, -0.12012479653714082, -4.381785574636172e-05, 0.06620420272405794, 0.9978060941995028, -0.007765460801183392, 0.0, 0.0, 0.0, 1.0]}, {"left_foot_pose": [0.9999999999582672, 4.15133922430839e-06, 8.138367690146899e-06, 0.0001984211131337875, -4.801604384464114e-06, 0.9966649661119549, 0.0816023608849688, -6.676505732177741e-05, -7.772466876759168e-06, -0.08160236092064077, 0.9966649660902943, -0.0005324605567886623, 0.0, 0.0, 0.0, 1.0], "right_foot_pose": [0.9999999969800291, 6.694684283874811e-05, 3.947229174866517e-05, 0.0009680834197356827, -6.418673616695889e-05, 0.997806092915749, -0.06620420545759044, -0.12012479653714082, -4.381785574636172e-05, 0.06620420272405794, 0.9978060941995028, -0.007765460801183392, 0.0, 0.0, 0.0, 1.0]}, {"left_foot_pose": [0.9999999999582672, 4.15133922430839e-06, 8.138367690146899e-06, 0.0001984211131337875, -4.801604384464114e-06, 0.9966649661119549, 0.0816023608849688, -6.676505732177741e-05, -7.772466876759168e-06, -0.08160236092064077, 0.9966649660902943, -0.0005324605567886623, 0.0, 0.0, 0.0, 1.0], "right_foot_pose": [0.9999999969800291, 6.694684283874811e-05, 3.947229174866517e-05, 0.0009680834197356827, -6.418673616695889e-05, 0.997806092915749, -0.06620420545759044, -0.12012479653714082, -4.381785574636172e-05, 0.06620420272405794, 0.9978060941995028, -0.007765460801183392, 0.0, 0.0, 0.0, 1.0]}, {"left_foot_pose": [0.9999999999582672, 4.15133922430839e-06, 8.138367690146899e-06, 0.0001984211131337875, -4.801604384464114e-06, 0.9966649661119549, 0.0816023608849688, -6.676505732177741e-05, -7.772466876759168e-06, -0.08160236092064077, 0.9966649660902943, -0.0005324605567886623, 0.0, 0.0, 0.0, 1.0], "right_foot_pose": [0.9999999969800291, 6.694684283874811e-05, 3.947229174866517e-05, 0.0009680834197356827, -6.418673616695889e-05, 0.997806092915749, -0.06620420545759044, -0.12012479653714082, -4.381785574636172e-05, 0.06620420272405794, 0.9978060941995028, -0.007765460801183392, 0.0, 0.0, 0.0, 1.0]}, {"left_foot_pose": [0.9999999999582672, 4.15133922430839e-06, 8.138367690146899e-06, 0.0001984211131337875, -4.801604384464114e-06, 0.9966649661119549, 0.0816023608849688, -6.676505732177741e-05, -7.772466876759168e-06, -0.08160236092064077, 0.9966649660902943, -0.0005324605567886623, 0.0, 0.0, 0.0, 1.0], "right_foot_pose": [0.9999999969800291, 6.694684283874811e-05, 3.947229174866517e-05, 0.0009680834197356827, -6.418673616695889e-05, 0.997806092915749, -0.06620420545759044, -0.12012479653714082, -4.381785574636172e-05, 0.06620420272405794, 0.9978060941995028, -0.007765460801183392, 0.0, 0.0, 0.0, 1.0]}, {"left_foot_pose": [0.9999999999582672, 4.15133922430839e-06, 8.138367690146899e-06, 0.0001984211131337875, -4.801604384464114e-06, 0.9966649661119549, 0.0816023608849688, -6.676505732177741e-05, -7.772466876759168e-06, -0.08160236092064077, 0.9966649660902943, -0.0005324605567886623, 0.0, 0.0, 0.0, 1.0], "right_foot_pose": [0.9999999969800291, 6.694684283874811e-05, 3.947229174866517e-05, 0.0009680834197356827, -6.418673616695889e-05, 0.997806092915749, -0.06620420545759044, -0.12012479653714082, -4.381785574636172e-05, 0.06620420272405794, 0.9978060941995028, -0.007765460801183392, 0.0, 0.0, 0.0, 1.0]}, {"left_foot_pose": [0.9999999999582672, 4.15133922430839e-06, 8.138367690146899e-06, 0.0001984211131337875, -4.801604384464114e-06, 0.9966649661119549, 0.0816023608849688, -6.676505732177741e-05, -7.772466876759168e-06, -0.08160236092064077, 0.9966649660902943, -0.0005324605567886623, 0.0, 0.0, 0.0, 1.0], "right_foot_pose": [0.9999999969800291, 6.694684283874811e-05, 3.947229174866517e-05, 0.0009680834197356827, -6.418673616695889e-05, 0.997806092915749, -0.06620420545759044, -0.12012479653714082, -4.381785574636172e-05, 0.06620420272405794, 0.9978060941995028, -0.007765460801183392, 0.0, 0.0, 0.0, 1.0]}, {"left_foot_pose": [0.9999999999582672, 4.15133922430839e-06, 8.138367690146899e-06, 0.0001984211131337875, -4.801604384464114e-06, 0.9966649661119549, 0.0816023608849688, -6.676505732177741e-05, -7.772466876759168e-06, -0.08160236092064077, 0.9966649660902943, -0.0005324605567886623, 0.0, 0.0, 0.0, 1.0], "right_foot_pose": [0.9999999969800291, 6.694684283874811e-05, 3.947229174866517e-05, 0.0009680834197356827, -6.418673616695889e-05, 0.997806092915749, -0.06620420545759044, -0.12012479653714082, -4.381785574636172e-05, 0.06620420272405794, 0.9978060941995028, -0.007765460801183392, 0.0, 0.0, 0.0, 1.0]}, {"left_foot_pose": [0.9999999999582672, 4.15133922430839e-06, 8.138367690146899e-06, 0.0001984211131337875, -4.801604384464114e-06, 0.9966649661119549, 0.0816023608849688, -6.676505732177741e-05, -7.772466876759168e-06, -0.08160236092064077, 0.9966649660902943, -0.0005324605567886623, 0.0, 0.0, 0.0, 1.0], "right_foot_pose": [0.9999999969800291, 6.694684283874811e-05, 3.947229174866517e-05, 0.0009680834197356827, -6.418673616695889e-05, 0.997806092915749, -0.06620420545759044, -0.12012479653714082, -4.381785574636172e-05, 0.06620420272405794, 0.9978060941995028, -0.007765460801183392, 0.0, 0.0, 0.0, 1.0]}, {"left_foot_pose": [0.9999999999582672, 4.15133922430839e-06, 8.138367690146899e-06, 0.0001984211131337875, -4.801604384464114e-06, 0.9966649661119549, 0.0816023608849688, -6.676505732177741e-05, -7.772466876759168e-06, -0.08160236092064077, 0.9966649660902943, -0.0005324605567886623, 0.0, 0.0, 0.0, 1.0], "right_foot_pose": [0.9999999969800291, 6.694684283874811e-05, 3.947229174866517e-05, 0.0009680834197356827, -6.418673616695889e-05, 0.997806092915749, -0.06620420545759044, -0.12012479653714082, -4.381785574636172e-05, 0.06620420272405794, 0.9978060941995028, -0.007765460801183392, 0.0, 0.0, 0.0, 1.0]}, {"left_foot_pose": [0.9999999999582672, 4.15133922430839e-06, 8.138367690146899e-06, 0.0001984211131337875, -4.801604384464114e-06, 0.9966649661119549, 0.0816023608849688, -6.676505732177741e-05, -7.772466876759168e-06, -0.08160236092064077, 0.9966649660902943, -0.0005324605567886623, 0.0, 0.0, 0.0, 1.0], "right_foot_pose": [0.9999999969800291, 6.694684283874811e-05, 3.947229174866517e-05, 0.0009680834197356827, -6.418673616695889e-05, 0.997806092915749, -0.06620420545759044, -0.12012479653714082, -4.381785574636172e-05, 0.06620420272405794, 0.9978060941995028, -0.007765460801183392, 0.0, 0.0, 0.0, 1.0]}, {"left_foot_pose": [0.9999999999582672, 4.15133922430839e-06, 8.138367690146899e-06, 0.0001984211131337875, -4.801604384464114e-06, 0.9966649661119549, 0.0816023608849688, -6.676505732177741e-05, -7.772466876759168e-06, -0.08160236092064077, 0.9966649660902943, -0.0005324605567886623, 0.0, 0.0, 0.0, 1.0], "right_foot_pose": [0.9999999969800291, 6.694684283874811e-05, 3.947229174866517e-05, 0.0009680834197356827, -6.418673616695889e-05, 0.997806092915749, -0.06620420545759044, -0.12012479653714082, -4.381785574636172e-05, 0.06620420272405794, 0.9978060941995028, -0.007765460801183392, 0.0, 0.0, 0.0, 1.0]}, {"left_foot_pose": [0.9999999999582672, 4.15133922430839e-06, 8.138367690146899e-06, 0.0001984211131337875, -4.801604384464114e-06, 0.9966649661119549, 0.0816023608849688, -6.676505732177741e-05, -7.772466876759168e-06, -0.08160236092064077, 0.9966649660902943, -0.0005324605567886623, 0.0, 0.0, 0.0, 1.0], "right_foot_pose": [0.9999999969800291, 6.694684283874811e-05, 3.947229174866517e-05, 0.0009680834197356827, -6.418673616695889e-05, 0.997806092915749, -0.06620420545759044, -0.12012479653714082, -4.381785574636172e-05, 0.06620420272405794, 0.9978060941995028, -0.007765460801183392, 0.0, 0.0, 0.0, 1.0]}, {"left_foot_pose": [0.9999999999582672, 4.15133922430839e-06, 8.138367690146899e-06, 0.0001984211131337875, -4.801604384464114e-06, 0.9966649661119549, 0.0816023608849688, -6.676505732177741e-05, -7.772466876759168e-06, -0.08160236092064077, 0.9966649660902943, -0.0005324605567886623, 0.0, 0.0, 0.0, 1.0], "right_foot_pose": [0.9999999969800291, 6.694684283874811e-05, 3.947229174866517e-05, 0.0009680834197356827, -6.418673616695889e-05, 0.997806092915749, -0.06620420545759044, -0.12012479653714082, -4.381785574636172e-05, 0.06620420272405794, 0.9978060941995028, -0.007765460801183392, 0.0, 0.0, 0.0, 1.0]}, {"left_foot_pose": [0.9999999999582672, 4.15133922430839e-06, 8.138367690146899e-06, 0.0001984211131337875, -4.801604384464114e-06, 0.9966649661119549, 0.0816023608849688, -6.676505732177741e-05, -7.772466876759168e-06, -0.08160236092064077, 0.9966649660902943, -0.0005324605567886623, 0.0, 0.0, 0.0, 1.0], "right_foot_pose": [0.9999999969800291, 6.694684283874811e-05, 3.947229174866517e-05, 0.0009680834197356827, -6.418673616695889e-05, 0.997806092915749, -0.06620420545759044, -0.12012479653714082, -4.381785574636172e-05, 0.06620420272405794, 0.9978060941995028, -0.007765460801183392, 0.0, 0.0, 0.0, 1.0]}, {"left_foot_pose": [0.9999999999582672, 4.15133922430839e-06, 8.138367690146899e-06, 0.0001984211131337875, -4.801604384464114e-06, 0.9966649661119549, 0.0816023608849688, -6.676505732177741e-05, -7.772466876759168e-06, -0.08160236092064077, 0.9966649660902943, -0.0005324605567886623, 0.0, 0.0, 0.0, 1.0], "right_foot_pose": [0.9999999969800291, 6.694684283874811e-05, 3.947229174866517e-05, 0.0009680834197356827, -6.418673616695889e-05, 0.997806092915749, -0.06620420545759044, -0.12012479653714082, -4.381785574636172e-05, 0.06620420272405794, 0.9978060941995028, -0.007765460801183392, 0.0, 0.0, 0.0, 1.0]}, {"left_foot_pose": [0.9999999999582672, 4.15133922430839e-06, 8.138367690146899e-06, 0.0001984211131337875, -4.801604384464114e-06, 0.9966649661119549, 0.0816023608849688, -6.676505732177741e-05, -7.772466876759168e-06, -0.08160236092064077, 0.9966649660902943, -0.0005324605567886623, 0.0, 0.0, 0.0, 1.0], "right_foot_pose": [0.9999999969800291, 6.694684283874811e-05, 3.947229174866517e-05, 0.0009680834197356827, -6.418673616695889e-05, 0.997806092915749, -0.06620420545759044, -0.12012479653714082, -4.381785574636172e-05, 0.06620420272405794, 0.9978060941995028, -0.007765460801183392, 0.0, 0.0, 0.0, 1.0]}, {"left_foot_pose": [0.9999999999582672, 4.15133922430839e-06, 8.138367690146899e-06, 0.0001984211131337875, -4.801604384464114e-06, 0.9966649661119549, 0.0816023608849688, -6.676505732177741e-05, -7.772466876759168e-06, -0.08160236092064077, 0.9966649660902943, -0.0005324605567886623, 0.0, 0.0, 0.0, 1.0], "right_foot_pose": [0.9999999969800291, 6.694684283874811e-05, 3.947229174866517e-05, 0.0009680834197356827, -6.418673616695889e-05, 0.997806092915749, -0.06620420545759044, -0.12012479653714082, -4.381785574636172e-05, 0.06620420272405794, 0.9978060941995028, -0.007765460801183392, 0.0, 0.0, 0.0, 1.0]}, {"left_foot_pose": [0.9999999999582672, 4.15133922430839e-06, 8.138367690146899e-06, 0.0001984211131337875, -4.801604384464114e-06, 0.9966649661119549, 0.0816023608849688, -6.676505732177741e-05, -7.772466876759168e-06, -0.08160236092064077, 0.9966649660902943, -0.0005324605567886623, 0.0, 0.0, 0.0, 1.0], "right_foot_pose": [0.9999999969800291, 6.694684283874811e-05, 3.947229174866517e-05, 0.0009680834197356827, -6.418673616695889e-05, 0.997806092915749, -0.06620420545759044, -0.12012479653714082, -4.381785574636172e-05, 0.06620420272405794, 0.9978060941995028, -0.007765460801183392, 0.0, 0.0, 0.0, 1.0]}, {"left_foot_pose": [0.9999999999582672, 4.15133922430839e-06, 8.138367690146899e-06, 0.0001984211131337875, -4.801604384464114e-06, 0.9966649661119549, 0.0816023608849688, -6.676505732177741e-05, -7.772466876759168e-06, -0.08160236092064077, 0.9966649660902943, -0.0005324605567886623, 0.0, 0.0, 0.0, 1.0], "right_foot_pose": [0.9999999969800291, 6.694684283874811e-05, 3.947229174866517e-05, 0.0009680834197356827, -6.418673616695889e-05, 0.997806092915749, -0.06620420545759044, -0.12012479653714082, -4.381785574636172e-05, 0.06620420272405794, 0.9978060941995028, -0.007765460801183392, 0.0, 0.0, 0.0, 1.0]}, {"left_foot_pose": [0.9999999999582672, 4.15133922430839e-06, 8.138367690146899e-06, 0.0001984211131337875, -4.801604384464114e-06, 0.9966649661119549, 0.0816023608849688, -6.676505732177741e-05, -7.772466876759168e-06, -0.08160236092064077, 0.9966649660902943, -0.0005324605567886623, 0.0, 0.0, 0.0, 1.0], "right_foot_pose": [0.9999999969800291, 6.694684283874811e-05, 3.947229174866517e-05, 0.0009680834197356827, -6.418673616695889e-05, 0.997806092915749, -0.06620420545759044, -0.12012479653714082, -4.381785574636172e-05, 0.06620420272405794, 0.9978060941995028, -0.007765460801183392, 0.0, 0.0, 0.0, 1.0]}, {"left_foot_pose": [0.9999999999582672, 4.15133922430839e-06, 8.138367690146899e-06, 0.0001984211131337875, -4.801604384464114e-06, 0.9966649661119549, 0.0816023608849688, -6.676505732177741e-05, -7.772466876759168e-06, -0.08160236092064077, 0.9966649660902943, -0.0005324605567886623, 0.0, 0.0, 0.0, 1.0], "right_foot_pose": [0.9999999969800291, 6.694684283874811e-05, 3.947229174866517e-05, 0.0009680834197356827, -6.418673616695889e-05, 0.997806092915749, -0.06620420545759044, -0.12012479653714082, -4.381785574636172e-05, 0.06620420272405794, 0.9978060941995028, -0.007765460801183392, 0.0, 0.0, 0.0, 1.0]}, {"left_foot_pose": [0.9999999999582672, 4.15133922430839e-06, 8.138367690146899e-06, 0.0001984211131337875, -4.801604384464114e-06, 0.9966649661119549, 0.0816023608849688, -6.676505732177741e-05, -7.772466876759168e-06, -0.08160236092064077, 0.9966649660902943, -0.0005324605567886623, 0.0, 0.0, 0.0, 1.0], "right_foot_pose": [0.9999999969800291, 6.694684283874811e-05, 3.947229174866517e-05, 0.0009680834197356827, -6.418673616695889e-05, 0.997806092915749, -0.06620420545759044, -0.12012479653714082, -4.381785574636172e-05, 0.06620420272405794, 0.9978060941995028, -0.007765460801183392, 0.0, 0.0, 0.0, 1.0]}, {"left_foot_pose": [0.9999999999582672, 4.15133922430839e-06, 8.138367690146899e-06, 0.0001984211131337875, -4.801604384464114e-06, 0.9966649661119549, 0.0816023608849688, -6.676505732177741e-05, -7.772466876759168e-06, -0.08160236092064077, 0.9966649660902943, -0.0005324605567886623, 0.0, 0.0, 0.0, 1.0], "right_foot_pose": [0.9999999969800291, 6.694684283874811e-05, 3.947229174866517e-05, 0.0009680834197356827, -6.418673616695889e-05, 0.997806092915749, -0.06620420545759044, -0.12012479653714082, -4.381785574636172e-05, 0.06620420272405794, 0.9978060941995028, -0.007765460801183392, 0.0, 0.0, 0.0, 1.0]}, {"left_foot_pose": [0.9999999999582672, 4.15133922430839e-06, 8.138367690146899e-06, 0.0001984211131337875, -4.801604384464114e-06, 0.9966649661119549, 0.0816023608849688, -6.676505732177741e-05, -7.772466876759168e-06, -0.08160236092064077, 0.9966649660902943, -0.0005324605567886623, 0.0, 0.0, 0.0, 1.0], "right_foot_pose": [0.9999999969800291, 6.694684283874811e-05, 3.947229174866517e-05, 0.0009680834197356827, -6.418673616695889e-05, 0.997806092915749, -0.06620420545759044, -0.12012479653714082, -4.381785574636172e-05, 0.06620420272405794, 0.9978060941995028, -0.007765460801183392, 0.0, 0.0, 0.0, 1.0]}, {"left_foot_pose": [0.9999999999582672, 4.15133922430839e-06, 8.138367690146899e-06, 0.0001984211131337875, -4.801604384464114e-06, 0.9966649661119549, 0.0816023608849688, -6.676505732177741e-05, -7.772466876759168e-06, -0.08160236092064077, 0.9966649660902943, -0.0005324605567886623, 0.0, 0.0, 0.0, 1.0], "right_foot_pose": [0.9999999969800291, 6.694684283874811e-05, 3.947229174866517e-05, 0.0009680834197356827, -6.418673616695889e-05, 0.997806092915749, -0.06620420545759044, -0.12012479653714082, -4.381785574636172e-05, 0.06620420272405794, 0.9978060941995028, -0.007765460801183392, 0.0, 0.0, 0.0, 1.0]}, {"left_foot_pose": [0.9