{"LoopMode": "Wrap", "FrameDuration": 0.0167, "EnableCycleOffsetPosition": true, "EnableCycleOffsetRotation": false, "Debug_info": [{"left_foot_pose": [0.9999999999884726, 4.7851304004989146e-06, 3.9740439577986843e-07, 0.00019842111302273752, -4.801604232007997e-06, 0.9965691632582973, 0.08276413969590062, -6.676505781611462e-05, -3.7654267229317554e-12, -0.08276413969685503, 0.9965691632697852, 3.2324906640290862e-12, 0.0, 0.0, 0.0, 1.0], "right_foot_pose": [0.9999999979400312, 6.398293128505883e-05, -5.11093250354972e-06, 0.0009680834198771015, -6.418673637815635e-05, 0.9968248031031633, -0.07962604974757179, -0.12012479653779064, -3.7831135118629886e-12, 0.07962604991159852, 0.996824805156591, 3.1225924623790036e-12, 0.0, 0.0, 0.0, 1.0]}, {"left_foot_pose": [0.9999999999884728, 4.7857713992069175e-06, 3.8960438747395467e-07, 0.00019842111184945638, -4.801603842573542e-06, 0.9967029138325225, 0.08113754700941074, -6.676505823770273e-05, -1.4076384766607103e-11, -0.08113754701034648, 0.9967029138440127, 1.2160543405581592e-11, 0.0, 0.0, 0.0, 1.0], "right_foot_pose": [0.9999999979400316, 6.39744956156621e-05, -5.215466289843433e-06, 0.0009680834190446233, -6.418673677555158e-05, 0.996693359867823, -0.08125479847647983, -0.1201247965385844, -1.4129376459943886e-11, 0.08125479864386106, 0.9966933619209802, 1.2173470564924571e-11, 0.0, 0.0, 0.0, 1.0]}, {"left_foot_pose": [0.9999999999884726, 4.7868063102377815e-06, 3.7666801888649733e-07, 0.00019842110949629203, -4.80160321603231e-06, 0.9969188587065152, 0.07843971654872697, -6.67650585686741e-05, -3.1721520918291894e-11, -0.07843971654963167, 0.9969188587180075, 2.7423299742146412e-11, 0.0, 0.0, 0.0, 1.0], "right_foot_pose": [0.999999997940031, 6.396013579154544e-05, -5.388719505062205e-06, 0.0009680834171101356, -6.418673748034963e-05, 0.9964696056508533, -0.08395427859314565, -0.12012479653951663, -3.1858944781307197e-11, 0.08395427876608663, 0.9964696077035498, 2.7733502994120585e-11, 0.0, 0.0, 0.0, 1.0]}, {"left_foot_pose": [0.9999999999884727, 4.788197453243285e-06, 3.5854006724669587e-07, 0.00019842110598419248, -4.801602422626433e-06, 0.9972091033466334, 0.07465925381055581, -6.676505868398117e-05, -5.61702594806638e-11, -0.07465925381141704, 0.997209103358129, 4.853738244658956e-11, 0.0, 0.0, 0.0, 1.0], "right_foot_pose": [0.9999999979400314, 6.393924043830448e-05, -5.631246251581127e-06, 0.0009680834140223212, -6.418673852256108e-05, 0.9961440138947815, -0.08773311496610565, -0.12012479654042821, -5.6488094218044094e-11, 0.08773311514682931, 0.9961440159468075, 4.924043117693344e-11, 0.0, 0.0, 0.0, 1.0]}, {"left_foot_pose": [0.9999999999884726, 4.7898816536748175e-06, 3.352776665187766e-07, 0.00019842110133042908, -4.801601541084392e-06, 0.9975604379728347, 0.06980811248266061, -6.676505844460494e-05, -8.71388830792212e-11, -0.06980811248346606, 0.997560437984334, 7.526697320958675e-11, 0.0, 0.0, 0.0, 1.0], "right_foot_pose": [0.9999999979400311, 6.391110859772905e-05, -5.9420353712429965e-06, 0.0009680834097304141, -6.418673995875857e-05, 0.9957056609987959, -0.0925755504170182, -0.12012479654116098, -8.779922121773606e-11, 0.09257555060771515, 0.9957056630499189, 7.637716153974239e-11, 0.0, 0.0, 0.0, 1.0]}, {"left_foot_pose": [0.9999999999884729, 4.791783106698224e-06, 3.0689322205726097e-07, 0.00019842109546816834, -4.801600646942962e-06, 0.9979570247978672, 0.063888783315496, -6.676505767408067e-05, -1.250543280029713e-10, -0.06388878331623339, 0.9979570248093715, 1.0802868322112857e-10, 0.0, 0.0, 0.0, 1.0], "right_foot_pose": [0.9999999979400311, 6.387478067482878e-05, -6.320619316047496e-06, 0.0009680834041028998, -6.418674189251893e-05, 0.9951395914719291, -0.09847430814757852, -0.1201247965415486, -1.263110775638173e-10, 0.09847430835042427, 0.9951395935218866, 1.0949557927020237e-10, 0.0, 0.0, 0.0, 1.0]}, {"left_foot_pose": [0.9999999999884727, 4.7938162734916355e-06, 2.732881567712144e-07, 0.0001984210882204164, -4.801599821755184e-06, 0.9983809954650174, 0.05688047003345119, -6.676505612826858e-05, -1.711793617123262e-10, -0.05688047003410802, 0.9983809954765261, 1.4800297792882944e-10, 0.0, 0.0, 0.0, 1.0], "right_foot_pose": [0.9999999979400309, 6.382893532241568e-05, -6.767952707043502e-06, 0.0009680833968916847, -6.418674448982057e-05, 0.9944252105749741, -0.10544428127205593, -0.12012479654138936, -1.7341371784609057e-10, 0.10544428148925664, 0.9944252126234606, 1.4972426770620828e-10, 0.0, 0.0, 0.0, 1.0]}, {"left_foot_pose": [0.9999999999884726, 4.795882773377399e-06, 2.3422874023673283e-07, 0.00019842107928873967, -4.801599173587912e-06, 0.9988117904731877, 0.048734045478397166, -6.67650534533562e-05, -2.2765837948847051e-10, -0.04873404547896036, 0.9988117904847017, 1.9718530974710546e-10, 0.0, 0.0, 0.0, 1.0], "right_foot_pose": [0.9999999979400305, 6.377179925757004e-05, -7.286716556310025e-06, 0.0009680833877053072, -6.418674799881241e-05, 0.9935348781475816, -0.11352727330616016, -0.12012479654040528, -2.314376107962732e-10, 0.11352727354000791, 0.9935348801942346, 1.990101070048489e-10, 0.0, 0.0, 0.0, 1.0]}, {"left_foot_pose": [0.9999999999884728, 4.797864283919017e-06, 1.8934123774396967e-07, 0.0001984210682539464, -4.801598869093444e-06, 0.9992246598493509, 0.03937104425709841, -6.676504912991182e-05, -2.9750696832686424e-10, -0.03937104425755401, 0.9992246598608698, 2.583978309100843e-10, 0.0, 0.0, 0.0, 1.0], "right_foot_pose": [0.9999999979400302, 6.370104781406872e-05, -7.881353878803009e-06, 0.0009680833759904945, -6.418675277248336e-05, 0.9924323578107501, -0.12279255291041014, -0.12012479653818761, -3.036715693844119e-10, 0.12279255316333954, 0.9924323598551329, 2.601155610348904e-10, 0.0, 0.0, 0.0, 1.0]}, {"left_foot_pose": [0.9999999999884726, 4.7996122261825905e-06, 1.381205156913112e-07, 0.00019842105458756255, -4.801599176071052e-06, 0.999588487274437, 0.028685468191194552, -6.676504240436809e-05, -3.8455367575764157e-10, -0.028685468191527393, 0.99958848728596, 3.3528127496573745e-10, 0.0, 0.0, 0.0, 1.0], "right_foot_pose": [0.9999999979400298, 6.361369450307465e-05, -8.557916831353704e-06, 0.0009680833610209793, -6.418675929398233e-05, 0.9910710946083632, -0.13333447158121053, -0.12012479653413188, -3.943402688268943e-10, 0.13333447185585032, 0.9910710966499432, 3.365968198609792e-10, 0.0, 0.0, 0.0, 1.0]}, {"left_foot_pose": [0.9999999999884728, 4.80093477000231e-06, 7.995694456522027e-08, 0.00019842103770466603, -4.801600517800362e-06, 0.9998630483310413, 0.016549457970082723, -6.676503222424052e-05, -4.931264274089762e-10, -0.01654945797027618, 0.9998630483425676, 4.320822449832562e-10, 0.0, 0.0, 0.0, 1.0], "right_foot_pose": [0.9999999979400296, 6.350598818591791e-05, -9.323662095051474e-06, 0.0009680833419280738, -6.418676818527797e-05, 0.9893926117092069, -0.14526615495459877, -0.12012479652737296, -5.083295774740713e-10, 0.14526615525381023, 0.9893926137473313, 4.3257546850083983e-10, 0.0, 0.0, 0.0, 1.0]}, {"left_foot_pose": [0.9999999999884726, 4.801582573709578e-06, 1.4198354936125531e-08, 0.00019842101714086368, -4.801603524793683e-06, 0.9999960055952861, 0.002826441299216376, -6.676501724688956e-05, -6.269070545328012e-10, -0.0028264412992522864, 0.9999960056068137, 5.527279467454349e-10, 0.0, 0.0, 0.0, 1.0], "right_foot_pose": [0.9999999979400285, 6.337337440634625e-05, -1.0186175043614347e-05, 0.0009680833178720873, -6.418678014390369e-05, 0.9873259099333314, -0.15870583938335953, -0.12012479651677174, -6.500360883390981e-10, 0.15870583971024757, 0.9873259119672011, 5.517997100912275e-10, 0.0, 0.0, 0.0, 1.0]}, {"left_foot_pose": [0.9999999999884726, 4.801237767156915e-06, -5.971362515575318e-08, 0.00019842099298436603, -4.80160902123898e-06, 0.9999206186503263, -0.01259985614578156, -6.676499610318472e-05, -7.86020400546422e-10, 0.012599856145922711, 0.9999206186618532, 6.983211647826337e-10, 0.0, 0.0, 0.0, 1.0], "right_foot_pose": [0.9999999979400274, 6.321066691595077e-05, -1.115151690733778e-05, 0.0009680832885324082, -6.418679568743295e-05, 0.9847901515881454, -0.17374795888025021, -0.12012479650110194, -8.203304928839423e-10, 0.17374795923811415, 0.9847901536167949, 6.951468081717316e-10, 0.0, 0.0, 0.0, 1.0]}, {"left_foot_pose": [0.9999999999884728, 4.79951935699147e-06, -1.4194373598739137e-07, 0.0001984209669089343, -4.8016177646432906e-06, 0.9995570294734233, -0.029761465138856667, -6.676496841164642e-05, -9.598691643151346e-10, 0.02976146513919482, 0.9995570294849461, 8.606940021804732e-10, 0.0, 0.0, 0.0, 1.0], "right_foot_pose": [0.9999999979400264, 6.301279630416406e-05, -1.2220255574846783e-05, 0.0009680832553921102, -6.418681440421026e-05, 0.9817063624174335, -0.19040119187963078, -0.12012479647982943, -1.0088717296891247e-09, 0.19040119227178845, 0.9817063644397348, 8.542580878789785e-10, 0.0, 0.0, 0.0, 1.0]}, {"left_foot_pose": [0.9999999999884724, 4.7960400209173894e-06, -2.3161804224578302e-07, 0.00019842094450206774, -4.801629469542958e-06, 0.9988247147404988, -0.048468435094468146, -6.676493768583043e-05, -1.1107298012281544e-09, 0.04846843509502124, 0.9988247147520132, 1.0070765263381354e-09, 0.0, 0.0, 0.0, 1.0], "right_foot_pose": [0.9999999979400251, 6.277698252314574e-05, -1.337908839976802e-05, 0.000968083224812204, -6.418683307131454e-05, 0.9780313843866536, -0.20845768643726414, -0.12012479645539054, -1.1761890963767462e-09, 0.20845768686660765, 0.9780313864013892, 9.965245087451002e-10, 0.0, 0.0, 0.0, 1.0]}, {"left_foot_pose": [0.9999999999884724, 4.790599006223781e-06, -3.2544097317019736e-07, 0.0001984209395870567, -4.801640277612668e-06, 0.9976843290848432, -0.06801455340933765, -6.676491779793875e-05, -1.1430931066913835e-09, 0.06801455341011589, 0.9976843290963446, 1.0501626998560276e-09, 0.0, 0.0, 0.0, 1.0], "right_foot_pose": [0.9999999979400245, 6.250824644158129e-05, -1.4583202724405755e-05, 0.0009680832140497278, -6.418684190247564e-05, 0.9738439740574558, -0.22721775914754294, -0.12012479643828376, -1.2195894127198124e-09, 0.2272177596155295, 0.973843976063568, 1.0360266533560036e-09, 0.0, 0.0, 0.0, 1.0]}, {"left_foot_pose": [0.9999999999881657, 4.846909036419517e-06, -4.208693122898838e-07, 0.00019925209582992795, -4.865147216055344e-06, 0.9962358469066191, -0.08668412377467315, -6.682814296943979e-05, -8.649671754877699e-10, 0.08668412377569448, 0.9962358469184095, 0.00019663320144549384, 0.0, 0.0, 0.0, 1.0], "right_foot_pose": [0.9999999979400256, 6.223176874729891e-05, -1.5721177246519813e-05, 0.0009680832620632795, -6.418682461744524e-05, 0.9695374157850482, -0.24494324908619589, -0.12012479651677797, -9.820727276540342e-10, 0.24494324959071137, 0.9695374177822857, 8.004811535844425e-10, 0.0, 0.0, 0.0, 1.0]}, {"left_foot_pose": [0.9999999999782532, 6.55819040693834e-06, -6.95969507302891e-07, 0.0002218932922856541, -6.595015913013186e-06, 0.9944118823948308, -0.10556992047205438, -6.852337980060505e-05, -2.672920772170026e-10, 0.10556992047434811, 0.9944118824164565, 0.005029447635889833, 0.0, 0.0, 0.0, 1.0], "right_foot_pose": [0.9999999979400271, 6.197948092990264e-05, -1.6687985994746e-05, 0.0009680833599898283, -6.418679718180967e-05, 0.9656083739069931, -0.2600008925383673, -0.12012479671791065, -6.61340690467677e-10, 0.2600008930739208, 0.9656083758961307, 4.579798137949176e-10, 0.0, 0.0, 0.0, 1.0]}, {"left_foot_pose": [0.9999999999462967, 1.0282663226429857e-05, -1.2940682888042489e-06, 0.0002712236813405353, -1.036377225576737e-05, 0.9921812890733146, -0.12480500593088796, -7.22080216271348e-05, 6.224975793112692e-10, 0.12480500593759652, 0.992181289126598, 0.0137637576327432, 0.0, 0.0, 0.0, 1.0], "right_foot_pose": [0.9999999979400294, 6.177781434003952e-05, -1.7419605651547903e-05, 0.0009680834268614576, -6.418676659234292e-05, 0.9624682647099434, -0.27139424331825707, -0.12012479673111573, -3.255533998664562e-10, 0.2713942438773008, 0.9624682666926052, 2.012925312544489e-10, 0.0, 0.0, 0.0, 1.0]}, {"left_foot_pose": [0.9999999998762251, 1.5574818080869086e-05, -2.230703393113737e-06, 0.00034151785795447326, -1.5733753280879618e-05, 0.9899154571493186, -0.1416594064977879, -7.745295176632763e-05, 1.8882831131324486e-09, 0.1416594065153509, 0.9899154572718417, 0.022945107958822708, 0.0, 0.0, 0.0, 1.0], "right_foot_pose": [0.9999999979400309, 6.164995059883186e-05, -1.786677486037605e-05, 0.0009680834464592804, -6.418674359034011e-05, 0.9604775841579762, -0.27835733547028985, -0.1201247966274317, -7.922620437526382e-11, 0.2783573360436921, 0.9604775861365318, 4.163195482798088e-11, 0.0, 0.0, 0.0, 1.0]}, {"left_foot_pose": [0.9999999997520838, 2.2012087248289355e-05, -3.3617283431434145e-06, 0.000427047806340385, -2.2267312209639335e-05, 0.9885589271897669, -0.15083516492378357, -8.383307865379719e-05, 3.0697540148910523e-09, 0.1508351649612453, 0.9885589274348368, 0.02911905172215403, 0.0, 0.0, 0.0, 1.0], "right_foot_pose": [0.9999999979400316, 6.161396905730578e-05, -1.7990440791815692e-05, 0.0009680834311890795, -6.41867365026836e-05, 0.9599174475564634, -0.2802828745334742, -0.12012479652894094, -2.3535656025103634e-12, 0.28028287511084776, 0.9599174495338633, -1.6282114545518311e-13, 0.0, 0.0, 0.0, 1.0]}, {"left_foot_pose": [0.9999999995640831, 2.9204893913648148e-05, -4.348452923464306e-06, 0.0005220778430268019, -2.9526849850464976e-05, 0.989111298326888, -0.1471694215870408, -9.09265984256856e-05, 3.0365717435252244e-09, 0.14716942165128286, 0.9891112987580458, 0.030000000138993926, 0.0, 0.0, 0.0, 1.0], "right_foot_pose": [0.9999999979400305, 6.167981990606832e-05, -1.7763407846094678e-05, 0.0009680834022670691, -6.418674973799678e-05, 0.9609425845897639, -0.2767478003562189, -0.1201247965168276, -1.394388332584572e-10, 0.27674780092630213, 0.9609425865692787, 1.0839905362214353e-10, 0.0, 0.0, 0.0, 1.0]}, {"left_foot_pose": [0.9999999993127334, 3.673065789729791e-05, -5.039092276116207e-06, 0.0006208808387716069, -3.70747039772243e-05, 0.9907287939408841, -0.13585453795110672, -9.830235243970045e-05, 2.347255859337197e-09, 0.13585453804456088, 0.9907287946217672, 0.030000000465806233, 0.0, 0.0, 0.0, 1.0], "right_foot_pose": [0.9999999979400286, 6.18357193434334e-05, -1.7212975536307548e-05, 0.000968083353778954, -6.418677989520083e-05, 0.963369656068308, -0.2681769968638009, -0.12012479647867069, -4.591902560994817e-10, 0.2681769974162092, 0.9633696580528299, 3.6658653196353086e-10, 0.0, 0.0, 0.0, 1.0]}, {"left_foot_pose": [0.9999999990110655, 4.416421501380414e-05, -5.2337257993591e-06, 0.000717729174069569, -4.447324783230015e-05, 0.9930535445530723, -0.11766331489768005, -0.0001055332250166803, 8.62017689417888e-10, 0.11766331501407917, 0.9930535455351331, 0.029892323545718136, 0.0, 0.0, 0.0, 1.0], "right_foot_pose": [0.9999999979400254, 6.207471011493842e-05, -1.6330320911972985e-05, 0.0009680832716014191, -6.418682899112456e-05, 0.9670902383006775, -0.25443361975884754, -0.12012479647318801, -9.992477822351813e-10, 0.25443362028291194, 0.9670902402928754, 7.885745320623805e-10, 0.0, 0.0, 0.0, 1.0]}, {"left_foot_pose": [0.9999999986849333, 5.108226395370646e-05, -4.553784925088419e-06, 0.0008068901095440804, -5.1284838352313e-05, 0.9960470512463323, -0.08882718656668503, -0.00011219739666996735, -1.7097440136507827e-09, 0.08882718668341105, 0.9960470525562092, 0.025396597980534487, 0.0, 0.0, 0.0, 1.0], "right_foot_pose": [0.9999999979400208, 6.239392165155523e-05, -1.5065079305765431e-05, 0.0009680831596127772, -6.41868995214496e-05, 0.97205958237638, -0.23473424162294626, -0.12012479675056119, -1.8351825245149093e-09, 0.2347342421063792, 0.97205958437883, 1.39748643213089e-09, 0.0, 0.0, 0.0, 1.0]}, {"left_foot_pose": [0.9999999983714072, 5.6990606397008475e-05, -3.042564264700121e-06, 0.0008826410292844706, -5.707176538618108e-05, 0.9985749211704207, -0.053367813823531, -0.00011785678838542417, -3.235701395365082e-09, 0.053367813910260735, 0.9985749227967027, 0.01679617093399329, 0.0, 0.0, 0.0, 1.0], "right_foot_pose": [0.9999999979400163, 6.27707522268029e-05, -1.3408940779946961e-05, 0.0009680830289888057, -6.418696923882342e-05, 0.9779269221534737, -0.20894719621824936, -0.1201247969792967, -2.8084961587324853e-09, 0.2089471966485006, 0.9779269241680246, 2.182191156940849e-09, 0.0, 0.0, 0.0, 1.0]}, {"left_foot_pose": [0.9999999981152381, 6.138840358971371e-05, -9.941590646833264e-07, 0.000939255162316054, -6.139645292531973e-05, 0.9998678450791622, -0.0162569556568568, -0.00012208148307005055, -3.96087341113227e-09, 0.016256955687253827, 0.9998678469636793, 0.00754548926344821, 0.0, 0.0, 0.0, 1.0], "right_foot_pose": [0.9999999979400134, 6.316887704693343e-05, -1.1387109426830788e-05, 0.0009680828809257029, -6.418701795512099e-05, 0.9841273706545763, -0.17746355740978806, -0.1201247970128782, -3.807578737490144e-09, 0.1774635577751199, 0.9841273726819091, 3.0550831517373034e-09, 0.0, 0.0, 0.0, 1.0]}, {"left_foot_pose": [0.9999999979634222, 6.38065179019508e-05, 1.3725570563993433e-06, 0.0009710008485153256, -6.382127873945317e-05, 0.9997702035102096, 0.02143679313702132, -0.0001244449187219384, -4.434522796671491e-09, -0.021436793180962286, 0.9997702055463132, 0.0010990035373557028, 0.0, 0.0, 0.0, 1.0], "right_foot_pose": [0.9999999979400132, 6.354521545545747e-05, -9.054232180838944e-06, 0.0009680827448687327, -6.418701976623712e-05, 0.9899909026875097, -0.14113117471344308, -0.12012479673455365, -4.603414779044376e-09, 0.14113117500387867, 0.9899909047269196, 3.808664772453341e-09, 0.0, 0.0, 0.0, 1.0]}, {"left_foot_pose": [0.9999999979400407, 6.406730440213827e-05, 3.911563611679277e-06, 0.0009757851428943822, -6.418660140609379e-05, 0.9981459626567917, 0.06086569733460202, -0.00012479661305456538, -4.810267792744491e-09, -0.06086569746029139, 0.9981459647129138, 4.101083868335298e-09, 0.0, 0.0, 0.0, 1.0], "right_foot_pose": [0.9999999979400169, 6.385311019745502e-05, -6.5380608166303825e-06, 0.0009680827021115361, -6.418696049470722e-05, 0.9947910703270543, -0.1019348923459875, -0.12012479650179006, -4.855396443696336e-09, 0.10193489255566143, 0.9947910723763386, 4.095792122127406e-09, 0.0, 0.0, 0.0, 1.0]}, {"left_foot_pose": [0.9999999979400449, 6.38619052030275e-05, 6.447326593937942e-06, 0.0009757851660662645, -6.418653235635469e-05, 0.9949495020711178, 0.10037671148491017, -0.00012479677054911837, -4.516351074668641e-09, -0.10037671169197046, 0.9949495041206401, 3.815783258809269e-09, 0.0, 0.0, 0.0, 1.0], "right_foot_pose": [0.9999999979400228, 6.40619186550856e-05, -4.003047570866833e-06, 0.0009680827693118151, -6.418686619224603e-05, 0.9980490220403915, -0.06243513020939856, -0.1201247966494294, -4.476519523994207e-09, 0.06243513033772652, 0.9980490240963672, 3.826719011112978e-09, 0.0, 0.0, 0.0, 1.0]}, {"left_foot_pose": [0.9999999979400456, 6.358318893176379e-05, 8.779957638814742e-06, 0.0009757852915779856, -6.418652162099515e-05, 0.9906080089485931, 0.13673247049254747, -0.000124796807479329, -3.6098510631712852e-09, -0.13673247077444006, 0.9906080109891692, 3.0190842673083473e-09, 0.0, 0.0, 0.0, 1.0], "right_foot_pose": [0.9999999979410932, 6.414910870647168e-05, -1.6447675011415621e-06, 0.000968082868841565, -6.417019086567648e-05, 0.9996700632558485, -0.025685803710120105, -0.12012463064571392, -3.496582430586791e-09, 0.025685803762780277, 0.9996700653140815, 4.4882090326228696e-05, 0.0, 0.0, 0.0, 1.0]}, {"left_foot_pose": [0.9999999979400436, 6.327557387100838e-05, 1.0775691457408606e-05, 0.000975785487015756, -6.418655442037074e-05, 0.9858140632471835, 0.16784108133637884, -0.0001247964268862858, -2.5874396076483293e-09, -0.16784108168228826, 0.9858140652778904, 2.0518902965616093e-09, 0.0, 0.0, 0.0, 1.0], "right_foot_pose": [0.9999999980480991, 6.247933449465723e-05, 3.662761431927894e-07, 0.0009680815933735466, -6.248040805641869e-05, 0.9999830478498409, 0.005822380023769321, -0.12010781134752653, -2.4915051166478113e-09, -0.005822380035289891, 0.9999830498017077, 0.004191585761950022, 0.0, 0.0, 0.0, 1.0]}, {"left_foot_pose": [0.99999999794004, 6.297930350425165e-05, 1.2390647187608933e-05, 0.0009757856428128437, -6.418660923360097e-05, 0.9811955953488389, 0.1930160603372605, -0.00012479636952697493, -1.6313990571165637e-09, -0.19301606073496907, 0.981195597370043, 1.2292249648715448e-09, 0.0, 0.0, 0.0, 1.0], "right_foot_pose": [0.9999999982962782, 5.834045116004337e-05, 1.9584818554125384e-06, 0.0009680813211802515, -5.8373314883025726e-05, 0.9994378768828215, 0.03352501818812422, -0.12006694409500701, -1.5162612888962349e-09, -0.03352501824533018, 0.9994378785855831, 0.012646192946133138, 0.0, 0.0, 0.0, 1.0]}, {"left_foot_pose": [0.9999999979400364, 6.272857109219247e-05, 1.3603473693056788e-05, 0.0009757857420215135, -6.418666627136338e-05, 0.9772863096077637, 0.21192325246020266, -0.00012479651480296755, -8.457954418053817e-10, -0.21192325289681033, 0.9772863116209269, 6.065153240752963e-10, 0.0, 0.0, 0.0, 1.0], "right_foot_pose": [0.9999999986294773, 5.226766035520865e-05, 3.0227205939920957e-06, 0.0009680850961021535, -5.235499172690539e-05, 0.9983322278278886, 0.05773006269838517, -0.12000706415671462, -2.640754010023154e-10, -0.05773006277751951, 0.9983322291961245, 0.02195424650088415, 0.0, 0.0, 0.0, 1.0]}, {"left_foot_pose": [0.9999999979400336, 6.25506111232748e-05, 1.4399826132881468e-05, 0.0009757857966562201, -6.418671158761511e-05, 0.9745113018910462, 0.22433840145344094, -0.00012479671309686274, -2.8920268296330464e-10, -0.22433840191558901, 0.9745113038985032, 2.0203299450072265e-10, 0.0, 0.0, 0.0, 1.0], "right_foot_pose": [0.9999999989905782, 4.480237168848752e-05, 3.4045508059406387e-06, 0.0009680939595405456, -4.493154207882329e-05, 0.9971230930500407, 0.07579930928099879, -0.1199332058486236, 1.232597923660033e-09, -0.0757993093574572, 0.9971230940565626, 0.02866129908894674, 0.0, 0.0, 0.0, 1.0]}, {"left_foot_pose": [0.9999999979400318, 6.246460129839926e-05, 1.4768562411558976e-05, 0.0009757858242160654, -6.418673422940316e-05, 0.9731700394373102, 0.23008709268806907, -0.00012479678487278822, -2.3956193455452705e-11, -0.230087093162043, 0.9731700414420091, 2.167914459061393e-11, 0.0, 0.0, 0.0, 1.0], "right_foot_pose": [0.9999999993298888, 3.6481792274045094e-05, 3.0497642286572178e-06, 0.0009681010295194935, -3.6609045671950666e-05, 0.9965192330966695, 0.08336316169749973, -0.11985039910968091, 2.0888380370366903e-09, -0.08336316175328629, 0.9965192337644545, 0.030000000016986127, 0.0, 0.0, 0.0, 1.0]}, {"left_foot_pose": [0.9999999979400322, 6.247065488543905e-05, 1.4742927919418873e-05, 0.000975785822740511, -6.418673262771117e-05, 0.9732644326619676, 0.22968748332297573, -0.0001247967900819772, -3.9875399856897e-11, -0.22968748379612752, 0.973264434666861, 3.004801962802617e-11, 0.0, 0.0, 0.0, 1.0], "right_foot_pose": [0.999999999610974, 2.779957339049944e-05, 2.2881219595702593e-06, 0.000968106593553997, -2.789357952408759e-05, 0.9966238489906122, 0.08210300143773959, -0.1197636802475693, 2.031499582472253e-09, -0.08210300146962349, 0.9966238493783293, 0.030000000053512305, 0.0, 0.0, 0.0, 1.0]}, {"left_foot_pose": [0.9999999979400334, 6.256599338207242e-05, 1.4332833505102929e-05, 0.0009757857818956876, -6.418670924765015e-05, 0.9747510520259941, 0.22329438518306904, -0.00012479680866471846, -3.095122043655594e-10, -0.22329438564306778, 0.9747510540339445, 2.4560176115073773e-10, 0.0, 0.0, 0.0, 1.0], "right_foot_pose": [0.9999999998139238, 1.9239861403916177e-05, 1.4070101793660008e-06, 0.0009681120317186971, -1.9291240055363224e-05, 0.9973318801972556, 0.07300082444777427, -0.11967808686249118, 1.269637045970479e-09, -0.07300082446133371, 0.9973318803828369, 0.029991060354017378, 0.0, 0.0, 0.0, 1.0]}, {"left_foot_pose": [0.9999999979400367, 6.274909487979314e-05, 1.3508464660137975e-05, 0.0009757857060319249, -6.418666158069067e-05, 0.9776062704985193, 0.21044233357870004, -0.00012479659820333576, -8.938004158809479e-10, -0.2104423340122601, 0.9776062725123407, 6.961201060029509e-10, 0.0, 0.0, 0.0, 1.0], "right_foot_pose": [0.9999999999360633, 1.1291517887535625e-05, 6.124645775539385e-07, 0.0009681131092851417, -1.1308116061347798e-05, 0.9985343594160213, 0.054121464667565816, -0.11959864917469179, -4.5343833427124175e-10, -0.054121464671031475, 0.9985343594798639, 0.026205349984733076, 0.0, 0.0, 0.0, 1.0]}, {"left_foot_pose": [0.9999999979400407, 6.300422026749559e-05, 1.2263294066227031e-05, 0.0009757856043230577, -6.418660413177709e-05, 0.981583992331203, 0.19103104951608693, -0.00012479637753510728, -1.6908272218779104e-09, -0.1910310499097101, 0.9815839943532061, 1.3412509852761545e-09, 0.0, 0.0, 0.0, 1.0], "right_foot_pose": [0.9999999999900974, 4.448540272691511e-06, 1.2613506378263452e-07, 0.0009681149644422241, -4.450327755908938e-06, 0.9996100476513661, 0.027924050827703897, -0.11953040981231876, -1.86461246903564e-09, -0.027924050827988905, 0.9996100476612646, 0.017908532464943602, 0.0, 0.0, 0.0, 1.0]}, {"left_foot_pose": [0.9999999979400436, 6.330066761637286e-05, 1.062728991008007e-05, 0.0009757854754783459, -6.418655470400725e-05, 0.9862049161917184, 0.16552902814724824, -0.00012479630689319222, -2.5875635964581276e-09, -0.16552902848839496, 0.9862049182232306, 2.10048521631645e-09, 0.0, 0.0, 0.0, 1.0], "right_foot_pose": [0.9999999999996987, -7.760470037119078e-07, 3.851718999310091e-09, 0.000968120012576792, 7.760517279823962e-07, 0.9999989724562061, -0.0014335570898934143, -0.11947840721299482, -2.7392075129858788e-09, 0.001433557089895778, 0.9999989724565072, 0.008555054676792094, 0.0, 0.0, 0.0, 1.0]}, {"left_foot_pose": [0.9999999979400447, 6.360016844905217e-05, 8.656212889589468e-06, 0.0009757853410863037, -6.41865362587768e-05, 0.9908717193522338, 0.1348081290873717, -0.00012479651673581033, -3.3768310517525324e-09, -0.13480812936528555, 0.9908717213933566, 2.802805515456086e-09, 0.0, 0.0, 0.0, 1.0], "right_foot_pose": [0.9999999999925311, -3.862757521913665e-06, 1.2974664936885294e-07, 0.0009681251664718197, 3.864934536151154e-06, 0.9994646709864419, -0.03271653152498856, -0.11944767669567816, -3.301163955896742e-09, 0.03271653152524548, 0.9994646709939063, 0.0015993661039381338, 0.0, 0.0, 0.0, 1.0]}, {"left_foot_pose": [0.9999999979400427, 6.385926455933757e-05, 6.473770544411739e-06, 0.0009757852786965133, -6.418656682926207e-05, 0.9949065885999041, 0.10080116983739137, -0.00012479680747347344, -3.708395154523071e-09, -0.10080117004527468, 0.9949065906493456, 3.1314260420800544e-09, 0.0, 0.0, 0.0, 1.0], "right_foot_pose": [0.999999999989934, -4.476606760151919e-06, 3.0269684769827086e-07, 0.0009681267503510952, 4.486827379075118e-06, 0.9977767339178327, -0.06664524913398427, -0.11944149357110215, -3.679299358239695e-09, 0.0666452491346714, 0.9977767339278752, 3.130711120902241e-09, 0.0, 0.0, 0.0, 1.0]}, {"left_foot_pose": [0.9999999979400387, 6.404616082601032e-05, 4.2441331259401375e-06, 0.0009757853181227502, -6.418662921734506e-05, 0.997815158460184, 0.06606743091081375, -0.00012479670655464112, -3.495062289145956e-09, -0.06606743104713428, 0.9978151605156304, 2.9871343315557297e-09, 0.0, 0.0, 0.0, 1.0], "right_foot_pose": [0.9999999999899345, -4.463307513360912e-06, 4.583548519621407e-07, 0.0009681267599281614, 4.486779548013513e-06, 0.9948482404884801, -0.10137543280718565, -0.11944149346565547, -3.523787237556794e-09, 0.10137543280822159, 0.9948482404984923, 2.976869827031603e-09, 0.0, 0.0, 0.0, 1.0]}, {"left_foot_pose": [0.9999999979400347, 6.415039263880496e-05, 2.1584036894439267e-06, 0.000975785436570735, -6.41866931277868e-05, 0.9994358833465132, 0.03358438564935089, -0.00012479665157938934, -2.734572126805137e-09, -0.0335843857187093, 0.999435885405311, 2.369783237698986e-09, 0.0, 0.0, 0.0, 1.0], "right_foot_pose": [0.9999999999899345, -4.446232245001876e-06, 6.018274455455229e-07, 0.0009681268597841847, 4.4867771976230725e-06, 0.9910467255886103, -0.1335154960293493, -0.11944149339409596, -2.798215699045052e-09, 0.1335154960307055, 0.9910467255985841, 2.3540349114448134e-09, 0.0, 0.0, 0.0, 1.0]}, {"left_foot_pose": [0.9999999997389559, 2.2849147320169018e-05, 7.40614530255011e-08, 0.0009756176229192613, -2.284926724766404e-05, 0.9999950461398796, 0.0031475662999170847, 0.0002905004435080835, -2.1418802601848e-09, -0.0031475663007879975, 0.9999950464009226, 0.003413347741252508, 0.0, 0.0, 0.0, 1.0], "right_foot_pose": [0.9999999999899343, -4.428001992398613e-06, 7.240302584144217e-07, 0.0009681270269148291, 4.486804820793636e-06, 0.9869656545282979, -0.16093103107044798, -0.11944149376920668, -1.990071814929108e-09, 0.16093103107207646, 0.9869656545382307, 1.5761427510363468e-09, 0.0, 0.0, 0.0, 1.0]}, {"left_foot_pose": [0.9999999956668166, -9.305354766967359e-05, 2.721195642653645e-06, 0.0009751499704664291, 9.309332619436968e-05, 0.9995777099040175, -0.029058444498509996, 0.001455333419861822, -1.6055158356647062e-08, 0.029058444625919243, 0.9995777142353282, 0.011540440644596257, 0.0, 0.0, 0.0, 1.0], "right_foot_pose": [0.999999999989934, -4.410931454008865e-06, 8.218926056402849e-07, 0.0009681271631969792, 4.486849930502917e-06, 0.9831288481457957, -0.18291437320065762, -0.11944149384179219, -1.203568508374796e-09, 0.1829143732025039, 0.9831288481556909, 9.033453776674527e-10, 0.0, 0.0, 0.0, 1.0]}, {"left_foot_pose": [0.9999999639800138, -0.00026785752256196395, 1.7097365563327628e-05, 0.0009744470485471857, 0.00026840262779911494, 0.997978782093895, -0.06354745038486345, 0.003216603896154909, -4.114543686658859e-08, 0.06354745268486266, 0.9979788180403752, 0.020927385568867855, 0.0, 0.0, 0.0, 1.0], "right_foot_pose": [0.9999999999899339, -4.397139398524274e-06, 8.929717184025584e-07, 0.0009681272435488627, 4.486895704975788e-06, 0.9800206913942321, -0.19889556158707833, -0.11944149371326925, -5.592508590094529e-10, 0.19889556158908267, 0.9800206914040966, 3.959470112890884e-10, 0.0, 0.0, 0.0, 1.0]}, {"left_foot_pose": [0.9999998810090915, -0.0004855098341663817, 4.756053533589619e-05, 0.000973571859008861, 0.0004878337817097547, 0.9952502056224393, -0.09734880701217935, 0.005421150765327077, -7.082942401910391e-08, 0.0973488186301918, 0.9952503240448115, 0.028119734953673668, 0.0, 0.0, 0.0, 1.0], "right_foot_pose": [0.9999999999899336, -4.3883301970575594e-06, 9.354632900527078e-07, 0.0009681272766510944, 4.486929180166994e-06, 0.9780315127776438, -0.20845709389162456, -0.11944149353015279, -1.3401674796275552e-10, 0.20845709389372333, 0.9780315127874888, 8.357643049849983e-11, 0.0, 0.0, 0.0, 1.0]}, {"left_foot_pose": [0.9999997290480126, -0.0007305189073921566, 9.080764784264995e-05, 0.000972579544991364, 0.0007361412187564957, 0.9923780782090439, -0.12322827592006527, 0.00791580521860045, -9.493356816319714e-08, 0.12322830937837115, 0.9923783470873093, 0.030000000972899073, 0.0, 0.0, 0.0, 1.0], "right_foot_pose": [0.9999999999899337, -4.385725067651383e-06, 9.47653011007555e-07, 0.0009681272779581385, 4.486940003913565e-06, 0.9774423644705867, -0.21120232981199824, -0.11944149345844468, -8.476334240750599e-13, 0.21120232981412404, 0.9774423644804262, 1.0678957718113224e-12, 0.0, 0.0, 0.0, 1.0]}, {"left_foot_pose": [0.9999995019189236, -0.0009882010359921777, 0.00014007361635105903, 0.0009715303044876117, 0.0009980791018442835, 0.9901178187106638, -0.1402344783202217, 0.010547399238329938, -1.0952672278895413e-07, 0.1402345482766306, 0.9901183118545169, 0.030000000389440888, 0.0, 0.0, 0.0, 1.0], "right_foot_pose": [0.9999999999899338, -4.389371358762164e-06, 9.305501774137589e-07, 0.0009681272483192696, 4.486925955455463e-06, 0.9782658155754429, -0.20735475412052023, -0.11944149343634461, -1.6840946997515696e-10, 0.20735475412260804, 0.9782658155852902, 1.3779564989047088e-10, 0.0, 0.0, 0.0, 1.0]}, {"left_foot_pose": [0.9999992082120086, -0.0012443864680858365, 0.00018729034965238807, 0.0009704875003956159, 0.0012584019010530047, 0.9888749230229724, -0.148744085734414, 0.013162776091051332, -1.1160260011833477e-07, 0.14874420364716473, 0.98887570598198, 0.030000000034945733, 0.0, 0.0, 0.0, 1.0], "right_foot_pose": [0.9999999999899338, -4.398924190670067e-06, 8.841021580941252e-07, 0.0009681271729337112, 4.486888705423579e-06, 0.9804232057974674, -0.19690184741054276, -0.11944149339566626, -6.379724639136919e-10, 0.19690184741252734, 0.9804232058073359, 5.223277990684672e-10, 0.0, 0.0, 0.0, 1.0]}, {"left_foot_pose": [0.999998872202223, -0.0014874868945151391, 0.0002073090000818354, 0.0009695089266976567, 0.0015018636003321624, 0.9904349563788127, -0.1379722493424902, 0.015608769547873713, -9.416774949616388e-08, 0.13797240508753492, 0.9904360733708932, 0.026951664356995586, 0.0, 0.0, 0.0, 1.0], "right_foot_pose": [0.999999999989934, -4.417500514855942e-06, 7.856452733934548e-07, 0.0009681270357129756, 4.4868192082682115e-06, 0.9846144360672235, -0.17474098622787862, -0.11944149367849471, -1.6392812234262497e-09, 0.17474098622964457, 0.9846144360771332, 1.312080416537853e-09, 0.0, 0.0, 0.0, 1.0]}, {"left_foot_pose": [0.9999985324370118, -0.001701626347919362, 0.00019897637109114765, 0.0009686591634868049, 0.0017132203068066021, 0.9932357563750717, -0.116102528543613, 0.017732218048346293, -6.732481178670171e-08, 0.11610269904619841, 0.9932372139998502, 0.019006268473103834, 0.0, 0.0, 0.0, 1.0], "right_foot_pose": [0.9999999999899345, -4.4365796170136526e-06, 6.691372391732021e-07, 0.0009681268818026664, 4.486755537827097e-06, 0.9889110090325445, -0.14850931349280397, -0.11944149401930532, -2.8437893147816265e-09, 0.14850931349431115, 0.9889110090424965, 2.3248273792186858e-09, 0.0, 0.0, 0.0, 1.0]}, {"left_foot_pose": [0.9999982380062624, -0.0018704907671974508, 0.00015889827385171448, 0.0009680032705719266, 0.0018772278418484457, 0.9964110852839253, -0.08462520392259755, 0.019379966093103364, -3.7338889023321526e-08, 0.0846253531017815, 0.9964128409511784, 0.009597807253065013, 0.0, 0.0, 0.0, 1.0], "right_foot_pose": [0.9999999999899347, -4.456509174655592e-06, 5.197960195047271e-07, 0.0009681266931711262, 4.486718612309602e-06, 0.9933756410436597, -0.11491229595203385, -0.11944149421860997, -4.245003076786593e-09, 0.11491229595320923, 0.9933756410536559, 3.5633046027716553e-09, 0.0, 0.0, 0.0, 1.0]}, {"left_foot_pose": [0.9999980424865518, -0.0019764710381035937, 9.265690094732106e-05, 0.0009675999923875996, 0.0019786417223853978, 0.9989013152334538, -0.046821441688732486, 0.02039885301451342, -1.387676204901012e-08, 0.046821533369940466, 0.9989032705987542, 0.002180729870556966, 0.0, 0.0, 0.0, 1.0], "right_foot_pose": [0.9999999999899343, -4.4738147636785815e-06, 3.4039971713587667e-07, 0.0009681264907047637, 4.4867425848381925e-06, 0.9972119831973856, -0.07462077825516496, -0.11944149411568553, -5.611137633676177e-09, 0.07462077825594096, 0.9972119832074211, 4.80463548807597e-09, 0.0, 0.0, 0.0, 1.0]}, {"left_foot_pose": [0.9999979910167467, -0.0020044764174634634, 6.06327578110155e-06, 0.00096749781168625, 0.0020044855877359765, 0.999993425734151, -0.003021676026081374, 0.020658507099083637, -6.3575843176676e-09, 0.003021682109333438, 0.9999954347081945, 5.528853735947692e-09, 0.0, 0.0, 0.0, 1.0], "right_foot_pose": [0.999999999989934, -4.484698724999354e-06, 1.3894733780221025e-07, 0.0009681263947922156, 4.486846117453164e-06, 0.9995635289903494, -0.029542367749169445, -0.11944149379833197, -6.398072661904064e-09, 0.029542367749495316, 0.99956352900041, 5.527414387307417e-09, 0.0, 0.0, 0.0, 1.0]}, {"left_foot_pose": [0.999997991016469, -0.002002590634704321, -8.714227914171354e-05, 0.0009674978368839248, 0.002004485726309982, 0.9990524299309465, 0.043476709696631775, 0.020658506846859253, -6.345940208086959e-09, -0.04347679702809298, 0.9990544370154105, 5.410992549859106e-09, 0.0, 0.0, 0.0, 1.0], "right_foot_pose": [0.9999999999899334, -4.486449865517851e-06, -6.963917181797984e-08, 0.0009681264856999485, 4.486985924589422e-06, 0.9998568870108271, 0.016917608485985926, -0.11944149402301348, -6.2707967751369204e-09, -0.016917608486128288, 0.9998568870208926, 5.525540185125077e-09, 0.0, 0.0, 0.0, 1.0]}, {"left_foot_pose": [0.9999979910162925, -0.0019967335224846594, -0.0001761210381215544, 0.0009674978878306123, 0.0020044858143312212, 0.9961302908285627, 0.08786595319248403, 0.020658506607247062, -5.393299630002311e-09, -0.08786612970333844, 0.9961322920430583, 4.559339503162896e-09, 0.0, 0.0, 0.0, 1.0], "right_foot_pose": [0.9999999999899327, -4.4790350716956864e-06, -2.687182318883086e-07, 0.0009681265797538006, 4.487085605764403e-06, 0.9981345847769862, 0.06105203233258604, -0.11944149411032323, -5.237233153554439e-09, -0.061052032333177395, 0.9981345847870359, 4.7545387973912945e-09, 0.0, 0.0, 0.0, 1.0]}, {"left_foot_pose": [0.9999979910162804, -0.0019882962086785307, -0.00025424710613177484, 0.0009674981136075149, 0.002004485820455508, 0.991921065206099, 0.12684077592396836, 0.020658506975165095, -3.97353582434121e-09, -0.12684103073763392, 0.9919230579643846, 3.2576153580210487e-09, 0.0, 0.0, 0.0, 1.0], "right_foot_pose": [0.9999999993230482, -3.661209313183772e-05, -3.6684612099155324e-06, 0.0009718505492576028, 3.6795416408604364e-05, 0.9950646686692082, 0.09922854333474873, -0.11911689815583738, 1.739146848370368e-08, -0.09922854340255859, 0.9950646693427548, 0.0027003587034678533, 0.0, 0.0, 0.0, 1.0]}, {"left_foot_pose": [0.9999979910163694, -0.0019789814432045346, -0.00031874076236373147, 0.000967498327755157, 0.002004485775987013, 0.9872741789328695, 0.15901470890833622, 0.020658507077156777, -2.6336715376720837e-09, -0.15901502836171358, 0.9872761623553584, 2.0744166662201025e-09, 0.0, 0.0, 0.0, 1.0], "right_foot_pose": [0.9999999895232718, -0.00014349800666793483, -1.902046393337124e-05, 0.0009842960453820197, 0.00014475307691122095, 0.9913765267231736, 0.13104411970341687, -0.11803228298760265, 5.1871507707619445e-08, -0.1310441210837742, 0.9913765371085693, 0.010452123431552385, 0.0, 0.0, 0.0, 1.0]}, {"left_foot_pose": [0.999997991016497, -0.0019702468662000303, -0.0003689041296279427, 0.0009674984777500819, 0.002004485712253014, 0.9829167736796481, 0.18403966435587055, 0.020658506926032667, -1.5150628600139128e-09, -0.18404003408627823, 0.9829187483477574, 1.1457037887852017e-09, 0.0, 0.0, 0.0, 1.0], "right_foot_pose": [0.9999999507424915, -0.0003100198983020469, -4.901710401899749e-05, 0.00100379593494964, 0.0003138710022708263, 0.9877740098674134, 0.1558922926749258, -0.11633321471635494, 8.810866761761179e-08, -0.1558923003811077, 0.9877740585183834, 0.019870147211046622, 0.0, 0.0, 0.0, 1.0]}, {"left_foot_pose": [0.9999979910166179, -0.001963241270702175, -0.00040453237417822154, 0.0009674985729075145, 0.002004485651918498, 0.9794219224022573, 0.2018134781305214, 0.020658506677398627, -6.736584804711312e-10, -0.20181388356993768, 0.9794238900488494, 4.976986670013339e-10, 0.0, 0.0, 0.0, 1.0], "right_foot_pose": [0.9999998601306926, -0.000521222685974777, -8.980816663139525e-05, 0.0010285944002857638, 0.0005289031873975507, 0.9855155928071391, 0.16958401043556914, -0.11417285497254594, 1.1631515906589047e-07, -0.16958403421579687, 0.9855157306400958, 0.027499981219433298, 0.0, 0.0, 0.0, 1.0]}, {"left_foot_pose": [0.999997991016703, -0.0019592237701859284, -0.00042356201035655757, 0.0009674986365138901, 0.0020044856093970644, 0.9774177449315765, 0.21130672949604382, 0.020658506526164563, -1.4222778706372685e-10, -0.2113071540083085, 0.9774197085515054, 1.2279565558825922e-10, 0.0, 0.0, 0.0, 1.0], "right_foot_pose": [0.9999996999948392, -0.000764008514694674, -0.00012767623271941342, 0.0010569289908306698, 0.0007746032633827303, 0.9863483408262913, 0.1646704300686869, -0.11170436018718087, 1.236296148789212e-07, -0.16467047956513484, 0.9863486367201879, 0.030000000378968765, 0.0, 0.0, 0.0, 1.0]}, {"left_foot_pose": [0.9999979910167262, -0.0019578571954813177, -0.0004298345192019972, 0.0009674986591321127, 0.002004485597802239, 0.9767360086337694, 0.21443589129542226, 0.020658506539152483, -8.413261964751413e-14, -0.21443632209440686, 0.9767379708840158, -1.0380585280245214e-13, 0.0, 0.0, 0.0, 1.0], "right_foot_pose": [0.9999994636353667, -0.0010244479742073842, -0.00015243138272013257, 0.0010870392803902676, 0.001035726298595504, 0.989126176703148