{"LoopMode": "Wrap", "FrameDuration": 0.0167, "EnableCycleOffsetPosition": true, "EnableCycleOffsetRotation": false, "Debug_info": [{"left_foot_pose": [0.9999999999884726, 4.7851304004989146e-06, 3.9740439577986843e-07, 0.00019842111302273752, -4.801604232007997e-06, 0.9965691632582973, 0.08276413969590062, -6.676505781611462e-05, -3.7654267229317554e-12, -0.08276413969685503, 0.9965691632697852, 3.2324906640290862e-12, 0.0, 0.0, 0.0, 1.0], "right_foot_pose": [0.9999999979400312, 6.398293128505883e-05, -5.11093250354972e-06, 0.0009680834198771015, -6.418673637815635e-05, 0.9968248031031633, -0.07962604974757179, -0.12012479653779064, -3.7831135118629886e-12, 0.07962604991159852, 0.996824805156591, 3.1225924623790036e-12, 0.0, 0.0, 0.0, 1.0]}, {"left_foot_pose": [0.9999999999884728, 4.7857713992069175e-06, 3.8960438747395467e-07, 0.00019842111184945638, -4.801603842573542e-06, 0.9967029138325225, 0.08113754700941074, -6.676505823770273e-05, -1.4076384766607103e-11, -0.08113754701034648, 0.9967029138440127, 1.2160543405581592e-11, 0.0, 0.0, 0.0, 1.0], "right_foot_pose": [0.9999999979400316, 6.39744956156621e-05, -5.215466289843433e-06, 0.0009680834190446233, -6.418673677555158e-05, 0.996693359867823, -0.08125479847647983, -0.1201247965385844, -1.4129376459943886e-11, 0.08125479864386106, 0.9966933619209802, 1.2173470564924571e-11, 0.0, 0.0, 0.0, 1.0]}, {"left_foot_pose": [0.9999999999884726, 4.7868063102377815e-06, 3.7666801888649733e-07, 0.00019842110949629203, -4.80160321603231e-06, 0.9969188587065152, 0.07843971654872697, -6.67650585686741e-05, -3.1721520918291894e-11, -0.07843971654963167, 0.9969188587180075, 2.7423299742146412e-11, 0.0, 0.0, 0.0, 1.0], "right_foot_pose": [0.999999997940031, 6.396013579154544e-05, -5.388719505062205e-06, 0.0009680834171101356, -6.418673748034963e-05, 0.9964696056508533, -0.08395427859314565, -0.12012479653951663, -3.1858944781307197e-11, 0.08395427876608663, 0.9964696077035498, 2.7733502994120585e-11, 0.0, 0.0, 0.0, 1.0]}, {"left_foot_pose": [0.9999999999884727, 4.788197453243285e-06, 3.5854006724669587e-07, 0.00019842110598419248, -4.801602422626433e-06, 0.9972091033466334, 0.07465925381055581, -6.676505868398117e-05, -5.61702594806638e-11, -0.07465925381141704, 0.997209103358129, 4.853738244658956e-11, 0.0, 0.0, 0.0, 1.0], "right_foot_pose": [0.9999999979400314, 6.393924043830448e-05, -5.631246251581127e-06, 0.0009680834140223212, -6.418673852256108e-05, 0.9961440138947815, -0.08773311496610565, -0.12012479654042821, -5.6488094218044094e-11, 0.08773311514682931, 0.9961440159468075, 4.924043117693344e-11, 0.0, 0.0, 0.0, 1.0]}, {"left_foot_pose": [0.9999999999884726, 4.7898816536748175e-06, 3.352776665187766e-07, 0.00019842110133042908, -4.801601541084392e-06, 0.9975604379728347, 0.06980811248266061, -6.676505844460494e-05, -8.71388830792212e-11, -0.06980811248346606, 0.997560437984334, 7.526697320958675e-11, 0.0, 0.0, 0.0, 1.0], "right_foot_pose": [0.9999999979400311, 6.391110859772905e-05, -5.9420353712429965e-06, 0.0009680834097304141, -6.418673995875857e-05, 0.9957056609987959, -0.0925755504170182, -0.12012479654116098, -8.779922121773606e-11, 0.09257555060771515, 0.9957056630499189, 7.637716153974239e-11, 0.0, 0.0, 0.0, 1.0]}, {"left_foot_pose": [0.9999999999884729, 4.791783106698224e-06, 3.0689322205726097e-07, 0.00019842109546816834, -4.801600646942962e-06, 0.9979570247978672, 0.063888783315496, -6.676505767408067e-05, -1.250543280029713e-10, -0.06388878331623339, 0.9979570248093715, 1.0802868322112857e-10, 0.0, 0.0, 0.0, 1.0], "right_foot_pose": [0.9999999979400311, 6.387478067482878e-05, -6.320619316047496e-06, 0.0009680834041028998, -6.418674189251893e-05, 0.9951395914719291, -0.09847430814757852, -0.1201247965415486, -1.263110775638173e-10, 0.09847430835042427, 0.9951395935218866, 1.0949557927020237e-10, 0.0, 0.0, 0.0, 1.0]}, {"left_foot_pose": [0.9999999999884727, 4.7938162734916355e-06, 2.732881567712144e-07, 0.0001984210882204164, -4.801599821755184e-06, 0.9983809954650174, 0.05688047003345119, -6.676505612826858e-05, -1.711793617123262e-10, -0.05688047003410802, 0.9983809954765261, 1.4800297792882944e-10, 0.0, 0.0, 0.0, 1.0], "right_foot_pose": [0.9999999979400309, 6.382893532241568e-05, -6.767952707043502e-06, 0.0009680833968916847, -6.418674448982057e-05, 0.9944252105749741, -0.10544428127205593, -0.12012479654138936, -1.7341371784609057e-10, 0.10544428148925664, 0.9944252126234606, 1.4972426770620828e-10, 0.0, 0.0, 0.0, 1.0]}, {"left_foot_pose": [0.9999999999884726, 4.795882773377399e-06, 2.3422874023673283e-07, 0.00019842107928873967, -4.801599173587912e-06, 0.9988117904731877, 0.048734045478397166, -6.67650534533562e-05, -2.2765837948847051e-10, -0.04873404547896036, 0.9988117904847017, 1.9718530974710546e-10, 0.0, 0.0, 0.0, 1.0], "right_foot_pose": [0.9999999979400305, 6.377179925757004e-05, -7.286716556310025e-06, 0.0009680833877053072, -6.418674799881241e-05, 0.9935348781475816, -0.11352727330616016, -0.12012479654040528, -2.314376107962732e-10, 0.11352727354000791, 0.9935348801942346, 1.990101070048489e-10, 0.0, 0.0, 0.0, 1.0]}, {"left_foot_pose": [0.9999999999884728, 4.797864283919017e-06, 1.8934123774396967e-07, 0.0001984210682539464, -4.801598869093444e-06, 0.9992246598493509, 0.03937104425709841, -6.676504912991182e-05, -2.9750696832686424e-10, -0.03937104425755401, 0.9992246598608698, 2.583978309100843e-10, 0.0, 0.0, 0.0, 1.0], "right_foot_pose": [0.9999999979400302, 6.370104781406872e-05, -7.881353878803009e-06, 0.0009680833759904945, -6.418675277248336e-05, 0.9924323578107501, -0.12279255291041014, -0.12012479653818761, -3.036715693844119e-10, 0.12279255316333954, 0.9924323598551329, 2.601155610348904e-10, 0.0, 0.0, 0.0, 1.0]}, {"left_foot_pose": [0.9999999999884726, 4.7996122261825905e-06, 1.381205156913112e-07, 0.00019842105458756255, -4.801599176071052e-06, 0.999588487274437, 0.028685468191194552, -6.676504240436809e-05, -3.8455367575764157e-10, -0.028685468191527393, 0.99958848728596, 3.3528127496573745e-10, 0.0, 0.0, 0.0, 1.0], "right_foot_pose": [0.9999999979400298, 6.361369450307465e-05, -8.557916831353704e-06, 0.0009680833610209793, -6.418675929398233e-05, 0.9910710946083632, -0.13333447158121053, -0.12012479653413188, -3.943402688268943e-10, 0.13333447185585032, 0.9910710966499432, 3.365968198609792e-10, 0.0, 0.0, 0.0, 1.0]}, {"left_foot_pose": [0.9999999999884728, 4.80093477000231e-06, 7.995694456522027e-08, 0.00019842103770466603, -4.801600517800362e-06, 0.9998630483310413, 0.016549457970082723, -6.676503222424052e-05, -4.931264274089762e-10, -0.01654945797027618, 0.9998630483425676, 4.320822449832562e-10, 0.0, 0.0, 0.0, 1.0], "right_foot_pose": [0.9999999979400296, 6.350598818591791e-05, -9.323662095051474e-06, 0.0009680833419280738, -6.418676818527797e-05, 0.9893926117092069, -0.14526615495459877, -0.12012479652737296, -5.083295774740713e-10, 0.14526615525381023, 0.9893926137473313, 4.3257546850083983e-10, 0.0, 0.0, 0.0, 1.0]}, {"left_foot_pose": [0.9999999999884726, 4.801582573709578e-06, 1.4198354936125531e-08, 0.00019842101714086368, -4.801603524793683e-06, 0.9999960055952861, 0.002826441299216376, -6.676501724688956e-05, -6.269070545328012e-10, -0.0028264412992522864, 0.9999960056068137, 5.527279467454349e-10, 0.0, 0.0, 0.0, 1.0], "right_foot_pose": [0.9999999979400285, 6.337337440634625e-05, -1.0186175043614347e-05, 0.0009680833178720873, -6.418678014390369e-05, 0.9873259099333314, -0.15870583938335953, -0.12012479651677174, -6.500360883390981e-10, 0.15870583971024757, 0.9873259119672011, 5.517997100912275e-10, 0.0, 0.0, 0.0, 1.0]}, {"left_foot_pose": [0.9999999999884726, 4.801237767156915e-06, -5.971362515575318e-08, 0.00019842099298436603, -4.80160902123898e-06, 0.9999206186503263, -0.01259985614578156, -6.676499610318472e-05, -7.86020400546422e-10, 0.012599856145922711, 0.9999206186618532, 6.983211647826337e-10, 0.0, 0.0, 0.0, 1.0], "right_foot_pose": [0.9999999979400274, 6.321066691595077e-05, -1.115151690733778e-05, 0.0009680832885324082, -6.418679568743295e-05, 0.9847901515881454, -0.17374795888025021, -0.12012479650110194, -8.203304928839423e-10, 0.17374795923811415, 0.9847901536167949, 6.951468081717316e-10, 0.0, 0.0, 0.0, 1.0]}, {"left_foot_pose": [0.9999999999884728, 4.79951935699147e-06, -1.4194373598739137e-07, 0.0001984209669089343, -4.8016177646432906e-06, 0.9995570294734233, -0.029761465138856667, -6.676496841164642e-05, -9.598691643151346e-10, 0.02976146513919482, 0.9995570294849461, 8.606940021804732e-10, 0.0, 0.0, 0.0, 1.0], "right_foot_pose": [0.9999999979400264, 6.301279630416406e-05, -1.2220255574846783e-05, 0.0009680832553921102, -6.418681440421026e-05, 0.9817063624174335, -0.19040119187963078, -0.12012479647982943, -1.0088717296891247e-09, 0.19040119227178845, 0.9817063644397348, 8.542580878789785e-10, 0.0, 0.0, 0.0, 1.0]}, {"left_foot_pose": [0.9999999999884724, 4.7960400209173894e-06, -2.3161804224578302e-07, 0.00019842094450206774, -4.801629469542958e-06, 0.9988247147404988, -0.048468435094468146, -6.676493768583043e-05, -1.1107298012281544e-09, 0.04846843509502124, 0.9988247147520132, 1.0070765263381354e-09, 0.0, 0.0, 0.0, 1.0], "right_foot_pose": [0.9999999979400251, 6.277698252314574e-05, -1.337908839976802e-05, 0.000968083224812204, -6.418683307131454e-05, 0.9780313843866536, -0.20845768643726414, -0.12012479645539054, -1.1761890963767462e-09, 0.20845768686660765, 0.9780313864013892, 9.965245087451002e-10, 0.0, 0.0, 0.0, 1.0]}, {"left_foot_pose": [0.9999999999884724, 4.790599006223781e-06, -3.2544097317019736e-07, 0.0001984209395870567, -4.801640277612668e-06, 0.9976843290848432, -0.06801455340933765, -6.676491779793875e-05, -1.1430931066913835e-09, 0.06801455341011589, 0.9976843290963446, 1.0501626998560276e-09, 0.0, 0.0, 0.0, 1.0], "right_foot_pose": [0.9999999979400245, 6.250824644158129e-05, -1.4583202724405755e-05, 0.0009680832140497278, -6.418684190247564e-05, 0.9738439740574558, -0.22721775914754294, -0.12012479643828376, -1.2195894127198124e-09, 0.2272177596155295, 0.973843976063568, 1.0360266533560036e-09, 0.0, 0.0, 0.0, 1.0]}, {"left_foot_pose": [0.9999999999881658, 4.846909022855715e-06, -4.2086950952100414e-07, 0.00019925209580411122, -4.865147219580302e-06, 0.9962358419052635, -0.0866841812538036, -6.682814300369537e-05, -8.650499981248327e-10, 0.08668418125482498, 0.9962358419170543, 0.0001966332015044328, 0.0, 0.0, 0.0, 1.0], "right_foot_pose": [0.9999999979400256, 6.223176789154594e-05, -1.572118066756104e-05, 0.000968083262051304, -6.418682462563313e-05, 0.969537402005265, -0.24494330362949904, -0.12012479651677166, -9.821572156256587e-10, 0.24494330413401466, 0.9695374040025024, 8.005498902674546e-10, 0.0, 0.0, 0.0, 1.0]}, {"left_foot_pose": [0.9999999999782534, 6.558184062919339e-06, -6.960306963012036e-07, 0.00022189328945153782, -6.5950160618316425e-06, 0.9944108530340945, -0.10557961604642824, -6.852338581586279e-05, -2.700770160662454e-10, 0.10557961604872218, 0.9944108530557202, 0.005029447635868094, 0.0, 0.0, 0.0, 1.0], "right_foot_pose": [0.9999999979400274, 6.197932836902205e-05, -1.6688553374777845e-05, 0.0009680833595623791, -6.418679738367597e-05, 0.9656059852866541, -0.2600097633910023, -0.12012479671803078, -6.634799236133188e-10, 0.260009763926574, 0.9656059872757871, 4.59504941041633e-10, 0.0, 0.0, 0.0, 1.0]}, {"left_foot_pose": [0.9999999999462965, 1.0282590334296857e-05, -1.2946519313274486e-06, 0.0002712236697429774, -1.0363772827559994e-05, 0.992174109879471, -0.1248620662069653, -7.22080462332679e-05, 6.146521333667509e-10, 0.12486206621367683, 0.992174109932754, 0.013763757630436024, 0.0, 0.0, 0.0, 1.0], "right_foot_pose": [0.9999999979400293, 6.177692858328684e-05, -1.7422748121609848e-05, 0.0009680834257604071, -6.418676699429923e-05, 0.9624544409002391, -0.2714432630799057, -0.12012479673192453, -3.297754665130899e-10, 0.2714432636390502, 0.9624544428828727, 2.0385510640652527e-10, 0.0, 0.0, 0.0, 1.0]}, {"left_foot_pose": [0.9999999998762251, 1.5574453107332298e-05, -2.233257898942826e-06, 0.00034151783833741636, -1.573375438018088e-05, 0.9898921233684028, -0.14182236722620573, -7.74529926505299e-05, 1.878595530692479e-09, 0.14182236724378872, 0.9898921234909231, 0.022945107954157322, 0.0, 0.0, 0.0, 1.0], "right_foot_pose": [0.9999999979400309, 6.164751865969568e-05, -1.7875165467307524e-05, 0.0009680834451107576, -6.418674393800664e-05, 0.960439674451354, -0.27848811037428295, -0.12012479662896705, -8.287878129811547e-11, 0.27848811094795456, 0.9604396764298317, 4.327659758329716e-11, 0.0, 0.0, 0.0, 1.0]}, {"left_foot_pose": [0.9999999997520838, 2.201094347827443e-05, -3.3692155649304204e-06, 0.00042704779439438416, -2.2267313193789756e-05, 0.9885075836490513, -0.15117128223469473, -8.383310479889022e-05, 3.072588029053348e-09, 0.1511712822722399, 0.9885075838941083, 0.029119051717155862, 0.0, 0.0, 0.0, 1.0], "right_foot_pose": [0.9999999979400312, 6.160914646008142e-05, -1.8006948797833404e-05, 0.0009680834305715691, -6.418673642224833e-05, 0.9598423183624868, -0.2805400501899671, -0.12012479653031043, -1.5594759942349803e-12, 0.28054005076787053, 0.959842320339732, -1.5630344241124305e-12, 0.0, 0.0, 0.0, 1.0]}, {"left_foot_pose": [0.9999999995640831, 2.9202404415157388e-05, -4.365143330520736e-06, 0.0005220778431478645, -2.952685033194111e-05, 0.9890271536007098, -0.14773384368059986, -9.092660079031492e-05, 3.061834041423011e-09, 0.14773384374508874, 0.9890271540318308, 0.03000000013005147, 0.0, 0.0, 0.0, 1.0], "right_foot_pose": [0.9999999979400302, 6.16718813797389e-05, -1.779094664400341e-05, 0.0009680834029063252, -6.418674890805018e-05, 0.9608189551629397, -0.2771767148944125, -0.12012479651800578, -1.3071652827933274e-10, 0.27717671546537964, 0.9608189571421994, 1.0133722333494077e-10, 0.0, 0.0, 0.0, 1.0]}, {"left_foot_pose": [0.9999999993127336, 3.6726302673792436e-05, -5.070738819002439e-06, 0.0006208808391982738, -3.707470424016658e-05, 0.9906115449565486, -0.13670686019460535, -9.83023571704024e-05, 2.394890375303208e-09, 0.136706860288647, 0.9906115456373509, 0.030000000445445762, 0.0, 0.0, 0.0, 1.0], "right_foot_pose": [0.9999999979400287, 6.182411992044167e-05, -1.7254584261994696e-05, 0.0009680833555313994, -6.41867780917276e-05, 0.9631890464647636, -0.26882495540845375, -0.12012479648103572, -4.397183255000447e-10, 0.26882495596219785, 0.963189048448913, 3.507255458279346e-10, 0.0, 0.0, 0.0, 1.0]}, {"left_foot_pose": [0.9999999990110657, 4.415782211232139e-05, -5.2873934547899e-06, 0.0007177291830786425, -4.447324794002533e-05, 0.9929100236718627, -0.11886834277498903, -0.00010553321502948174, 9.38824928703548e-10, 0.11886834289258318, 0.9929100246537812, 0.029892323511730316, 0.0, 0.0, 0.0, 1.0], "right_foot_pose": [0.9999999979400255, 6.205917108250913e-05, -1.6389262223304646e-05, 0.0009680832752500256, -6.418682599045633e-05, 0.9668483138234464, -0.25535139305829113, -0.12012479647592866, -9.65242807479657e-10, 0.25535139358424824, 0.9668483158151449, 7.612393215783442e-10, 0.0, 0.0, 0.0, 1.0]}, {"left_foot_pose": [0.9999999986849331, 5.107502714124134e-05, -4.634261534964508e-06, 0.0008068901442434178, -5.128483961967803e-05, 0.9959060343533493, -0.09039451370770007, -0.00011219731893185453, -1.6132138252460137e-09, 0.0903945138264922, 0.9959060356630404, 0.02539659793256882, 0.0, 0.0, 0.0, 1.0], "right_foot_pose": [0.999999997940021, 6.237461536449913e-05, -1.5144797358202437e-05, 0.0009680831671832826, -6.418689528014861e-05, 0.9717590229330219, -0.23597541657617888, -0.1201247967491112, -1.7823612646326063e-09, 0.23597541706217184, 0.9717590249348518, 1.3561933381867064e-09, 0.0, 0.0, 0.0, 1.0]}, {"left_foot_pose": [0.9999999983714071, 5.69846937554053e-05, -3.1514128116537087e-06, 0.0008826410651297754, -5.70717681102461e-05, 0.9984712613601213, -0.055273293557942374, -0.00011785669260459125, -3.136581497354249e-09, 0.055273293647781024, 0.9984712629862349, 0.01679617086742824, 0.0, 0.0, 0.0, 1.0], "right_foot_pose": [0.9999999979400165, 6.274838869585735e-05, -1.351318235387526e-05, 0.0009680830403873116, -6.418696420440632e-05, 0.9775787592444742, -0.21057009605845833, -0.12012479697388614, -2.734196298319886e-09, 0.21057009649205746, 0.9775787612583066, 2.1227617025276757e-09, 0.0, 0.0, 0.0, 1.0]}, {"left_foot_pose": [0.9999999981152381, 6.138601091223838e-05, -1.1325150038887407e-06, 0.0009392552020319452, -6.13964568279669e-05, 0.9998286963824031, -0.01850875794698801, -0.00012208138949617447, -3.85781760250523e-09, 0.018508757981635492, 0.9998286982668472, 0.007545489173623146, 0.0, 0.0, 0.0, 1.0], "right_foot_pose": [0.9999999979400138, 6.31447427874644e-05, -1.15201611224363e-05, 0.0009680828957824415, -6.418701301840241e-05, 0.9837516007539087, -0.17953490995945665, -0.12012479700454796, -3.708765592255365e-09, 0.1795349103290617, 0.9837516027804662, 2.973207381684606e-09, 0.0, 0.0, 0.0, 1.0]}, {"left_foot_pose": [0.9999999979634222, 6.380996589871611e-05, 1.2019519801664445e-06, 0.000971000890102659, -6.3821284991109e-05, 0.9998239100081736, 0.018765524314865202, -0.00012444485295001403, -4.312861921917621e-09, -0.01876552435335818, 0.9998239120443881, 0.0010990034201795937, 0.0, 0.0, 0.0, 1.0], "right_foot_pose": [0.9999999979400134, 6.352120182714429e-05, -9.221170757356894e-06, 0.0009680827625471591, -6.418701622329059e-05, 0.9896169339681749, -0.14373002429366044, -0.1201247967258629, -4.4771495323282315e-09, 0.14373002458945777, 0.9896169360068138, 3.701356526830679e-09, 0.0, 0.0, 0.0, 1.0]}, {"left_foot_pose": [0.9999999979400396, 6.40797196850031e-05, 3.7028087254686393e-06, 0.0009757851646931727, -6.418661266719684e-05, 0.9983388261951929, 0.05761583108212572, -0.00012479660711905288, -4.651411609815616e-09, -0.05761583120111042, 0.9983388282517147, 3.966640127472942e-09, 0.0, 0.0, 0.0, 1.0], "right_foot_pose": [0.9999999979400171, 6.383157076378677e-05, -6.7451009260759935e-06, 0.000968082723015572, -6.418695966127788e-05, 0.9944555169526946, -0.10515807473695632, -0.12012479649177166, -4.702260684847877e-09, 0.10515807495327982, 0.9944555190012877, 3.964117985255644e-09, 0.0, 0.0, 0.0, 1.0]}, {"left_foot_pose": [0.9999999979400438, 6.388694514180597e-05, 6.194445996364718e-06, 0.0009757851938842076, -6.418654767100503e-05, 0.9953388272387271, 0.09643969551550326, -0.0001247967582478221, -4.335076706449017e-09, -0.09643969571444212, 0.9953388292890549, 3.6631654584673434e-09, 0.0, 0.0, 0.0, 1.0], "right_foot_pose": [0.9999999979400228, 6.404555963491115e-05, -4.256810366421391e-06, 0.0009680827942311402, -6.418686878878085e-05, 0.9977940181316458, -0.06638594174033294, -0.12012479663206521, -4.304870844361072e-09, 0.06638594187681054, 0.997794020187097, 3.676291313037261e-09, 0.0, 0.0, 0.0, 1.0]}, {"left_foot_pose": [0.9999999979400445, 6.36242724183801e-05, 8.477254636206593e-06, 0.0009757852865913239, -6.418653967371118e-05, 0.9912471128350282, 0.13201953331348368, -0.00012479678984298088, -3.407431046404733e-09, -0.13201953358565519, 0.9912471148769247, 2.862112477575174e-09, 0.0, 0.0, 0.0, 1.0], "right_foot_pose": [0.9999999992083499, 3.977352779306632e-05, -1.168902536708181e-06, 0.000968082838187437, -3.979067715825417e-05, 0.9995360182275805, -0.030458934361792395, -0.12012601548124105, -4.309908532603723e-08, 0.03045893438419081, 0.9995360190189131, 4.4881971772360585e-05, 0.0, 0.0, 0.0, 1.0]}, {"left_foot_pose": [0.999999997940042, 6.333526536356457e-05, 1.0419262834347985e-05, 0.000975785219630188, -6.41865785946547e-05, 0.9867425249785439, 0.16229351582565285, -0.00012479640040304486, -2.2268261797205265e-09, -0.16229351616011206, 0.9867425270111696, 1.9040110946222377e-09, 0.0, 0.0, 0.0, 1.0], "right_foot_pose": [0.9999970101495606, -0.002445339687969284, -2.3979367008512826e-06, 0.0009680735696372765, 0.00244534086366501, 0.9999965342205901, 0.0009756304979800909, -0.1202502656864459, 1.2180412557596041e-08, -0.0009756334447636144, 0.9999995240695775, 0.00419158595268674, 0.0, 0.0, 0.0, 1.0]}, {"left_foot_pose": [0.9999999979400385, 6.305920782893561e-05, 1.1977479450307998e-05, 0.000975785268392906, -6.418663182215885e-05, 0.9824385106924718, 0.18658662489158975, -0.00012479634940686882, -1.132316051232904e-09, -0.1865866252760228, 0.9824385127162444, 1.104348605618366e-09, 0.0, 0.0, 0.0, 1.0], "right_foot_pose": [0.9999639966254029, -0.008481797970991726, -0.0002540789840886745, 0.0009680532929493524, 0.00848560266026506, 0.9995179851859378, 0.029862883942027227, -0.12055228103588844, 6.655658268164203e-07, -0.029863964790733614, 0.9995539723329276, 0.012646193356157527, 0.0, 0.0, 0.0, 1.0]}, {"left_foot_pose": [0.9999999979400358, 6.282963146576027e-05, 1.3128853831366728e-05, 0.0009757854033260755, -6.418667613255623e-05, 0.9788586792577219, 0.20453772738030387, -0.000124796516975916, -2.6248963096392494e-10, -0.20453772780166116, 0.9788586812741331, 5.169425859596899e-10, 0.0, 0.0, 0.0, 1.0], "right_foot_pose": [0.9998497182467158, -0.017308311272460415, -0.0009814697439238947, 0.0009680263950108993, 0.017336116035268995, 0.9982515260129852, 0.05650973273302226, -0.12099484563350496, 1.6656255408093168e-06, -0.05651825522467552, 0.9984015659160317, 0.021954247054837103, 0.0, 0.0, 0.0, 1.0]}, {"left_foot_pose": [0.9999999979400345, 6.267335008047957e-05, 1.3855795501725984e-05, 0.0009757856139949394, -6.418669549975142e-05, 0.9764217514705925, 0.2158716265171715, -0.00012479675028495042, 2.979089832104236e-10, -0.2158716269618414, 0.9764217534819923, 1.5673072562005785e-10, 0.0, 0.0, 0.0, 1.0], "right_foot_pose": [0.9996008580035003, -0.028164532848858753, -0.0022099249016684624, 0.0009679938880156768, 0.028251100357626686, 0.9965453096184524, 0.07809815110517009, -0.12154074274583013, 2.6923531300945457e-06, -0.07812941166339508, 0.9969432255780081, 0.028661299589631734, 0.0, 0.0, 0.0, 1.0]}, {"left_foot_pose": [0.9999999979400351, 6.260928376111248e-05, 1.4142408600535938e-05, 0.0009757858484287926, -6.418668190395301e-05, 0.9754231865286482, 0.2203397446271742, -0.00012479685812939734, 4.803328478767348e-10, -0.22033974508103663, 0.9754231885379927, 3.284680860637934e-11, 0.0, 0.0, 0.0, 1.0], "right_foot_pose": [0.9991801900278493, -0.04032053474380393, -0.003633501600939422, 0.0009679535368596297, 0.040483920817449795, 0.9951550706129814, 0.0895959685952356, -0.12215275043975238, 3.3401776062076434e-06, -0.08966961531781943, 0.9959715658981422, 0.030000000385005075, 0.0, 0.0, 0.0, 1.0]}, {"left_foot_pose": [0.9999999979400378, 6.263746995035745e-05, 1.4016861071107768e-05, 0.000975786014942836, -6.418664219240381e-05, 0.9758635191769587, 0.21838128999444378, -0.00012479689216984662, 3.081169592449152e-10, -0.21838129044428206, 0.9758635211872051, 1.1201908844959974e-10, 0.0, 0.0, 0.0, 1.0], "right_foot_pose": [0.998579196701119, -0.05306015860737738, -0.004920110192593114, 0.0009679123279909953, 0.053287783811626306, 0.9943196909834198, 0.09213448984545224, -0.12279365244720558, 3.491801894028818e-06, -0.09226576662661162, 0.9957344165472092, 0.03000000030844878, 0.0, 0.0, 0.0, 1.0]}, {"left_foot_pose": [0.9999999979400414, 6.275415948390898e-05, 1.3484555013097968e-05, 0.0009757861267660621, -6.418658548607703e-05, 0.9776840297923396, 0.2100807791519608, -0.00012479692672423635, -1.9136613485739174e-10, -0.2100807795847309, 0.9776840318063258, 4.134417530554657e-10, 0.0, 0.0, 0.0, 1.0], "right_foot_pose": [0.9978251192077772, -0.06566907909920501, -0.005709949933885271, 0.0009678713496555924, 0.06591685268686691, 0.9940785342436368, 0.08638770912508627, -0.12342623550471066, 3.1373571467005826e-06, -0.08657620808446748, 0.9962452309466138, 0.029991060471711906, 0.0, 0.0, 0.0, 1.0]}, {"left_foot_pose": [0.9999999979400455, 6.295546775294942e-05, 1.2510734426872662e-05, 0.0009757862278420585, -6.418652035049929e-05, 0.980823948272724, 0.1948958141541172, -0.0001247966699250919, -1.0707934029045364e-09, -0.1948958145556614, 0.9808239502931635, 9.793504965327493e-10, 0.0, 0.0, 0.0, 1.0], "right_foot_pose": [0.9969824379510525, -0.07743796399729468, -0.005420345849628411, 0.0009678293091915459, 0.07762743337287012, 0.9945510840479194, 0.06958536345416978, -0.12401327862337948, 2.2619707600475396e-06, -0.06979615283854838, 0.9975612748316874, 0.026205350179744492, 0.0, 0.0, 0.0, 1.0]}, {"left_foot_pose": [0.999999997940048, 6.3222033762991e-05, 1.108508445807231e-05, 0.0009757861687896956, -6.418648335807027e-05, 0.9849800597040566, 0.17266811479103292, -0.00012479638064568678, -2.1577684128504655e-09, -0.17266811514685762, 0.9849800617330448, 1.7648129069236518e-09, 0.0, 0.0, 0.0, 1.0], "right_foot_pose": [0.9961487986764046, -0.08759429734794745, -0.0038483720811654455, 0.0009677968326315993, 0.08767879386839858, 0.9951893837823428, 0.04370948996160842, -0.12451757144472635, 1.1569793958450354e-06, -0.04387857653844819, 0.9990368714515099, 0.017908532735924867, 0.0, 0.0, 0.0, 1.0]}, {"left_foot_pose": [0.9999999979400467, 6.351839213653557e-05, 9.236953571410947e-06, 0.0009757859229697029, -6.418650512406082e-05, 0.9895984364740448, 0.14385732657122158, -0.0001247962424677125, -3.2887315034767966e-09, -0.14385732686777022, 0.9895984385125413, 2.6701135885653926e-09, 0.0, 0.0, 0.0, 1.0], "right_foot_pose": [0.9954454256741145, -0.09532461911033319, -0.0012733797354597951, 0.0009677741910716353, 0.09533312385746993, 0.9953566546289606, 0.013293817413384054, -0.1249019018136443, 2.389121063522555e-07, -0.013354665001938423, 0.999910822485, 0.008555054938309423, 0.0, 0.0, 0.0, 1.0]}, {"left_foot_pose": [0.99999999794004, 6.38009547771038e-05, 7.025584808638662e-06, 0.0009757855038449695, -6.418660806396806e-05, 0.9939988288308617, 0.10939069504740942, -0.00012479640586687563, -4.192284113764553e-09, -0.10939069527301769, 0.9939988308784306, 3.4863962758424627e-09, 0.0, 0.0, 0.0, 1.0], "right_foot_pose": [0.9950020604888623, -0.09983403275253398, 0.002016315273958483, 0.0009677612346250292, 0.09985439210615575, 0.9947992230178262, -0.020089954211983365, -0.12512905413863207, -1.6772109697336484e-07, 0.020190883772025648, 0.9997961433274667, 0.001599366528935206, 0.0, 0.0, 0.0, 1.0]}, {"left_foot_pose": [0.9999999979400109, 6.402269324222497e-05, 4.590606397346625e-06, 0.0009757838415574803, -6.418706184508376e-05, 0.9974425143751745, 0.07147325651564947, -0.00012479663704570432, -2.955610693144218e-09, -0.07147325666307318, 0.9974425164298818, 3.725632226336817e-09, 0.0, 0.0, 0.0, 1.0], "right_foot_pose": [0.9949103041812981, -0.10059898973354131, 0.00577320521609667, 0.0009677571920950596, 0.1007645107856745, 0.9932760142027742, -0.057002394472286305, -0.12517479671283022, -2.9699144019499694e-09, 0.05729400382274983, 0.9983573494125032, 3.867772734034158e-09, 0.0, 0.0, 0.0, 1.0]}, {"left_foot_pose": [0.9999999979400034, 6.415061881620324e-05, 2.166039679617448e-06, 0.0009757827776215449, -6.41871764633714e-05, 0.9994303820926262, 0.033747699628194114, -0.0001247966761215441, 1.299498800463347e-10, -0.03374769969770624, 0.9994303841514498, 3.5767752024074007e-09, 0.0, 0.0, 0.0, 1.0], "right_foot_pose": [0.9949103041749798, -0.100309735548027, 0.009562614743577977, 0.0009677561947663998, 0.10076451084806201, 0.9904200264123244, -0.09441760765324272, -0.12517479629969064, 1.0786845099846503e-10, 0.09490062294682655, 0.9954867511746722, 3.788602896681592e-09, 0.0, 0.0, 0.0, 1.0]}, {"left_foot_pose": [0.9999999979400273, 6.418667980616749e-05, -1.2855341807841988e-07, 0.0009757852916139392, -6.418680844627646e-05, 0.9999978829734093, -0.0020566790595249163, -0.00012479648482271663, -3.4582544400251095e-09, 0.0020566790635393327, 0.9999978850333788, 3.0825432137393527e-09, 0.0, 0.0, 0.0, 1.0], "right_foot_pose": [0.9949103041839545, -0.0999067987663022, 0.013119382182876872, 0.0009677587209226451, 0.1007645107594474, 0.9864415879665583, -0.1295357360014004, -0.12517479648980473, -3.4838805352218653e-09, 0.13019840663496932, 0.9914879600427408, 3.0284030214100532e-09, 0.0, 0.0, 0.0, 1.0]}, {"left_foot_pose": [0.9999921104030349, -0.003969937075142067, 0.0001368623581586992, 0.0007238284380347052, 0.003972295437190207, 0.9994053394732302, -0.03425183646693869, -0.00013752210047664193, -8.033360351286447e-07, 0.03425210989147415, 0.9994132243308258, 0.0034133470390642143, 0.0, 0.0, 0.0, 1.0], "right_foot_pose": [0.9949103041910369, -0.09944547189852927, 0.016250684089527765, 0.0009677593531015943, 0.10076451068952202, 0.9818866230870561, -0.1604530236181254, -0.12517479682873764, -2.672270719946596e-09, 0.1612738587669318, 0.9869096931727969, 2.0666790293000226e-09, 0.0, 0.0, 0.0, 1.0]}, {"left_foot_pose": [0.9998830520298548, -0.015262165615595815, 0.0009739425987096772, 1.7150162098136492e-05, 0.015293209477496727, 0.9978646292148611, -0.0635003898079867, -0.0001731971654800983, -2.709404233778778e-06, 0.06350785827447598, 0.9979813384678341, 0.011540439269800279, 0.0, 0.0, 0.0, 1.0], "right_foot_pose": [0.9949103041922278, -0.09899382205673951, 0.01880717434190213, 0.0009677597265807833, 0.10076451067775855, 0.9774272037864097, -0.1856948429174929, -0.1251747968331963, -1.591500657138198e-09, 0.1866448083737638, 0.9824274606845642, 1.2517172992554393e-09, 0.0, 0.0, 0.0, 1.0]}, {"left_foot_pose": [0.9994747676923623, -0.03227518093759219, 0.0029157231942003644, -0.00105136296324738, 0.032406615367972694, 0.9954354264289942, -0.08976704902423607, -0.00022713272929248546, -5.166411677017447e-06, 0.08981438919000076, 0.9959585209574426, 0.020927384008371117, 0.0, 0.0, 0.0, 1.0], "right_foot_pose": [0.9949103041896808, -0.09860840281376998, 0.02073329476263117, 0.0009677598532506528, 0.10076451070291001, 0.9736217191938753, -0.20471263101422443, -0.12517479664754644, -5.112290920869888e-10, 0.20575988629584743, 0.9786025082695833, 6.354192172430828e-10, 0.0, 0.0, 0.0, 1.0]}, {"left_foot_pose": [0.9985510260263054, -0.05348575963559274, 0.0059263764659749935, -0.002388788313236869, 0.0538130873103411, 0.9924924494334337, -0.10983118615290201, -0.00029463905893233576, -7.479471914051498e-06, 0.1099909602368636, 0.9939325875582462, 0.028119733689345984, 0.0, 0.0, 0.0, 1.0], "right_foot_pose": [0.9949103041857981, -0.09833465471711254, 0.021995051866006282, 0.00096775975525548, 0.10076451074124286, 0.9709188327387518, -0.21717074758884505, -0.12517479643786655, 3.95035097913576e-10, 0.21828173518388122, 0.9758857945913108, 2.3344286226301136e-10, 0.0, 0.0, 0.0, 1.0]}, {"left_foot_pose": [0.9969528755113254, -0.07745582632758462, 0.009249809598666047, -0.003902214730754895, 0.07800617881086765, 0.9899324602858515, -0.11810486924648511, -0.0003710319501445125, -8.77653238555021e-06, 0.11846653130869206, 0.9929580458824332, 0.030000000103217496, 0.0, 0.0, 0.0, 1.0], "right_foot_pose": [0.9949103041833347, -0.09820515717797693, 0.022566207777851142, 0.000967759511261036, 0.10076451076556825, 0.9696402219503876, -0.22281012846407813, -0.12517479636886075, 9.683656492284765e-10, 0.22394996557189303, 0.9746006427867511, 5.928653401543471e-11, 0.0, 0.0, 0.0, 1.0]}, {"left_foot_pose": [0.9946318147469919, -0.10276224289335352, 0.012143909116680928, -0.005498726291734355, 0.10347730675900667, 0.9877686397853731, -0.11664287909022684, -0.00045162167711798595, -8.888717011345573e-06, 0.11727333751574615, 0.9930996748710119, 0.03000000010390519, 0.0, 0.0, 0.0, 1.0], "right_foot_pose": [0.9949103041840051, -0.0982227017933501, 0.02248971944922664, 0.0009677592405274282, 0.10076451075894872, 0.9698134505079296, -0.2220549134457822, -0.12517479638148232, 1.125123470518461e-09, 0.22319088705930323, 0.9747747575382129, 7.876788110650068e-11, 0.0, 0.0, 0.0, 1.0]}, {"left_foot_pose": [0.99168040999404, -0.12796584775296033, 0.013953717888774461, -0.00708539938601592, 0.12872437364894207, 0.985843464717687, -0.10743695221903561, -0.0005317146689801378, -7.92091845941417e-06, 0.10833930442038948, 0.9941139748816362, 0.030000000356909744, 0.0, 0.0, 0.0, 1.0], "right_foot_pose": [0.9949103041881939, -0.09838138303700847, 0.02178508875081599, 0.0009677589255885537, 0.10076451071759107, 0.9713802095436097, -0.21509765662800168, -0.1251747963970553, 8.713883115486556e-10, 0.2161980387948479, 0.976349531684868, 3.137666723662669e-10, 0.0, 0.0, 0.0, 1.0]}, {"left_foot_pose": [0.9883402668207996, -0.15171505388229137, 0.01288640392371427, -0.008569318780582078, 0.15226134423879975, 0.9847973562160753, -0.08361010848230638, -0.0006066271971559758, -5.5844017091284665e-06, 0.08459733811014714, 0.9964152198523931, 0.026951664658329093, 0.0, 0.0, 0.0, 1.0], "right_foot_pose": [0.9949103041924215, -0.09875455774318231, 0.020025582056254505, 0.0009677587005720643, 0.1007645106758491, 0.9750647973996343, -0.19772494597361023, -0.1251747967229077, -5.160731769626399e-10, 0.19873645412193192, 0.9800529688761939, 8.5675270350416e-10, 0.0, 0.0, 0.0, 1.0]}, {"left_foot_pose": [0.9849875648148582, -0.17236312964133058, 0.009510452162888493, -0.009857562170989358, 0.17262530854735214, 0.9834925495305227, -0.054248574791279126, -0.0006716617882716845, -3.004715260717458e-06, 0.05507591631738182, 0.998482169812147, 0.01900626866137113, 0.0, 0.0, 0.0, 1.0], "right_foot_pose": [0.9949103042023861, -0.09916596339160923, 0.017877312340748366, 0.0009677585203722058, 0.10076451057745808, 0.9791268622915569, -0.17651374152506086, -0.125174797011324, -1.508213040117939e-09, 0.17741673890505538, 0.9841358141823189, 1.5813140311071727e-09, 0.0, 0.0, 0.0, 1.0]}, {"left_foot_pose": [0.9820967775922127, -0.18833149745284078, 0.004143248745049831, -0.010857202759350237, 0.1883770671877774, 0.9818593008445649, -0.021596154814115018, -0.0007221222907800341, -8.511406743872853e-07, 0.021990007098546514, 0.9997581905576379, 0.009597807558009763, 0.0, 0.0, 0.0, 1.0], "right_foot_pose": [0.9949103042099638, -0.09962882349584039, 0.015085890947226083, 0.000967758438703949, 0.10076451050264128, 0.9836969683046531, -0.14895230099396717, -0.1251747971526147, -2.683933840427118e-09, 0.14971430151147525, 0.9887292996179142, 2.4607998208581172e-09, 0.0, 0.0, 0.0, 1.0]}, {"left_foot_pose": [0.9801831810591177, -0.19807707674007388, -0.002530462198242676, -0.011475324930379456, 0.19809323958371877, 0.9801032212957955, 0.012519745877354767, -0.000753318896594482, 2.3948694986569026e-07, -0.012772911794611715, 0.9999184230347147, 0.0021807296767722695, 0.0, 0.0, 0.0, 1.0], "right_foot_pose": [0.9949103042106777, -0.10008015694016134, 0.01172385441095993, 0.0009677584813030425, 0.10076451049559408, 0.988153262910022, -0.11575682452823523, -0.12517479699343187, -3.824391627719422e-09, 0.11634900595669033, 0.9932083914329811, 3.332688992829791e-09, 0.0, 0.0, 0.0, 1.0]}, {"left_foot_pose": [0.9796801549944194, -0.20031580030914795, -0.010018685373663228, -0.011632842285361388, 0.2005661833662669, 0.9784571395442571, 0.04893702243455885, -0.0007612628984150251, -4.5810172317399296e-09, -0.0499520392113974, 0.9987516176600786, 4.035442459360272e-09, 0.0, 0.0, 0.0, 1.0], "right_foot_pose": [0.9949103041805604, -0.10044925231251318, 0.00796456811143561, 0.0009677596706283459, 0.10076451079296028, 0.9917975658814349, -0.07863905948265526, -0.12517479637898443, -4.538626786661529e-09, 0.07904135639978754, 0.9968713377254269, 3.888161445586569e-09, 0.0, 0.0, 0.0, 1.0]}, {"left_foot_pose": [0.9796801549752784, -0.19976955033175547, -0.01785835120787247, -0.011632839908628258, 0.20056618345976365, 0.9757889411128509, 0.08723043307382367, -0.0007612633387306354, -2.7752508639593e-09, -0.08903970553697155, 0.9960280773341131, 4.368504398499784e-09, 0.0, 0.0, 0.0, 1.0], "right_foot_pose": [0.994910304142316, -0.10068317484278343, 0.0040478407851226895, 0.00096776203140292, 0.1007645111705713, 0.994107221362795, -0.03996680776467945, -0.12517479568165232, -2.6613381326725353e-09, 0.04017126756676371, 0.9991928088522654, 4.069382580906833e-09, 0.0, 0.0, 0.0, 1.0]}, {"left_foot_pose": [0.9796801549747587, -0.19897321099874277, -0.02522806479861953, -0.011632842764939715, 0.2005661834623017, 0.9718991623881037, 0.12322834171029629, -0.0007612631443583116, -3.789697091758713e-09, -0.12578425757682454, 0.9920576195694725, 3.2470468258605223e-09, 0.0, 0.0, 0.0, 1.0], "right_foot_pose": [0.994910304170455, -0.10076406169290716, 0.00030087638712726037, 0.0009677594067450236, 0.10076451089273604, 0.994905869053226, -0.002970701599416952, -0.1251747967013388, -3.7241775472693497e-09, 0.0029858992938634264, 0.9999955421927675, 3.2030858521103767e-09, 0.0, 0.0, 0.0, 1.0]}, {"left_foot_pose": [0.9796801549672474, -0.19806794100371225, -0.031557641069968084, -0.011632843556657531, 0.20056618349899138, 0.967477305339348, 0.15414561197116186, -0.0007612627436757533, -2.4326464354963818e-09, -0.1573427926530638, 0.9875440474227649, 2.178256415519275e-09, 0.0, 0.0, 0.0, 1.0], "right_foot_pose": [0.9945874668039829, -0.10385749186095888, -0.0030646795568985224, 0.0011626681444804382, 0.10390269907977301, 0.9941549034028276, 0.029330140880203925, -0.1251450461195205, 6.11341102442874e-07, -0.029489818996822532, 0.999565080710186, 0.002700359041118927, 0.0, 0.0, 0.0, 1.0]}, {"left_foot_pose": [0.9796801549758933, -0.19717278513800096, -0.03673808306558212, -0.011632843596972895, 0.20056618345675825, 0.9631048522720993, 0.1794498525592282, -0.0007612626265432127, -1.1580692499922757e-09, -0.1831718764736073, 0.9830809039286332, 1.3101822057826062e-09, 0.0, 0.0, 0.0, 1.0], "right_foot_pose": [0.9934369214360496, -0.11418357844471358, -0.006722614165922479, 0.001813959862355555, 0.11438130582393279, 0.9917208219071881, 0.05836718490507501, -0.1250456527368835, 2.3824097876325717e-06, -0.05875305787183528, 0.9982725470456616, 0.010452124402881562, 0.0, 0.0, 0.0, 1.0]}, {"left_foot_pose": [0.9796801549867347, -0.19639666590358779, -0.04068345544718333, -0.011632843450954666, 0.20056618340380444, 0.9593138425051726, 0.19872130648924743, -0.000761262761889682, -6.706799070267562e-11, -0.20284304572727282, 0.9792112636199017, 6.56450831193478e-10, 0.0, 0.0, 0.0, 1.0], "right_foot_pose": [0.9914126891901796, -0.13029490334300808, -0.011140820236064887, 0.0028342263388985455, 0.13077033184169357, 0.987811413389079, 0.08442589583938956, -0.12488995693584853, 4.7654456607201256e-06, -0.08515779319067829, 0.9963674775082655, 0.019870148061437533, 0.0, 0.0, 0.0, 1.0]}, {"left_foot_pose": [0.9796801549943472, -0.19582866103139607, -0.043335083118682644, -0.011632843157573533, 0.20056618336662005, 0.9565393822848336, 0.21167337156075397, -0.0007612629896249679, 7.088627523035485e-10, -0.21606375368580516, 0.9763792574318655, 2.3497596229882234e-10, 0.0, 0.0, 0.0, 1.0], "right_foot_pose": [0.9884485390721599, -0.15070268548348115, -0.016068173330521917, 0.004131495001427595, 0.15155687234740764, 0.9828825260244165, 0.10474948439077685, -0.12469199343047889, 7.098191001403483e-06, -0.10597471690893553, 0.9943688245946204, 0.027499981498052398, 0.0, 0.0, 0.0, 1.0]}, {"left_foot_pose": [0.9796801550090756, -0.1956143254908175, -0.04429254501794638, -0.011632842821441678, 0.20056618329467812, 0.9554924448130481, 0.21635016529642578, -0.0007612630415568386, 4.719021423205666e-10, -0.22083755017649895, 0.9753106051059033, 3.3558246459453045e-11, 0.0, 0.0, 0.0, 1.0], "right_foot_pose": [0.9845282749676537, -0.17409255411853475, -0.019896190331335356, 0.0056137895897563255, 0.17522578497313776, 0.9781664839724699, 0.11174190759729866, -0.12446579253717392, 8.35244515836221e-06, -0.11349939309714688, 0.9935380655499898, 0.03000000003674943, 0.0, 0.0, 0.0, 1.0]}, {"left_foot_pose": [0.9796801550021632, -0.1956355560340142, -0.04419867769742087, -0.01163284263713522, 0.2005661833284427, 0.9555961466781467, 0.21589166394036732, -0.0007612630347152041, 3.7784210946040243e-10, -0.2203695388867097, 0.9754164578941962, 6.062419316554823e-11, 0.0, 0.0, 0.0, 1.0], "right_foot_pose": [0.9797408172376126, -0.19899628486565915, -0.02254794110866152, 0.007189138228179773, 0.20026964564248628, 0.973516193443239, 0.11026463684254735, -0.12422538779365495, 8.532714358383755e-06, -0.11254643358832543, 0.9936464664123459, 0.030000000068930242, 0.0, 0.0, 0.0, 1.0]}, {"left_foot_pose": [0.9796801549913671, -0.19593922464119637, -0.042832396186752504, -0.011632842506306331, 0.20