{"LoopMode": "Wrap", "FrameDuration": 0.0167, "EnableCycleOffsetPosition": true, "EnableCycleOffsetRotation": false, "Debug_info": [{"left_foot_pose": [0.999999999996718, -2.5620033245032612e-06, -3.006998422478536e-08, 6.058400536742284e-05, 2.5621797829884687e-06, 0.9999311609952569, 0.011733425080249755, -4.504591866418689e-05, 6.8398002807937606e-12, -0.011733425080288488, 0.9999311609985393, 3.308326529394279e-11, 0.0, 0.0, 0.0, 1.0], "right_foot_pose": [0.9999999999960563, -2.8082503098798046e-06, 3.403039733342466e-08, 3.0529748397232016e-05, 2.808456492659839e-06, 0.9999265552557203, -0.012119574519825744, -0.14027863049977685, 6.90071364582285e-12, 0.012119574519873362, 0.9999265552596639, 2.963160272706489e-11, 0.0, 0.0, 0.0, 1.0]}, {"left_foot_pose": [0.9999999999967182, -2.562106873258479e-06, -1.9327100586559173e-08, 6.058400662354995e-05, 2.5621797689229607e-06, 0.9999715938119825, 0.007537344529711004, -4.504591651272559e-05, 1.5069148333489973e-11, -0.007537344529735985, 0.9999715938152649, 7.18367101915085e-11, 0.0, 0.0, 0.0, 1.0], "right_foot_pose": [0.9999999999960562, -2.8080829503763283e-06, 4.580918488985147e-08, 3.0529749678458064e-05, 2.808456575720702e-06, 0.9998668759892076, -0.01631656494777923, -0.14027863050287928, 1.518113242607713e-11, 0.016316564947843372, 0.9998668759931508, 6.654869016964327e-11, 0.0, 0.0, 0.0, 1.0]}, {"left_foot_pose": [0.999999999996718, -2.562175951823175e-06, -4.443739043353809e-09, 6.058400830397375e-05, 2.5621798055424244e-06, 0.9999985137142057, 0.0017241121818493015, -4.50459127986514e-05, 2.6253260102516016e-11, -0.0017241121818552308, 0.999998513717488, 1.245505781843903e-10, 0.0, 0.0, 0.0, 1.0], "right_foot_pose": [0.999999999996056, -2.807769309377333e-06, 6.213529601952346e-08, 3.052975140918032e-05, 2.8084567451447113e-06, 0.9997550179591909, -0.022133776395603398, -0.1402786305062768, 2.6463999206324248e-11, 0.022133776395690457, 0.9997550179631334, 1.1710871161696446e-10, 0.0, 0.0, 0.0, 1.0]}, {"left_foot_pose": [0.999999999996718, -2.5621389743467267e-06, 1.4489435540325802e-08, 6.058401038512902e-05, 2.562179944442139e-06, 0.9999839208158612, -0.005670811509265127, -4.5045907138312885e-05, 4.020439652008666e-11, 0.0056708115092834336, 0.9999839208191437, 1.9067227657876273e-10, 0.0, 0.0, 0.0, 1.0], "right_foot_pose": [0.999999999996056, -2.807232775171629e-06, 8.291654435279158e-08, 3.0529753559797995e-05, 2.8084570507691696e-06, 0.9995636484155624, -0.02953832693776577, -0.14027863050943948, 4.059588082931939e-11, 0.029538326937881998, 0.9995636484195043, 1.8050149569459606e-10, 0.0, 0.0, 0.0, 1.0]}, {"left_foot_pose": [0.9999999999967181, -2.561907045261519e-06, 3.741554432950437e-08, 6.058401289534184e-05, 2.562180249319092e-06, 0.9998930450243071, -0.014625269414784831, -4.504589895196025e-05, 5.703779851476381e-11, 0.014625269414832484, 0.9998930450275894, 2.7116020540063346e-10, 0.0, 0.0, 0.0, 1.0], "right_foot_pose": [0.9999999999960563, -2.8063763710966404e-06, 1.0809960604431653e-07, 3.052975615733057e-05, 2.8084575585338504e-06, 0.9992581654064342, -0.038511282251828614, -0.14027863051181072, 5.7738370061161155e-11, 0.038511282251980174, 0.9992581654103749, 2.573228852220666e-10, 0.0, 0.0, 0.0, 1.0]}, {"left_foot_pose": [0.9999999999967184, -2.5613726424384596e-06, 6.434790861269861e-08, 6.0584015913712664e-05, 2.562180802085283e-06, 0.9996838243637821, -0.025144607748755127, -4.5045887417886205e-05, 7.714676264644032e-11, 0.025144607748837255, 0.9996838243670639, 3.684232710576829e-10, 0.0, 0.0, 0.0, 1.0], "right_foot_pose": [0.9999999999960563, -2.805080084697153e-06, 1.377100741773066e-07, 3.052975928492264e-05, 2.808458356527376e-06, 0.9987957394615028, -0.04906190809235297, -0.1402786305127268, 7.834599229698823e-11, 0.04906190809254609, 0.9987957394654419, 3.4949441951592775e-10, 0.0, 0.0, 0.0, 1.0]}, {"left_foot_pose": [0.999999999996718, -2.560406290791087e-06, 9.536637762824101e-08, 6.058401955489598e-05, 2.562181709297081e-06, 0.9993055980952318, -0.03726018798888455, -4.504587147471928e-05, 1.010645293472078e-10, 0.03726018798900639, 0.9993055980985118, 4.857705279692759e-10, 0.0, 0.0, 0.0, 1.0], "right_foot_pose": [0.999999999996056, -2.8031969498583967e-06, 1.718486852264792e-07, 3.0529763066075894e-05, 2.808459559979726e-06, 0.9981239116100665, -0.06122627756391045, -0.14027863051130354, 1.0303247918343692e-10, 0.06122627756415145, 0.9981239116140027, 4.5967929462875645e-10, 0.0, 0.0, 0.0, 1.0]}, {"left_foot_pose": [0.9999999999967178, -2.5588535912317606e-06, 1.30577745838294e-07, 6.058402392469615e-05, 2.5621830992611432e-06, 0.9986979483270215, -0.05101380206213034, -4.504584998596406e-05, 1.2912355531937545e-10, 0.05101380206229726, 0.9986979483302995, 6.258996793073734e-10, 0.0, 0.0, 0.0, 1.0], "right_foot_pose": [0.9999999999960563, -2.8005503613451165e-06, 2.1064802568917105e-07, 3.052976761877519e-05, 2.8084613046980154e-06, 0.9971796415991745, -0.07505173130750958, -0.1402786305063481, 1.3223042959333748e-10, 0.07505173130780504, 0.9971796416031072, 5.897782054398171e-10, 0.0, 0.0, 0.0, 1.0]}, {"left_foot_pose": [0.999999999996718, -2.556538005038972e-06, 1.7001722807390875e-07, 6.058402899269152e-05, 2.5621850840840213e-06, 0.9977918282789024, -0.06641887844040584, -4.504582240740136e-05, 1.6058581994150112e-10, 0.06641887844062319, 0.9977918282821776, 7.867667142780199e-10, 0.0, 0.0, 0.0, 1.0], "right_foot_pose": [0.999999999996056, -2.796939239251138e-06, 2.5416384941136656e-07, 3.052977292225997e-05, 2.8084636980848288e-06, 0.9958911958412238, -0.09055786016713431, -0.14027863049645536, 1.652923061375401e-10, 0.09055786016749082, 0.9958911958451511, 7.37005394213508e-10, 0.0, 0.0, 0.0, 1.0]}, {"left_foot_pose": [0.9999999999967181, -2.55328318396565e-06, 2.134253790920182e-07, 6.058403424480928e-05, 2.5621876151243985e-06, 0.9965184452563726, -0.0833725869651317, -4.504579080755189e-05, 1.9149704083929768e-10, 0.08337258696540462, 0.9965184452596435, 9.507810164177677e-10, 0.0, 0.0, 0.0, 1.0], "right_foot_pose": [0.9999999999960563, -2.7921683105572606e-06, 3.0212756974014733e-07, 3.052977845067929e-05, 2.8084666463980032e-06, 0.9941891155265127, -0.10764758502039457, -0.1402786304807775, 1.9823401699252144e-10, 0.10764758502081839, 0.9941891155304338, 8.839493026435719e-10, 0.0, 0.0, 0.0, 1.0]}, {"left_foot_pose": [0.9999999999967178, -2.5489899195931675e-06, 2.5974684159107305e-07, 6.058403783476698e-05, 2.5621900768148573e-06, 0.9948397845171132, -0.1014583812968649, -4.504576492381403e-05, 2.0989889063009107e-10, 0.10145838129719716, 0.9948397845203787, 1.0594515126305382e-09, 0.0, 0.0, 0.0, 1.0], "right_foot_pose": [0.9999999999960563, -2.786147392494241e-06, 3.533879183170898e-07, 3.0529782273953614e-05, 2.8084693813692205e-06, 0.9920421013323595, -0.12590658908964705, -0.14027863046166775, 2.1862161520466255e-10, 0.1259065890901428, 0.992042101336272, 9.758854696562125e-10, 0.0, 0.0, 0.0, 1.0]}, {"left_foot_pose": [0.9999999999967182, -2.5438523436724365e-06, 3.0599882644426914e-07, 6.058403504648474e-05, 2.562190468047991e-06, 0.9928340218019333, -0.11950148595743232, -4.5045771168941706e-05, 1.8808935022082547e-10, 0.11950148595782388, 0.9928340218051922, 9.691995747629356e-10, 0.0, 0.0, 0.0, 1.0], "right_foot_pose": [0.999999999996056, -2.7791655839552475e-06, 4.046477321551124e-07, 3.052977942622658e-05, 2.808469528342848e-06, 0.989555748529943, -0.1441506869336968, -0.1402786304507074, 1.971383731001208e-10, 0.14415068693426455, 0.9895557485338456, 8.826821148999464e-10, 0.0, 0.0, 0.0, 1.0]}, {"left_foot_pose": [0.9999999999967106, -2.5406397519975924e-06, 3.533573198489167e-07, 6.0031962511037555e-05, 2.565094864876291e-06, 0.9904509023126186, -0.13786591348676722, -4.929889627389161e-05, 2.845436006740048e-10, 0.13786591348721988, 0.9904509023158773, 0.0031200120145049096, 0.0, 0.0, 0.0, 1.0], "right_foot_pose": [0.9999999999960562, -2.7722473618826037e-06, 4.4958519107575875e-07, 3.052980339239011e-05, 2.80846617587757e-06, 0.9870958764548516, -0.16013035526701708, -0.14027863075059738, 1.3726648250924685e-10, 0.16013035526764813, 0.9870958764587442, 5.456287852090291e-10, 0.0, 0.0, 0.0, 1.0]}, {"left_foot_pose": [0.99999999999668, -2.5435163088519328e-06, 4.1395124678050057e-07, 5.781270803735657e-05, 2.576980928613391e-06, 0.9869903883958462, -0.1607792685876418, -6.634998450461005e-05, 3.787897184952731e-10, 0.16077926858817446, 0.9869903883991233, 0.013455583356344274, 0.0, 0.0, 0.0, 1.0], "right_foot_pose": [0.999999999996056, -2.766231292404033e-06, 4.852048454129411e-07, 3.0529847059050125e-05, 2.8084620879939103e-06, 0.9849583101716566, -0.17279215033070106, -0.14027863082795547, 7.650848943763115e-11, 0.17279215033138212, 0.984958310175541, 3.3256213755050723e-10, 0.0, 0.0, 0.0, 1.0]}, {"left_foot_pose": [0.9999999999966298, -2.552355436559769e-06, 4.759098280460636e-07, 5.429608871639512e-05, 2.5963451967631386e-06, 0.983039729591408, -0.18339272078823593, -9.331721957816022e-05, 2.4513913180977636e-10, 0.18339272078885316, 0.9830397295947213, 0.024664272008632263, 0.0, 0.0, 0.0, 1.0], "right_foot_pose": [0.9999999999960559, -2.761915045555729e-06, 5.091793420786319e-07, 3.052981373230774e-05, 2.8084583531161925e-06, 0.9834257981292012, -0.18131105748424883, -0.14027863065455484, 2.5636546522548237e-11, 0.1813110574849636, 0.9834257981330795, 1.180011990897789e-10, 0.0, 0.0, 0.0, 1.0]}, {"left_foot_pose": [0.9999999999965649, -2.571171818468668e-06, 5.105757151513861e-07, 4.9921294632093264e-05, 2.621375990300257e-06, 0.980849276722661, -0.19476831453232388, -0.00012684746499868824, -1.5019371396773013e-11, 0.19476831453299284, 0.9808492767260311, 0.02999912292612491, 0.0, 0.0, 0.0, 1.0], "right_foot_pose": [0.9999999999960563, -2.7600389534769676e-06, 5.192425488465171e-07, 3.052974929227506e-05, 2.8084564888168557e-06, 0.9827600661303021, -0.1848855116326774, -0.1402786304969125, 3.7212536847794624e-13, 0.18488551163340633, 0.9827600661341782, 3.1280533718813786e-12, 0.0, 0.0, 0.0, 1.0]}, {"left_foot_pose": [0.9999999999964884, -2.6006428999084284e-06, 5.10596458669401e-07, 4.5131955952318497e-05, 2.650292858994078e-06, 0.9812662655971555, -0.19265647145629394, -0.00016359001312829524, -3.957013514154088e-13, 0.19265647145697046, 0.9812662656006017, 0.030000000064716467, 0.0, 0.0, 0.0, 1.0], "right_foot_pose": [0.9999999999960563, -2.760857039279463e-06, 5.148794949838733e-07, 3.0529754891952197e-05, 2.8084573142200535e-06, 0.9830504164242465, -0.18333542690988155, -0.1402786304891909, 1.0401920055776481e-11, 0.18333542691060434, 0.9830504164281233, 4.62580668214585e-11, 0.0, 0.0, 0.0, 1.0]}, {"left_foot_pose": [0.999999999996406, -2.6352110662674285e-06, 4.948222637746662e-07, 4.036318909965327e-05, 2.68126582597366e-06, 0.9828170029113416, -0.18458260693028444, -0.00020017491734356657, 9.43939495939432e-11, 0.18458260693094744, 0.9828170029148745, 0.029930143838890914, 0.0, 0.0, 0.0, 1.0], "right_foot_pose": [0.9999999999960563, -2.7641961725921046e-06, 4.966606833578704e-07, 3.0529760338733474e-05, 2.8084608440073897e-06, 0.9842353337552485, -0.176863811391159, -0.1402786305008431, 5.527701394860367e-11, 0.1768638113918561, 0.9842353337591301, 2.3810989291384033e-10, 0.0, 0.0, 0.0, 1.0]}, {"left_foot_pose": [0.9999999999963214, -2.6766399617542375e-06, 4.395915533251182e-07, 3.6055794295129926e-05, 2.712497360479758e-06, 0.9867484571432622, -0.16225745689500734, -0.00023325056684450965, 5.385063620767651e-10, 0.16225745689560261, 0.9867484571468923, 0.0237548402043449, 0.0, 0.0, 0.0, 1.0], "right_foot_pose": [0.9999999999960563, -2.770118575182293e-06, 4.625302427174918e-07, 3.0529755700997614e-05, 2.8084677537874096e-06, 0.9863363863911851, -0.16474384016676225, -0.14027863086343026, 1.495635257893026e-10, 0.1647438401674114, 0.9863363863950748, 6.952913383928561e-10, 0.0, 0.0, 0.0, 1.0]}, {"left_foot_pose": [0.9999999999962408, -2.718691728134553e-06, 3.5766553285748294e-07, 3.264377439752262e-05, 2.7421175968983156e-06, 0.9914256675338025, -0.1306719011403588, -0.0002594366344597955, 6.578269884894965e-10, 0.13067190114084812, 0.99142566753753, 0.012340706338394201, 0.0, 0.0, 0.0, 1.0], "right_foot_pose": [0.999999999996056, -2.7780825375601736e-06, 4.120588927292347e-07, 3.052978094328738e-05, 2.808475572194084e-06, 0.9891635503046531, -0.14681781479373124, -0.14027863109377545, 2.783699770230959e-10, 0.14681781479430933, 0.9891635503085543, 1.2819443215295045e-09, 0.0, 0.0, 0.0, 1.0]}, {"left_foot_pose": [0.9999999999961686, -2.7548026866173812e-06, 2.7332642849048066e-07, 3.0564015850175536e-05, 2.7683288911959675e-06, 0.995093389907665, -0.09894010993731972, -0.0002753654564582684, 5.751581882551421e-10, 0.09894010993769703, 0.9950933899114783, 0.0024346986602494444, 0.0, 0.0, 0.0, 1.0], "right_foot_pose": [0.9999999999960559, -2.7870972291757246e-06, 3.45920130706574e-07, 3.0529795300698865e-05, 2.8084820654607333e-06, 0.9923664812486245, -0.12332382935319536, -0.14027863089554948, 4.3596012520407704e-10, 0.12332382935368034, 0.9923664812525382, 1.9328101341642423e-09, 0.0, 0.0, 0.0, 1.0]}, {"left_foot_pose": [0.9999999999961102, -2.7827825015381876e-06, 1.9109672405598135e-07, 3.0136750725375363e-05, 2.789336129198676e-06, 0.9976355003643196, -0.06872705729953937, -0.0002786300558726036, 6.075762321517029e-10, 0.06872705729980483, 0.997635500368201, 2.8968673501661435e-09, 0.0, 0.0, 0.0, 1.0], "right_foot_pose": [0.999999999996056, -2.796012999230206e-06, 2.6438669042951443e-07, 3.0529860945271284e-05, 2.8084851112122734e-06, 0.9955380327830312, -0.09436114282163377, -0.140278630434213, 6.279761802121563e-10, 0.09436114282200402, 0.9955380327869576, 2.810415053455806e-09, 0.0, 0.0, 0.0, 1.0]}, {"left_foot_pose": [0.9999999999960709, -2.8016917050473225e-06, 9.553072338746948e-08, 3.0136785790823612e-05, 2.8033197908040417e-06, 0.9994091067503109, -0.03437204295190892, -0.00027863002412373966, 8.255925491566915e-10, 0.034372042952041444, 0.999409106754238, 3.844252471907339e-09, 0.0, 0.0, 0.0, 1.0], "right_foot_pose": [0.9999999999960563, -2.8035031493831725e-06, 1.671453385143806e-07, 3.052986869926958e-05, 2.808481220964248e-06, 0.9982096087365284, -0.05981284994195996, -0.14027863054727094, 8.394301854929235e-10, 0.05981284994219334, 0.9982096087404654, 3.7953120785028105e-09, 0.0, 0.0, 0.0, 1.0]}, {"left_foot_pose": [0.9999999999960566, -2.80842433561992e-06, -1.2948098204681053e-08, 3.013678973339839e-05, 2.808454022217884e-06, 0.9999908796431874, 0.004270904185028773, -0.0002786301173347966, 9.534686502131324e-10, -0.0042709041850484955, 0.9999908796471312, 4.359846865475969e-09, 0.0, 0.0, 0.0, 1.0], "right_foot_pose": [0.999999999996056, -2.8078627320660285e-06, 5.823831877862047e-08, 3.0529847133140835e-05, 2.808466469686716e-06, 0.9997778589950663, -0.02107682744992503, -0.14027863072354288, 9.554566491064738e-10, 0.021076827450005307, 0.9997778589990092, 4.394341106273014e-09, 0.0, 0.0, 0.0, 1.0]}, {"left_foot_pose": [0.9999999999960567, -2.805676464388398e-06, -1.244835330371249e-07, 3.013675541441367e-05, 2.8084365239507556e-06, 0.9990317997780206, 0.04399389758139907, -0.00027863029358530904, 9.303646786916997e-10, -0.04399389758157538, 0.9990317997819602, 4.206844171628088e-09, 0.0, 0.0, 0.0, 1.0], "right_foot_pose": [0.9999999999960563, -2.807944692304556e-06, -5.3165315538877085e-08, 3.0529796323218424e-05, 2.80844780983917e-06, 0.9998269467400172, 0.01860313319436851, -0.14027863087426962, 9.195459179591554e-10, -0.018603133194444614, 0.99982694674396, 4.335405139055393e-09, 0.0, 0.0, 0.0, 1.0]}, {"left_foot_pose": [0.9999999999960569, -2.7990203340592018e-06, -2.2965818990966704e-07, 3.013669398484775e-05, 2.8084260927179873e-06, 0.9966733243294338, 0.08150021203793832, -0.00027863045355349184, 7.734406631799604e-10, -0.08150021203826209, 0.9966733243333642, 3.4884391347800303e-09, 0.0, 0.0, 0.0, 1.0], "right_foot_pose": [0.9999999999960562, -2.8039953898807193e-06, -1.578598399220972e-07, 3.052973281990129e-05, 2.808435384069713e-06, 0.99843408047901, 0.055940923572515844, -0.14027863091689147, 7.545522437768554e-10, -0.05594092357273872, 0.9984340804829472, 3.6755159402157567e-09, 0.0, 0.0, 0.0, 1.0]}, {"left_foot_pose": [0.9999999999960567, -2.790030004646191e-06, -3.2092774127074007e-07, 3.01367030263005e-05, 2.8084269151110257e-06, 0.9934718649374947, 0.11407740166102079, -0.00027863019266503603, 5.533078143475758e-10, -0.1140774016614724, 0.9934718649414126, 2.4565645073693076e-09, 0.0, 0.0, 0.0, 1.0], "right_foot_pose": [0.9999999999368117, -1.1196338316498791e-05, -1.0089268857593072e-06, 0.0002835224060614548, 1.124170225329504e-05, 0.9960237692932468, 0.08908788288256304, -0.14027904629517032, 7.457083049836214e-09, -0.08908788288827597, 0.9960237693561759, 0.00149263301035054, 0.0, 0.0, 0.0, 1.0]}, {"left_foot_pose": [0.9999999999960566, -2.7804882679695035e-06, -3.952055200317519e-07, 3.0136746175427972e-05, 2.8084341348904976e-06, 0.9900668590541405, 0.1405973491740956, -0.00027863002411405383, 3.5060769246071104e-10, -0.1405973491746512, 0.9900668590580447, 1.5376919737519756e-09, 0.0, 0.0, 0.0, 1.0], "right_foot_pose": [0.9999999984653611, -5.499329808969269e-05, -6.709321103248367e-06, 0.0016082814721154629, 5.540105889377145e-05, 0.9926884517916603, 0.12070474145699102, -0.1402812446272911, 2.231375068146379e-08, -0.12070474164345647, 0.992688453314929, 0.008350308132367715, 0.0, 0.0, 0.0, 1.0]}, {"left_foot_pose": [0.9999999999960567, -2.7719159732395103e-06, -4.514822522505039e-07, 3.0136736748356164e-05, 2.8084434040720054e-06, 0.9870043382476794, 0.16069360993011955, -0.00027863012482777505, 1.8575724709258907e-10, -0.16069360993075393, 0.9870043382515722, 8.318961075559628e-10, 0.0, 0.0, 0.0, 1.0], "right_foot_pose": [0.9999999914378866, -0.00012935873797145523, -1.9762167132896408e-05, 0.003871999026533583, 0.00013085956115620157, 0.9885770049432903, 0.15071658227656667, -0.140285010824155, 3.9917120694773254e-08, -0.15071658357218293, 0.9885770134068096, 0.017687052250202853, 0.0, 0.0, 0.0, 1.0]}, {"left_foot_pose": [0.9999999999960567, -2.7654925151892954e-06, -4.893375446512497e-07, 3.01366631314127e-05, 2.808451545131399e-06, 0.9847079186437241, 0.17421341783128486, -0.00027863033866051996, 6.865206412158767e-11, -0.17421341783197217, 0.9847079186476076, 3.5574387879933056e-10, 0.0, 0.0, 0.0, 1.0], "right_foot_pose": [0.9999999734930408, -0.0002266532221967116, -4.0524487356139874e-05, 0.006853594664607437, 0.0002302475059319157, 0.9844327675216605, 0.1757614099161984, -0.14028997716917796, 5.6743345132630915e-08, -0.1757614145879603, 0.9844327936136807, 0.026048416193883595, 0.0, 0.0, 0.0, 1.0]}, {"left_foot_pose": [0.9999999999960567, -2.7620639842418343e-06, -5.083593414000913e-07, 3.0136537448143333e-05, 2.8084562796433747e-06, 0.9834816448159521, 0.18100788464103715, -0.0002786304799912648, 6.722146094249288e-12, -0.18100788464175116, 0.9834816448198306, 1.4840290801787503e-10, 0.0, 0.0, 0.0, 1.0], "right_foot_pose": [0.9999999400745765, -0.00033993346705419984, -6.554449524931167e-05, 0.010331990172920913, 0.0003461947981448126, 0.9819509191862555, 0.18913559278578185, -0.14029577017485403, 6.795955873280091e-08, -0.18913560414291494, 0.9819509780256295, 0.029979954604036893, 0.0, 0.0, 0.0, 1.0]}, {"left_foot_pose": [0.9999999999960567, -2.761969885367187e-06, -5.088709955635732e-07, 3.0136550106739625e-05, 2.8084563980127664e-06, 0.9834479654183391, 0.18119078151672807, -0.0002786304637523787, 4.663069134121338e-12, -0.18119078151744278, 0.9834479654222178, 1.7261646972910327e-10, 0.0, 0.0, 0.0, 1.0], "right_foot_pose": [0.9999998889233055, -0.0004627838030726708, -8.935618723343194e-05, 0.014086085445910595, 0.0004713314879402019, 0.9818932913904002, 0.1894342687296973, -0.14030201652020205, 7.112947361591327e-08, -0.1894342898043497, 0.9818934004495175, 0.030000002176171013, 0.0, 0.0, 0.0, 1.0]}, {"left_foot_pose": [0.9999999999960569, -2.765059053249186e-06, -4.917857105434822e-07, 3.0136591158450138e-05, 2.8084523765924796e-06, 0.9845525048981367, 0.1750895916121748, -0.0002786304632677516, 5.579250860607343e-11, -0.17508959161286558, 0.9845525049020195, 4.441612633243608e-10, 0.0, 0.0, 0.0, 1.0], "right_foot_pose": [0.9999998210255654, -0.0005882590955655424, -0.00010908745476350727, 0.01789480084112533, 0.0005982882513888871, 0.9832572907181983, 0.18222168449632015, -0.14030835381369466, 6.747190771661873e-08, -0.18222171714904, 0.9832574666887866, 0.0300000021508336, 0.0, 0.0, 0.0, 1.0]}, {"left_foot_pose": [0.9999999999960567, -2.7710805867897317e-06, -4.5658751141036916e-07, 3.013651686372806e-05, 2.808444364402481e-06, 0.986705586285041, 0.16251795588797874, -0.0002786303176144549, 1.6709521248703066e-10, -0.16251795588862025, 0.9867055862889322, 9.983013721237555e-10, 0.0, 0.0, 0.0, 1.0], "right_foot_pose": [0.9999997410190715, -0.0007097380738439974, -0.00011930488711397395, 0.021537056019274303, 0.0007196956205873324, 0.986177115714069, 0.1656930248383843, -0.1403144104242287, 5.7101166396134965e-08, -0.16569306779025583, 0.9861773711083875, 0.0287597371091717, 0.0, 0.0, 0.0, 1.0]}, {"left_foot_pose": [0.9999999999960568, -2.7794979373287892e-06, -4.0211362628545187e-07, 3.0136406706149557e-05, 2.80843444675565e-06, 0.9897136101874083, 0.14306281767783127, -0.0002786300309710341, 3.3452175744424045e-10, -0.14306281767839651, 0.9897136101913114, 1.8544041927026633e-09, 0.0, 0.0, 0.0, 1.0], "right_foot_pose": [0.9999996570553098, -0.0008205067118019583, -0.00011250777153564559, 0.02479175584070295, 0.0008281843159127635, 0.9907359039683702, 0.13580015721167243, -0.14031981822744571, 4.0548279804144294e-08, -0.1358002038169016, 0.9907362437315425, 0.02215548234819166, 0.0, 0.0, 0.0, 1.0]}, {"left_foot_pose": [0.9999999999960569, -2.789838617205278e-06, -3.225890641833115e-07, 3.0136342192514217e-05, 2.808427126320463e-06, 0.9934032411193747, 0.11467345170367538, -0.0002786298402377013, 5.40597586627872e-10, -0.1146734517041293, 0.9934032411232924, 2.95838274017024e-09, 0.0, 0.0, 0.0, 1.0], "right_foot_pose": [0.9999995801187491, -0.0009120700256109675, -8.882901348216487e-05, 0.027437819937480953, 0.0009163854673398308, 0.995292753888626, 0.09690972239393658, -0.140324218520517, 2.2420468168305422e-08, -0.09690976310497831, 0.9952931717915764, 0.012868945160524434, 0.0, 0.0, 0.0, 1.0]}, {"left_foot_pose": [0.9999999999960569, -2.7988007276914923e-06, -2.323251944713074e-07, 3.013633155654475e-05, 2.808426596826773e-06, 0.9965945032252641, 0.08245845095139005, -0.00027862989277163165, 7.492390129137289e-10, -0.08245845095171753, 0.996594503229194, 4.147990353975395e-09, 0.0, 0.0, 0.0, 1.0], "right_foot_pose": [0.9999995228038732, -0.0009752358596262855, -5.750690458838169e-05, 0.02925416951136559, 0.0009769298981521285, 0.9982659950906735, 0.058856169205968305, -0.14032724471547375, 8.540563383435953e-09, -0.05885619730024692, 0.9982664714590759, 0.004354571550014237, 0.0, 0.0, 0.0, 1.0]}, {"left_foot_pose": [0.9999999999960569, -2.8054838479902616e-06, -1.2875446031562932e-07, 3.0136411369119383e-05, 2.8084366704347167e-06, 0.998963109182651, 0.045526986329481725, -0.0002786303068306236, 8.957309785641279e-10, -0.04552698632966399, 0.9989631091865903, 5.108186033886408e-09, 0.0, 0.0, 0.0, 1.0], "right_foot_pose": [0.9999994975489346, -0.0010022365937903425, -2.058368570916726e-05, 0.03001971969456359, 0.0010024479428122118, 0.9997886899871844, 0.020532181370508495, -0.14032852727352244, 1.2326503297366008e-09, -0.020532191688165648, 0.9997891923323039, 6.681951139592829e-05, 0.0, 0.0, 0.0, 1.0]}, {"left_foot_pose": [0.9999999999960566, -2.808389897827098e-06, -1.9037174725457583e-08, 3.0136240797306693e-05, 2.808454269284727e-06, 0.999979198685153, 0.006449975900210238, -0.0002786302987764829, 9.227312713358161e-10, -0.006449975900238466, 0.9999791986890963, 5.435416172705487e-09, 0.0, 0.0, 0.0, 1.0], "right_foot_pose": [0.9999994971876343, -0.001002636109683093, 1.858251527848299e-05, 0.030030530502456937, 0.0010028082958939766, 0.9998277761265941, -0.018531391239475586, -0.14032854665839178, 9.270934227185423e-10, 0.018531400556363247, 0.9998282788526336, 5.235256797520016e-09, 0.0, 0.0, 0.0, 1.0]}, {"left_foot_pose": [0.9999999999960565, -2.8070831408106906e-06, 8.826623765228831e-08, 3.013613123217564e-05, 2.8084704083453172e-06, 0.999496898327928, -0.03171671838265222, -0.0002786302344500464, 8.096345099356146e-10, 0.031716718382774824, 0.9994968983318699, 5.035361176630726e-09, 0.0, 0.0, 0.0, 1.0], "right_foot_pose": [0.9999994971876194, -0.001001188781678655, 5.6969566551941405e-05, 0.030030530281607088, 0.001002808310731276, 0.998384457645329, -0.056810818580038634, -0.1403285465046276, 8.244360936351447e-10, 0.05681084714441034, 0.9983849596456943, 4.6710339415834135e-09, 0.0, 0.0, 0.0, 1.0]}, {"left_foot_pose": [0.9999999999008219, -1.4052467504648197e-05, 9.408078753827996e-07, 0.00036760742168934283, 1.4083923587130795e-05, 0.9978026086327766, -0.06625672801512393, -0.0002784651929657704, -7.670035222161975e-09, 0.06625672802180273, 0.9978026087317301, 0.0010091446361344958, 0.0, 0.0, 0.0, 1.0], "right_foot_pose": [0.9999994971876152, -0.0009986334939605776, 9.140930481766481e-05, 0.03003053032255678, 0.0010028083148173946, 0.995836313527115, -0.09115388656667014, -0.14032854670951134, 6.190982494263711e-10, 0.09115393239937786, 0.9958368142462545, 3.6220746679749283e-09, 0.0, 0.0, 0.0, 1.0]}, {"left_foot_pose": [0.9999999955755281, -9.360603063926044e-05, 9.319627394368108e-06, 0.0027615290709270233, 9.406882246137894e-05, 0.9951145724952605, -0.09872678845496978, -0.00027726781549533737, -3.267424559967192e-08, 0.098726788894842, 0.995114576897813, 0.007348054940179774, 0.0, 0.0, 0.0, 1.0], "right_foot_pose": [0.9999994971876194, -0.0009955832869999305, 0.00012016000431214887, 0.030030530441152854, 0.0010028083106904573, 0.992794661118113, -0.11982385084307422, -0.14032854692068042, 4.125221716190308e-10, 0.1198239110916093, 0.9927951603078603, 2.543146797318041e-09, 0.0, 0.0, 0.0, 1.0]}, {"left_foot_pose": [0.9999999715860673, -0.00023636490329403438, 3.097574819633142e-05, 0.007080878913259336, 0.00023838594812209773, 0.9915572858329587, -0.12966916396629075, -0.0002750972669531976, -6.498940728125457e-08, 0.1296691676660628, 0.9915573140049883, 0.01657244237896504, 0.0, 0.0, 0.0, 1.0], "right_foot_pose": [0.9999994971876272, -0.000992613323767532, 0.00014262987722935667, 0.030030530377525854, 0.0010028083029170096, 0.9898330401325363, -0.14223061216731267, -0.1403285468004261, 2.3569317973157233e-10, 0.14223068368242606, 0.9898335378331196, 1.6110141484726448e-09, 0.0, 0.0, 0.0, 1.0]}, {"left_foot_pose": [0.9999999065600611, -0.00042695601487853605, 6.773795893828245e-05, 0.012884522900791744, 0.0004322960329043289, 0.9876827894364897, -0.15646891247495748, -0.0002721748208807419, -9.827291229866884e-08, 0.15646892713736252, 0.9876828817188613, 0.025227855972301975, 0.0, 0.0, 0.0, 1.0], "right_foot_pose": [0.9999994971876355, -0.0009901899444792735, 0.00015858231361932202, 0.03003053016337437, 0.0010028082949102629, 0.9874164737370822, -0.1581382362622966, -0.14032854652234833, 1.0247329407283633e-10, 0.1581383157760954, 0.98741697022256, 9.163996436689636e-10, 0.0, 0.0, 0.0, 1.0]}, {"left_foot_pose": [0.9999997815003797, -0.0006510579424997533, 0.00011455456969951094, 0.01973134097683656, 0.000661059134101207, 0.9849029769227059, -0.17310600523844946, -0.00026872645139222606, -1.2309711243890313e-07, 0.17310604314219735, 0.9849031921095787, 0.029859848791982252, 0.0, 0.0, 0.0, 1.0], "right_foot_pose": [0.9999994971876411, -0.0009886581517694578, 0.000167867578288967, 0.030030529841142798, 0.0010028082892063685, 0.9858889897209974, -0.16739741432425556, -0.1403285463000321, 2.109032049689134e-11, 0.1673974984937656, 0.9858894854384188, 5.276828696221258e-10, 0.0, 0.0, 0.0, 1.0]}, {"left_foot_pose": [0.9999995860087768, -0.000895634757328902, 0.00016068807476140004, 0.027180182907532265, 0.0009099353045364099, 0.9843092150370146, -0.17644982632736939, -0.00026498089649855394, -1.3215535089811206e-07, 0.17644989949444184, 0.9843096225113237, 0.03000000965909133, 0.0, 0.0, 0.0, 1.0], "right_foot_pose": [0.9999994971876429, -0.0009882039773753866, 0.00017052085080072137, 0.030030529795197065, 0.0010028082874899095, 0.9854360929302994, -0.17004323310795233, -0.14032854631028088, -1.6932611558904427e-12, 0.17004331860783567, 0.9854365884199928, 4.144728033006473e-10, 0.0, 0.0, 0.0, 1.0]}, {"left_foot_pose": [0.9999993223355832, -0.0011467984481513503, 0.0002004537210878656, 0.03478990650577314, 0.0011641857062554962, 0.9850830973630099, -0.17207537871915665, -0.000261154574400322, -1.2779516717222944e-07, 0.17207549547515213, 0.985083764893608, 0.03000000956349818, 0.0, 0.0, 0.0, 1.0], "right_foot_pose": [0.9999994971876403, -0.0009888258865360438, 0.00016687669734283888, 0.030030529833906406, 0.00100280828975429, 0.9860562529322752, -0.1664093159312152, -0.14032854633334546, 2.8469907466201224e-11, 0.1664093996038897, 0.9860567487338002, 5.481887305203159e-10, 0.0, 0.0, 0.0, 1.0]}, {"left_foot_pose": [0.9999990072589194, -0.0013922444589428472, 0.00021710951901934413, 0.0421193871022456, 0.001409071029216925, 0.9880690465729589, -0.15400510940627712, -0.00025747150300507726, -1.0643523991488453e-07, 0.15400526244181154, 0.9880700274475582, 0.029200058621179102, 0.0, 0.0, 0.0, 1.0], "right_foot_pose": [0.9999994971876331, -0.0009911307645548164, 0.00015259190047429205, 0.030030529747592707, 0.0010028082970027215, 0.9883546524387883, -0.15216463248114462, -0.1403285464674244, 1.3377086497886243e-10, 0.1521647089913093, 0.9883551493960004, 1.068655310076938e-09, 0.0, 0.0, 0.0, 1.0]}, {"left_foot_pose": [0.9999986717882445, -0.0016167113237740894, 0.00020655808670574872, 0.048727471627956515, 0.001629853288468094, 0.9919412566815619, -0.1266881481089013, -0.0002541559521576607, -7.53244691729162e-08, 0.1266883164995904, 0.991942574175791, 0.02313847385152288, 0.0, 0.0, 0.0, 1.0], "right_foot_pose": [0.9999994971876247, -0.000993724964394621, 0.00013466697210207698, 0.030030529598195802, 0.0010028083058273305, 0.9909415592417976, -0.13429006122173504, -0.14032854675224504, 2.86992841862929e-10, 0.13429012874418825, 0.9909420574997662, 1.8566855691792838e-09, 0.0, 0.0, 0.0, 1.0]}, {"left_foot_pose": [0.9999983586993662, -0.0018040699547758347, 0.0001671232259145319, 0.054173016339426, 0.0018117942964391404, 0.9957371334306028, -0.09221864512577872, -0.0002514206204051062, -4.1914960469159144e-08, 0.0922187965601653, 0.9957387677302686, 0.01398820056940945, 0.0, 0.0, 0.0, 1.0], "right_foot_pose": [0.9999994971876172, -0.0009967507939956616, 0.0001100562016335185, 0.0300305295330345, 0.0010028083131131916, 0.993958892174459, -0.10974841704010894, -0.14032854693527602, 4.815716693274257e-10, 0.10974847222251959, 0.9939593919496023, 2.909123497651933e-09, 0.0, 0.0, 0.0, 1.0]}, {"left_foot_pose": [0.9999981178963221, -0.0019371675946409524, 0.00010763607348766185, 0.05801489835315711, 0.0019401556158777497, 0.9984584533722194, -0.05547028651217064, -0.00024948554111011573, -1.4905965018703877e-08, 0.0554703909420726, 0.9984603325764798, 0.005203685466151277, 0.0, 0.0, 0.0, 1.0], "right_foot_pose": [0.9999994971876156, -0.0009996753520345443, 7.920673024758851e-05, 0.030030529530930133, 0.0010028083144756768, 0.9968752555165536, -0.0789855639613354, -0.14032854689695928, 6.92004418719271e-10, 0.07898560367558319, 0.9968757567580845, 4.1332774425306695e-09, 0.0, 0.0, 0.0, 1.0]}, {"left_foot_pose": [0.9999979996016164, -0.0019998731026067184, 3.606023491857031e-05, 0.05981198474060872, 0.0020001981819493496, 0.9998354786372006, -0.01802816866889724, -0.0002485738833745456, -2.526296258255705e-10, 0.018028204732993883, 0.9998374787104682, 0.00023938514921757054, 0.0, 0.0, 0.0, 1.0], "right_foot_pose": [0.9999994971876243, -0.0010018748573952868, 4.325816131284774e-05, 0.030030529625939353, 0.0010028083059091522, 0.9990686264341254, -0.04313784939622749, -0.14032854651645563, 8.54907136706484e-10, 0.04313787108562627, 0.9990691287784843, 5.235446465245985e-09, 0.0, 0.0, 0.0, 1.0]}, {"left_foot_pose": [0.9999979943798305, -0.0020023920105174467, -4.0774429104513816e-05, 0.059890072290784614, 0.002002807109497421, 0.9997907453773949, 0.0203581487713441, -0.0002485320072853469, 9.024179923059414e-10, -0.02035818960394699, 0.9997927505818649, 5.495002168565133e-09, 0.0, 0.0, 0.0, 1.0], "right_foot_pose": [0.999999497187641, -0.001002797057467893, 4.746238974678312e-06, 0.03003052954622129, 0.0010028082893803682, 0.9999882924911486, -0.004733841587091544, -0.14032854644887746, 8.990057510392497e-10, 0.004733843966425114, 0.9999887952978781, 5.6374130155689706e-09, 0.0, 0.0, 0.0, 1.0]}, {"left_foot_pose": [0.9999979943798598, -0.001999396768984323, -0.00011682816063314951, 0.05989007202313926, 0.0020028070947903163, 0.9982952486640689, 0.058331683144639664, -0.00024853213889377244, 8.188611178170368e-10, -0.0583318001377103, 0.998297250869046, 4.958818120015529e-09, 0.0, 0.0, 0.0, 1.0], "right_foot_pose": [0.9999994971876568, -0.0010022570130981008, -3.324625364053511e-05, 0.0300305293969951, 0.001002808273642035, 0.9994498072903503, 0.03315233148435051, -0.14032854650216764, 8.050632363628272e-10, -0.03315234815456739, 0.9994503098262757, 5.291400213824904e-09, 0.0, 0.0, 0.0, 1.0]}, {"left_foot_pose": [0.9999979943798686, -0.0019941792118506802, -0.00018570275210501744, 0.05989007194887051, 0.0020028070903403664, 0.9956901390200449, 0.09272074105615995, -0.00024853197920919785, 6.247379452780165e-10, -0.09272092702036384, 0.995692136000122, 3.899330414114388e-09, 0.0, 0.0, 0.0, 1.0], "right_foot_pose": [0.9999994903667186, -0.0010072770174244258, -6.825916018099009e-05, 0.03023436983058455, 0.001009587194216974, 0.9977117412553392, 0.0676037136179355, -0.140328236543292, 7.298540699115638e-09, -0.06760374807840729, 0.9977122497222088, 0.000613406504486165, 0.0, 0.0, 0.0, 1.0]}, {"left_foot_pose": [0.9999979943798608, -0.0019879454493970743, -0.000243534694373289, 0.05989007209340933, 0.0020028070943410897, 0.9925776272776453, 0.12159622770309678, -0.00024853171879238474, 4.215743372523793e-10, -0.12159647158026739, 0.9925796180152151, 2.790619069159561e-09, 0.0, 0.0, 0.0, 1.0], "right_foot_pose": [0.9999994156818939, -0.00107562595870778, -0.00010800309119540259, 0.032382771838432196, 0.0010810346292904306, 0.994999146804632, 0.09987757116682719, -0.14032500113902316, 3.207535203066219e-08, -0.09987762956163575, 0.9949997281975245, 0.006385738271896646, 0.0, 0.0, 0.0, 1.0]}, {"left_foot_pose": [0.9999979943798449, -0.0019818438349615895, -0.0002890178234456102, 0.05989007204326514, 0.002002807102155772, 0.9895310902955755, 0.1443059600368675, -0.00024853180624877496, 2.447014271697633e-10, -0.14430624946087509, 0.9895330749229844, 1.8127288628488891e-09, 0.0, 0.0, 0.0, 1.0], "right_foot_pose": [0.9999992575697896, -0.0012080681603409836, -0.00015947159315653935, 0.03651775143982687, 0.001218548261212216, 0.9914056993603595, 0.13081763801541263, -0.14031878508193588, 6.44230437981666e-08, -0.13081773521627887, 0.991406435400174, 0.015449954798001625, 0.0, 0.0, 0.0, 1.0]}, {"left_foot_pose": [0.9999979943798287, -0.0019768135985667166, -0.0003216276072444861, 0.059890071831205836, 0.0020028071103381988, 0.9870194894056349, 0.16058803285774284, -0.0002485320740640328, 1.095606435628289e-10, -0.16058835493720355, 0.987021468995768, 1.0672774886089087e-09, 0.0, 0.0, 0.0, 1.0], "right_foot_pose": [0.999999009627788, -0.0013896705885038593, -0.00022261872907041404, 0.042196109640875445, 0.001407388870733382, 0.9874205701131786, 0.15810957268278075, -0.14031025535448496, 9.808945845562313e-08, -0.15810972940657536, 0.987421548006205, 0.024351602865726733, 0.0, 0.0, 0.0, 1.0]}, {"left_foot_pose": [0.9999979943798167, -0.001973555959966138, -0.00034104723736845955, 0.05989007149851159, 0.002002807116333446, 0.9853929466840289, 0.1702842605440162, -0.00024853231293342146, 2.4903820604140063e-11, -0.17028460207030036, 0.9853949230119671, 6.227088358845556e-10, 0.0, 0.0, 0.0, 1.0], "right_foot_pose": [0.9999986669541501, -0.0016072992307799413, -0.0002875397459574544, 0.04897466081809, 0.0016328165565614409, 0.9843842646078106, 0.17602543424923653, -0.14030007446342507, 1.240563030597885e-07, -0.1760256690989199, 0.9843855768032472, 0.029636235874226563, 0.0, 0.0, 0.0, 1.0]}, {"left_foot_pose": [0.9999979943798124, -0.001973006859632864, -0.0003442096529750096, 0.05989007141258536, 0.002002807118361836, 0.9851187786114951, 0.1718632618992301, -0.00024853232122203344, -1.7211196606351858e-12, -0.17186360659234576, 0.9851207543895686, 4.933529557105132e-10, 0.0, 0.0, 0.0, 1.0], "right_foot_pose": [0.999998232627316, -0.0018499098320227097, -0.0003355232591711191, 0.056410197839391794, 0.0018800910154310477, 0.9839578602122808, 0.1783911280984651, -0.1402889009207532, 1.3324633044157633e-07, -0.17839144362912351, 0.9839595991908914, 0.03000000907997756, 0.0, 0.0, 0.0, 1.0]}, {"left_foot_pose": [0.9999979943798174, -0.0019743396636183056, -0.0003364806624882212, 0.05989007146063574, 0.002002807115916578, 0.98578424917704, 0.16800417506156368, -0.00024853230166021686, 3.0755828949615565e-11, -0.16800451201486474, 0.9857862262897813, 6.285355916291202e-10, 0.0, 0.0, 0.0, 1.0], "right_foot_pose": [0.9999977220084907, -0.0021019701571618884, -0.0003710785463092277, 0.06405950882163103, 0.0021344736616575833, 0.9847804384370763, 0.17378990791719556, -0.140277405516602, 1.2969347109258068e-07, -0.17379030408264462, 0.9847826817155371, 0.030000009222898985, 0.0, 0.0, 0.0, 1.0]}, {"left_foot_pose": [0.9999979943798303, -0.0019777510131234574, -0.0003158120451893409, 0.059890071402171306, 0.0020028071094837807, 0.9874875399808296, 0.15768432752271966, -0.0002485322092873792, 1.2108822926371722e-10, -0.15768464377846134, 0.9874895205096915, 1.0550588111502002e-09, 0.0, 0.0, 0.0, 1.0], "right_foot_pose": [0.9999971648784757, -0.0023501774561844966, -0.00038327657807944114, 0.07147940505246166, 0.0023812255244034094, 0.9869661518590843, 0.16091036277838888, -0.14026625332191034, 1.1310229656659004e-07, -0.1609108192459266, 0.986968949992649, 0.029549811164208663, 0.0, 0.0, 0.0, 1.0]}, {"left_foot_pose": [0.9999979943798487, -0.0019829517128904972, -0.00028131616573392007, 0.059890071232503575, 0.002002807100237029, 0.9900842541985034, 0.14046052239655543, -0.0002485319242179502, 2.7266470842586605e-10, -0.14046080410811548, 0.9900862399353415, 1.8178635680099475e-09, 0.0, 0.0, 0.0, 1.0], "right_foot_pose": [0.999996605398185, -0.002581852118486184, -0.00035104379323533955, 0.07822667587930775, 0.002605607817684279, 0.9908837946341884, 0.13469415851940855, -0.1402561062239533, 8.320740271613193e-08, -0.13469461596882581, 0.990887158272325, 0.024078710567391387, 0.0, 0.0, 0.0, 1.0]}, {"left_foot_pose": [0.9999979943798654, -0.001989181706647063, -0.00023322175315322952, 0.05989007115848877, 0.002002807092109532, 0.9931948909682595, 0.1164469721302357, -0.0002485317253620393, 4.669384900681239e-10, -0.11644720568002512, 0.9931968829438177, 2.855457842398934e-09, 0.0, 0.0, 0.0, 1.0], "right_foot_pose": [0.9999960998951894, -0.002778781507735037, -0.0002802993798984623, 0.08385810811910403, 0.0027928828130958927, 0.9949488710769716, 0.100344126625588, -0.14024763979892563, 4.91481165613818e-08, -0.10034451811629783, 0.9949527514832076, 0.015112515935975394, 0.0, 0.0, 0.0, 1.0]}, {"left_foot_pose": [0.99999799437987, -0.0019953684587426506, -0.00017245565149861028, 0.059890071149293914, 0.002002807089531999, 0.9962839285553341, 0.08610646007189744, -0.00024853173543614056, 6.794548535363822e-10, -0.08610663277044943, 0.996285926726327, 4.078247357874876e-09, 0.0, 0.0, 0.0, 1.0], "right_foot_pose": [0.9999957124845158, -0.00292243618171936, -0.0001854166905313251, 0.0879305156795585, 0.00292831224170817, 0.9979895230368517, 0.0633114278475251, -0.14024152252128907, 2.0307088259466828e-08, -0.06331169935676272, 0.9979938019469653, 0.00610567389053257, 0.0, 0.0, 0.