{"LoopMode": "Wrap", "FrameDuration": 0.0167, "EnableCycleOffsetPosition": true, "EnableCycleOffsetRotation": false, "Debug_info": [{"left_foot_pose": [0.999999999996718, -2.5620033245032612e-06, -3.006998422478536e-08, 6.058400536742284e-05, 2.5621797829884687e-06, 0.9999311609952569, 0.011733425080249755, -4.504591866418689e-05, 6.8398002807937606e-12, -0.011733425080288488, 0.9999311609985393, 3.308326529394279e-11, 0.0, 0.0, 0.0, 1.0], "right_foot_pose": [0.9999999999960563, -2.8082503098798046e-06, 3.403039733342466e-08, 3.0529748397232016e-05, 2.808456492659839e-06, 0.9999265552557203, -0.012119574519825744, -0.14027863049977685, 6.90071364582285e-12, 0.012119574519873362, 0.9999265552596639, 2.963160272706489e-11, 0.0, 0.0, 0.0, 1.0]}, {"left_foot_pose": [0.9999999999967182, -2.562106873258479e-06, -1.9327100586559173e-08, 6.058400662354995e-05, 2.5621797689229607e-06, 0.9999715938119825, 0.007537344529711004, -4.504591651272559e-05, 1.5069148333489973e-11, -0.007537344529735985, 0.9999715938152649, 7.18367101915085e-11, 0.0, 0.0, 0.0, 1.0], "right_foot_pose": [0.9999999999960562, -2.8080829503763283e-06, 4.580918488985147e-08, 3.0529749678458064e-05, 2.808456575720702e-06, 0.9998668759892076, -0.01631656494777923, -0.14027863050287928, 1.518113242607713e-11, 0.016316564947843372, 0.9998668759931508, 6.654869016964327e-11, 0.0, 0.0, 0.0, 1.0]}, {"left_foot_pose": [0.999999999996718, -2.562175951823175e-06, -4.443739043353809e-09, 6.058400830397375e-05, 2.5621798055424244e-06, 0.9999985137142057, 0.0017241121818493015, -4.50459127986514e-05, 2.6253260102516016e-11, -0.0017241121818552308, 0.999998513717488, 1.245505781843903e-10, 0.0, 0.0, 0.0, 1.0], "right_foot_pose": [0.999999999996056, -2.807769309377333e-06, 6.213529601952346e-08, 3.052975140918032e-05, 2.8084567451447113e-06, 0.9997550179591909, -0.022133776395603398, -0.1402786305062768, 2.6463999206324248e-11, 0.022133776395690457, 0.9997550179631334, 1.1710871161696446e-10, 0.0, 0.0, 0.0, 1.0]}, {"left_foot_pose": [0.999999999996718, -2.5621389743467267e-06, 1.4489435540325802e-08, 6.058401038512902e-05, 2.562179944442139e-06, 0.9999839208158612, -0.005670811509265127, -4.5045907138312885e-05, 4.020439652008666e-11, 0.0056708115092834336, 0.9999839208191437, 1.9067227657876273e-10, 0.0, 0.0, 0.0, 1.0], "right_foot_pose": [0.999999999996056, -2.807232775171629e-06, 8.291654435279158e-08, 3.0529753559797995e-05, 2.8084570507691696e-06, 0.9995636484155624, -0.02953832693776577, -0.14027863050943948, 4.059588082931939e-11, 0.029538326937881998, 0.9995636484195043, 1.8050149569459606e-10, 0.0, 0.0, 0.0, 1.0]}, {"left_foot_pose": [0.9999999999967181, -2.561907045261519e-06, 3.741554432950437e-08, 6.058401289534184e-05, 2.562180249319092e-06, 0.9998930450243071, -0.014625269414784831, -4.504589895196025e-05, 5.703779851476381e-11, 0.014625269414832484, 0.9998930450275894, 2.7116020540063346e-10, 0.0, 0.0, 0.0, 1.0], "right_foot_pose": [0.9999999999960563, -2.8063763710966404e-06, 1.0809960604431653e-07, 3.052975615733057e-05, 2.8084575585338504e-06, 0.9992581654064342, -0.038511282251828614, -0.14027863051181072, 5.7738370061161155e-11, 0.038511282251980174, 0.9992581654103749, 2.573228852220666e-10, 0.0, 0.0, 0.0, 1.0]}, {"left_foot_pose": [0.9999999999967184, -2.5613726424384596e-06, 6.434790861269861e-08, 6.0584015913712664e-05, 2.562180802085283e-06, 0.9996838243637821, -0.025144607748755127, -4.5045887417886205e-05, 7.714676264644032e-11, 0.025144607748837255, 0.9996838243670639, 3.684232710576829e-10, 0.0, 0.0, 0.0, 1.0], "right_foot_pose": [0.9999999999960563, -2.805080084697153e-06, 1.377100741773066e-07, 3.052975928492264e-05, 2.808458356527376e-06, 0.9987957394615028, -0.04906190809235297, -0.1402786305127268, 7.834599229698823e-11, 0.04906190809254609, 0.9987957394654419, 3.4949441951592775e-10, 0.0, 0.0, 0.0, 1.0]}, {"left_foot_pose": [0.999999999996718, -2.560406290791087e-06, 9.536637762824101e-08, 6.058401955489598e-05, 2.562181709297081e-06, 0.9993055980952318, -0.03726018798888455, -4.504587147471928e-05, 1.010645293472078e-10, 0.03726018798900639, 0.9993055980985118, 4.857705279692759e-10, 0.0, 0.0, 0.0, 1.0], "right_foot_pose": [0.999999999996056, -2.8031969498583967e-06, 1.718486852264792e-07, 3.0529763066075894e-05, 2.808459559979726e-06, 0.9981239116100665, -0.06122627756391045, -0.14027863051130354, 1.0303247918343692e-10, 0.06122627756415145, 0.9981239116140027, 4.5967929462875645e-10, 0.0, 0.0, 0.0, 1.0]}, {"left_foot_pose": [0.9999999999967178, -2.5588535912317606e-06, 1.30577745838294e-07, 6.058402392469615e-05, 2.5621830992611432e-06, 0.9986979483270215, -0.05101380206213034, -4.504584998596406e-05, 1.2912355531937545e-10, 0.05101380206229726, 0.9986979483302995, 6.258996793073734e-10, 0.0, 0.0, 0.0, 1.0], "right_foot_pose": [0.9999999999960563, -2.8005503613451165e-06, 2.1064802568917105e-07, 3.052976761877519e-05, 2.8084613046980154e-06, 0.9971796415991745, -0.07505173130750958, -0.1402786305063481, 1.3223042959333748e-10, 0.07505173130780504, 0.9971796416031072, 5.897782054398171e-10, 0.0, 0.0, 0.0, 1.0]}, {"left_foot_pose": [0.999999999996718, -2.556538005038972e-06, 1.7001722807390875e-07, 6.058402899269152e-05, 2.5621850840840213e-06, 0.9977918282789024, -0.06641887844040584, -4.504582240740136e-05, 1.6058581994150112e-10, 0.06641887844062319, 0.9977918282821776, 7.867667142780199e-10, 0.0, 0.0, 0.0, 1.0], "right_foot_pose": [0.999999999996056, -2.796939239251138e-06, 2.5416384941136656e-07, 3.052977292225997e-05, 2.8084636980848288e-06, 0.9958911958412238, -0.09055786016713431, -0.14027863049645536, 1.652923061375401e-10, 0.09055786016749082, 0.9958911958451511, 7.37005394213508e-10, 0.0, 0.0, 0.0, 1.0]}, {"left_foot_pose": [0.9999999999967181, -2.55328318396565e-06, 2.134253790920182e-07, 6.058403424480928e-05, 2.5621876151243985e-06, 0.9965184452563726, -0.0833725869651317, -4.504579080755189e-05, 1.9149704083929768e-10, 0.08337258696540462, 0.9965184452596435, 9.507810164177677e-10, 0.0, 0.0, 0.0, 1.0], "right_foot_pose": [0.9999999999960563, -2.7921683105572606e-06, 3.0212756974014733e-07, 3.052977845067929e-05, 2.8084666463980032e-06, 0.9941891155265127, -0.10764758502039457, -0.1402786304807775, 1.9823401699252144e-10, 0.10764758502081839, 0.9941891155304338, 8.839493026435719e-10, 0.0, 0.0, 0.0, 1.0]}, {"left_foot_pose": [0.9999999999967178, -2.5489899195931675e-06, 2.5974684159107305e-07, 6.058403783476698e-05, 2.5621900768148573e-06, 0.9948397845171132, -0.1014583812968649, -4.504576492381403e-05, 2.0989889063009107e-10, 0.10145838129719716, 0.9948397845203787, 1.0594515126305382e-09, 0.0, 0.0, 0.0, 1.0], "right_foot_pose": [0.9999999999960563, -2.786147392494241e-06, 3.533879183170898e-07, 3.0529782273953614e-05, 2.8084693813692205e-06, 0.9920421013323595, -0.12590658908964705, -0.14027863046166775, 2.1862161520466255e-10, 0.1259065890901428, 0.992042101336272, 9.758854696562125e-10, 0.0, 0.0, 0.0, 1.0]}, {"left_foot_pose": [0.9999999999967182, -2.5438523436724365e-06, 3.0599882644426914e-07, 6.058403504648474e-05, 2.562190468047991e-06, 0.9928340218019333, -0.11950148595743232, -4.5045771168941706e-05, 1.8808935022082547e-10, 0.11950148595782388, 0.9928340218051922, 9.691995747629356e-10, 0.0, 0.0, 0.0, 1.0], "right_foot_pose": [0.999999999996056, -2.7791655839552475e-06, 4.046477321551124e-07, 3.052977942622658e-05, 2.808469528342848e-06, 0.989555748529943, -0.1441506869336968, -0.1402786304507074, 1.971383731001208e-10, 0.14415068693426455, 0.9895557485338456, 8.826821148999464e-10, 0.0, 0.0, 0.0, 1.0]}, {"left_foot_pose": [0.9999999999967104, -2.5406391456875653e-06, 3.53361740479445e-07, 6.0031946858525995e-05, 2.565094873314253e-06, 0.9904506517724895, -0.13786771339538495, -4.929889783849423e-05, 2.847431077695146e-10, 0.13786771339583764, 0.9904506517757481, 0.0031200120137328258, 0.0, 0.0, 0.0, 1.0], "right_foot_pose": [0.999999999996056, -2.7722465823647698e-06, 4.495900626233685e-07, 3.0529802495028164e-05, 2.8084661862582576e-06, 0.9870955871439963, -0.1601321386635486, -0.14027863075054442, 1.3740703676215001e-10, 0.16013213866417958, 0.9870955871478891, 5.458821034087791e-10, 0.0, 0.0, 0.0, 1.0]}, {"left_foot_pose": [0.9999999999966802, -2.5435067332296214e-06, 4.140104946093658e-07, 5.781255524833705e-05, 2.5769809950777405e-06, 0.9869865631976927, -0.16080274892105295, -6.634999918906856e-05, 3.800791317506884e-10, 0.1608027489215857, 0.9869865632009701, 0.013455583350229873, 0.0, 0.0, 0.0, 1.0], "right_foot_pose": [0.999999999996056, -2.7662206324090553e-06, 4.852658501142316e-07, 3.0529838681356946e-05, 2.8084621284489293e-06, 0.9849544664056921, -0.17281405932270416, -0.14027863082802378, 7.704983440535883e-11, 0.1728140593233853, 0.9849544664095765, 3.3214875988507586e-10, 0.0, 0.0, 0.0, 1.0]}, {"left_foot_pose": [0.9999999999966298, -2.55231423726188e-06, 4.761313255330821e-07, 5.4295794127627936e-05, 2.5963453055233977e-06, 0.9830236439083077, -0.18347892388634976, -9.331724541031261e-05, 2.475189512355536e-10, 0.18347892388696732, 0.983023643911621, 0.02466427200064078, 0.0, 0.0, 0.0, 1.0], "right_foot_pose": [0.9999999999960563, -2.761876288209744e-06, 5.093897871289068e-07, 3.052979923716796e-05, 2.808458400318913e-06, 0.9834119373854753, -0.1813862216373088, -0.14027863065484578, 2.6306955453814947e-11, 0.18138622163802387, 0.9834119373893536, 1.1649638198552026e-10, 0.0, 0.0, 0.0, 1.0]}, {"left_foot_pose": [0.9999999999965645, -2.57106933442897e-06, 5.110908364303516e-07, 4.9921284969886994e-05, 2.6213758538308737e-06, 0.9808102112488418, -0.1949649442928947, -0.00012684746513607834, -1.4721829661447485e-11, 0.1949649442935644, 0.9808102112522118, 0.029999122924162548, 0.0, 0.0, 0.0, 1.0], "right_foot_pose": [0.999999999996056, -2.7599513261885835e-06, 5.197081491825808e-07, 3.0529747766335036e-05, 2.808456494891087e-06, 0.9827288470668106, -0.18505137971614743, -0.1402786304965471, 6.105474353203307e-13, 0.18505137971687702, 0.9827288470706861, 2.2674639943431885e-12, 0.0, 0.0, 0.0, 1.0]}, {"left_foot_pose": [0.9999999999964884, -2.6004605940985234e-06, 5.115225924501774e-07, 4.513194082190085e-05, 2.6502925623031812e-06, 0.9811976637433245, -0.19300555602784733, -0.00016359001456476077, -1.4298706107981825e-12, 0.19300555602852495, 0.9811976637467706, 0.030000000056187477, 0.0, 0.0, 0.0, 1.0], "right_foot_pose": [0.9999999999960562, -2.7607026305228392e-06, 5.157064011940452e-07, 3.0529749909673996e-05, 2.8084572467633537e-06, 0.9829955001181444, -0.18362964559022604, -0.1402786304897587, 9.773592301392953e-12, 0.18362964559095007, 0.982995500122021, 3.97338967284e-11, 0.0, 0.0, 0.0, 1.0]}, {"left_foot_pose": [0.9999999999964058, -2.6349335857461303e-06, 4.962948734755139e-07, 4.0363247428189096e-05, 2.6812652976817597e-06, 0.9827139330722228, -0.185130564031266, -0.00020017491308071955, 9.085362037705858e-11, 0.18513056403193098, 0.9827139330757554, 0.029930143823591264, 0.0, 0.0, 0.0, 1.0], "right_foot_pose": [0.999999999996056, -2.763962821454978e-06, 4.979566974872188e-07, 3.052975532869314e-05, 2.8084606724631423e-06, 0.9841524245141543, -0.17732457617325575, -0.1402786305024452, 5.324458881448905e-11, 0.17732457617395472, 0.9841524245180353, 2.2401275279193555e-10, 0.0, 0.0, 0.0, 1.0]}, {"left_foot_pose": [0.9999999999963214, -2.6762980203290716e-06, 4.4166460771993135e-07, 3.605618926759131e-05, 2.712496716868059e-06, 0.9866229215256263, -0.1630190501532913, -0.00023325051689325818, 5.311356545372752e-10, 0.16301905015388943, 0.9866229215292559, 0.02375484022200887, 0.0, 0.0, 0.0, 1.0], "right_foot_pose": [0.9999999999960563, -2.7698055863905553e-06, 4.643991512454274e-07, 3.0529787934846145e-05, 2.808467471260511e-06, 0.9862252439715186, -0.1654078841695024, -0.14027863086169362, 1.4551532627112877e-10, 0.16540788417015417, 0.9862252439754081, 6.789190667988443e-10, 0.0, 0.0, 0.0, 1.0]}, {"left_foot_pose": [0.9999999999962407, -2.7183395057517798e-06, 3.603289153165056e-07, 3.2644094433665634e-05, 2.74211709733751e-06, 0.991297551807958, -0.13164028172269493, -0.0002594365829687584, 6.49806469479914e-10, 0.13164028172318792, 0.9912975518116852, 0.01234070637231155, 0.0, 0.0, 0.0, 1.0], "right_foot_pose": [0.999999999996056, -2.7777031174737636e-06, 4.1460646704740285e-07, 3.0529826184303634e-05, 2.8084752193762845e-06, 0.9890288271408492, -0.1477226423961774, -0.1402786310903884, 2.7189644222650305e-10, 0.14772264239675906, 0.9890288271447496, 1.2573067795229598e-09, 0.0, 0.0, 0.0, 1.0]}, {"left_foot_pose": [0.9999999999961688, -2.754469850947748e-06, 2.76656495212854e-07, 3.056432733837927e-05, 2.7683284953185983e-06, 0.9949733910712513, -0.10013965774113599, -0.0002753654151215843, 5.658165616672314e-10, 0.10013965774151792, 0.9949733910750642, 0.0024346986474860777, 0.0, 0.0, 0.0, 1.0], "right_foot_pose": [0.9999999999960563, -2.786679516740488e-06, 3.492665055504675e-07, 3.052981950345062e-05, 2.8084817320674523e-06, 0.9922181008538787, -0.12451200877840903, -0.14027863089468237, 4.2651546992132915e-10, 0.12451200877889872, 0.9922181008577918, 1.8866736714584498e-09, 0.0, 0.0, 0.0, 1.0]}, {"left_foot_pose": [0.9999999999961102, -2.782487493816097e-06, 1.9534229089851248e-07, 3.0136667525578823e-05, 2.7893359268187766e-06, 0.9975298153711974, -0.07024434096583883, -0.0002786300713298242, 5.942405814075223e-10, 0.07024434096611022, 0.9975298153750786, 2.8229812654156916e-09, 0.0, 0.0, 0.0, 1.0], "right_foot_pose": [0.9999999999960558, -2.795604202586142e-06, 2.686732423207341e-07, 3.052984812427397e-05, 2.8084849636623493e-06, 0.9953926383699934, -0.09588271726925511, -0.1402786304398142, 6.147597676164807e-10, 0.09588271726963142, 0.995392638373919, 2.7288838064243315e-09, 0.0, 0.0, 0.0, 1.0]}, {"left_foot_pose": [0.9999999999960713, -2.801503794740722e-06, 1.0089816754327098e-07, 3.0136697742518752e-05, 2.803320049857366e-06, 0.9993416545641283, -0.036280262473864566, -0.00027863004119494696, 8.07551222028871e-10, 0.03628026247400464, 0.9993416545680551, 3.748204385756182e-09, 0.0, 0.0, 0.0, 1.0], "right_foot_pose": [0.9999999999960563, -2.803177736666267e-06, 1.7252164596916612e-07, 3.052987536722758e-05, 2.8084815233033685e-06, 0.9980934505561367, -0.06172085505772907, -0.14027863055136824, 8.218016394824512e-10, 0.061720855057969995, 0.998093450560073, 3.686548850911908e-09, 0.0, 0.0, 0.0, 1.0]}, {"left_foot_pose": [0.9999999999960567, -2.808448072705639e-06, -6.29454227624364e-09, 3.013671304548919e-05, 2.8084549727873104e-06, 0.9999981760921536, 0.001909922637065724, -0.0002786301338334272, 9.306119017734554e-10, -0.0019099226370760725, 0.9999981760960974, 4.238991949123694e-09, 0.0, 0.0, 0.0, 1.0], "right_foot_pose": [0.999999999996056, -2.8077183751188456e-06, 6.486797970996627e-08, 3.0529886676156426e-05, 2.8084674571468894e-06, 0.9997254903046171, -0.023429554569080843, -0.14027863072462307, 9.334179131642536e-10, 0.023429554569170466, 0.9997254903085597, 4.254461907771123e-09, 0.0, 0.0, 0.0, 1.0]}, {"left_foot_pose": [0.9999999999960568, -2.806027051528465e-06, -1.1635339741683718e-07, 3.0136706021461347e-05, 2.8084381980423922e-06, 0.9991546905240093, 0.04110844677173648, -0.000278630308216659, 9.036286497110293e-10, -0.04110844677190132, 0.9991546905279496, 4.0610321286327355e-09, 0.0, 0.0, 0.0, 1.0], "right_foot_pose": [0.9999999999960563, -2.808087640662762e-06, -4.509293044517183e-08, 3.052987684535988e-05, 2.808449531484938e-06, 0.9998761525155961, 0.015737840471962247, -0.1402786308725324, 8.941104043516856e-10, -0.01573784047202698, 0.9998761525195392, 4.164149081109514e-09, 0.0, 0.0, 0.0, 1.0]}, {"left_foot_pose": [0.9999999999960567, -2.7998105581103377e-06, -2.1984245357481667e-07, 3.0136680204061453e-05, 2.8084282636732483e-06, 0.9969521834067406, 0.07801502414693051, -0.0002786304667205877, 7.451255699839431e-10, -0.07801502414724046, 0.9969521834106724, 3.3224018605726435e-09, 0.0, 0.0, 0.0, 1.0], "right_foot_pose": [0.9999999999960563, -2.804527661432642e-06, -1.4814565335584015e-07, 3.0529851012855534e-05, 2.8084376455314155e-06, 0.9986213770350302, 0.052491383300241626, -0.14027863091453208, 7.278798921268034e-10, -0.05249138330045083, 0.9986213770389685, 3.4793042960612475e-09, 0.0, 0.0, 0.0, 1.0]}, {"left_foot_pose": [0.9999999999960569, -2.791351821784595e-06, -3.092381478108665e-07, 3.0136974105781285e-05, 2.8084289137036678e-06, 0.9939394293254986, 0.10992911727206582, -0.0002786302197434016, 5.131462040152631e-10, -0.10992911727250099, 0.9939394293294186, 2.287349976093367e-09, 0.0, 0.0, 0.0, 1.0], "right_foot_pose": [0.9999992140591525, 0.0012490859266333176, 0.00010800659860137655, 3.05297222423225e-05, -0.0012537464382681599, 0.9963481794886341, 0.08537407890895822, -0.14034145169708276, -9.726174250737848e-07, -0.08537414722287072, 0.996348962454933, 0.0014926331109225907, 0.0, 0.0, 0.0, 1.0]}, {"left_foot_pose": [0.9999999999960568, -2.782405142402781e-06, -3.8148202641247444e-07, 3.0137253985998137e-05, 2.8084349454267904e-06, 0.9907445272410765, 0.1357397573814292, -0.0002786301054983585, 2.682307468828511e-10, -0.13573975738196542, 0.9907445272449836, 1.3982263888379087e-09, 0.0, 0.0, 0.0, 1.0], "right_foot_pose": [0.9999693183744861, 0.007777962669606661, 0.0009303796943190855, 3.052946952385798e-05, -0.007833409195143073, 0.9929392205180048, 0.1183652907632923, -0.140670427615196, -3.1696755289665875e-06, -0.11836894716861986, 0.9929696834929782, 0.00835030806174386, 0.0, 0.0, 0.0, 1.0]}, {"left_foot_pose": [0.999999999996057, -2.7744788553279825e-06, -4.354450501286605e-07, 3.01372619002733e-05, 2.808441793872489e-06, 0.9879096506829329, 0.15503071334299864, -0.00027863026081213164, 5.0931208943150085e-11, -0.15503071334361032, 0.9879096506868291, 7.269768398376897e-10, 0.0, 0.0, 0.0, 1.0], "right_foot_pose": [0.9998180430833808, 0.01885483217731693, 0.002894136915253945, 3.052875139983336e-05, -0.019075657004640627, 0.9882906841447111, 0.15138574220388124, -0.14123258441509495, -5.895788692010811e-06, -0.15141340408412973, 0.9884705261305954, 0.017687051753805277, 0.0, 0.0, 0.0, 1.0]}, {"left_foot_pose": [0.9999999999960569, -2.7687392791475283e-06, -4.7057962632152396e-07, 3.0137034011150856e-05, 2.80844483122268e-06, 0.9858554634617418, 0.16759774805989425, -0.0002786305130559937, -1.1097257377438449e-10, -0.167597748060555, 0.9858554634656299, 2.7577137101664206e-10, 0.0, 0.0, 0.0, 1.0], "right_foot_pose": [0.9994259364966412, 0.03331844382019455, 0.006138302632798032, 3.052972894653327e-05, -0.033879158531398, 0.9829312601939382, 0.18082682420139098, -0.14197302012387558, -8.66115896974509e-06, -0.18093097864919924, 0.9834957960713543, 0.026048415282871468, 0.0, 0.0, 0.0, 1.0]}, {"left_foot_pose": [0.9999999999960569, -2.765998648807522e-06, -4.864041017737547e-07, 3.013664275692291e-05, 2.808440392490878e-06, 0.9848756421827978, 0.1732627179376312, -0.000278630668746423, -1.9689195758727685e-10, -0.17326271793831402, 0.9848756421866819, 8.029019116229108e-11, 0.0, 0.0, 0.0, 1.0], "right_foot_pose": [0.9986915189313653, 0.050108723073876316, 0.010215962336849824, 3.0536048084493696e-05, -0.0511395140802894, 0.978603144987381, 0.1993003630715173, -0.1428368268481917, -1.068617024037935e-05, -0.19956202166923545, 0.9798851970476407, 0.02997995341855137, 0.0, 0.0, 0.0, 1.0]}, {"left_foot_pose": [0.9999999999960569, -2.7665543705315998e-06, -4.831622634759475e-07, 3.0136314807238702e-05, 2.8084281762002685e-06, 0.985077871459684, 0.1721092302945188, -0.0002786306907282092, -1.9708951024885202e-10, -0.17210923029519715, 0.9850778714635691, 1.2909794760984639e-10, 0.0, 0.0, 0.0, 1.0], "right_foot_pose": [0.9975644636399146, 0.06826551796196403, 0.014316422045824046, 3.0539212333294177e-05, -0.06975056093691831, 0.9763593063432595, 0.2045907235577749, -0.14376909390100187, -1.148018409376889e-05, -0.2050910138799199, 0.9787429059226491, 0.03000000075902174, 0.0, 0.0, 0.0, 1.0]}, {"left_foot_pose": [0.9999999999960569, -2.7702154569430953e-06, -4.6159640304516404e-07, 3.013600980525668e-05, 2.8084096755171684e-06, 0.9863933238880601, 0.16440258690537152, -0.00027863071228691194, -1.1497739385389025e-10, -0.1644025869060197, 0.9863933238919501, 4.175158899166753e-10, 0.0, 0.0, 0.0, 1.0], "right_foot_pose": [0.99606662170906, 0.08676244387527662, 0.017987869520582612, 3.0541965769657854e-05, -0.08860747706550115, 0.9753515980746853, 0.20208407938589223, -0.14471492496840366, -1.1188687053907204e-05, -0.20288306599109363, 0.9792029725286104, 0.030000000736065964, 0.0, 0.0, 0.0, 1.0]}, {"left_foot_pose": [0.9999999999960572, -2.7766289843634393e-06, -4.211562182331899e-07, 3.0135701636775185e-05, 2.8083876292082803e-06, 0.9886943085382387, 0.14994520417875296, -0.0002786305200221167, 5.255579359837714e-11, -0.14994520417934454, 0.9886943085421377, 9.625880578734147e-10, 0.0, 0.0, 0.0, 1.0], "right_foot_pose": [0.9943008547993208, 0.10465391615552704, 0.020331452940010927, 3.0547178790287064e-05, -0.10661055318606688, 0.9760697245581897, 0.18953121840546516, -0.14561941442182347, -9.731431164046693e-06, -0.19061859991672195, 0.9816641733663745, 0.02875973587399107, 0.0, 0.0, 0.0, 1.0]}, {"left_foot_pose": [0.9999999999960569, -2.785089297846573e-06, -3.6086131449669887e-07, 3.0135542615746957e-05, 2.808370204035867e-06, 0.991723438233858, 0.12839245324289456, -0.0002786301372321824, 2.901758771799666e-10, -0.12839245324340184, 0.991723438237769, 1.7922096931521914e-09, 0.0, 0.0, 0.0, 1.0], "right_foot_pose": [0.9924476898910681, 0.12102619467005113, 0.02000607491660183, 3.0549031094773615e-05, -0.1226685892113898, 0.9791694005985438, 0.1618014281530779, -0.14642765744636232, -7.125242872035801e-06, -0.1630335705772749, 0.9866205221938451, 0.022155481606288566, 0.0, 0.0, 0.0, 1.0]}, {"left_foot_pose": [0.9999999999960569, -2.7948886219854206e-06, -2.748345990787902e-07, 3.0135626919777554e-05, 2.8083689475029717e-06, 0.9952196968222397, 0.09766143071429711, -0.0002786298472018927, 5.679846271612594e-10, -0.09766143071468404, 0.9952196968261641, 2.844580064553792e-09, 0.0, 0.0, 0.0, 1.0], "right_foot_pose": [0.9907499333305254, 0.13464101610767298, 0.016922363518515667, 3.054890908217329e-05, -0.13570029325128663, 0.9830199309192845, 0.1235202243641097, -0.14708476103314588, -4.132098730886063e-06, -0.12467402374568078, 0.9921977563903213, 0.012868944908218584, 0.0, 0.0, 0.0, 1.0]}, {"left_foot_pose": [0.9999999999960569, -2.8027677802009955e-06, -1.7767386312200942e-07, 3.0135984422059964e-05, 2.8083935860208013e-06, 0.9980155379167384, 0.06296813534540385, -0.00027862981656235665, 8.36214801055204e-10, -0.0629681353456547, 0.998015537920674, 3.9256973435874976e-09, 0.0, 0.0, 0.0, 1.0], "right_foot_pose": [0.9894854735956111, 0.1440975890274237, 0.012425070613575284, 3.054970752028449e-05, -0.14463228388051794, 0.9858284081370186, 0.08499324778790829, -0.14753582502989887, -1.6654941229843669e-06, -0.08589665038006583, 0.9963040527121778, 0.004354571565630287, 0.0, 0.0, 0.0, 1.0]}, {"left_foot_pose": [0.9999999999960566, -2.807655900589458e-06, -6.67310871004817e-08, 3.0136606053326042e-05, 2.808448623397913e-06, 0.9997261751364587, 0.023400314936774396, -0.00027863016396303605, 1.0127817910956135e-09, -0.023400314936869723, 0.999726175140401, 4.679045012556671e-09, 0.0, 0.0, 0.0, 1.0], "right_foot_pose": [0.9889284070101605, 0.14823565689286666, 0.006840748050180439, 3.0550976626433435e-05, -0.14839341565019964, 0.9878771008949364, 0.04558758294846024, -0.1477259450419786, -1.1304724214466812e-07, -0.04609797775343327, 0.9989369231573288, 6.681931367579635e-05, 0.0, 0.0, 0.0, 1.0]}, {"left_foot_pose": [0.9999999999960559, -2.808307960637007e-06, 4.996797603468e-08, 3.0141636012636923e-05, 2.8087524525904053e-06, 0.9998433203158935, -0.01770126582483315, -0.00027863069027921593, -2.495415992605028e-10, 0.01770126582490347, 0.9998433203198374, 4.7638294559115835e-09, 0.0, 0.0, 0.0, 1.0], "right_foot_pose": [0.9889204385594623, 0.14844438202785817, 0.0007947601701075664, 3.055625474465522e-05, -0.14844650955600358, 0.9889062654091944, 0.0052945287873167055, -0.14772863009611523, -2.5775526015952217e-10, -0.00535384710350571, 0.9999856680578937, 5.527519358894395e-09, 0.0, 0.0, 0.0, 1.0]}, {"left_foot_pose": [0.9999999999960563, -2.80401886948009e-06, 1.607087074529373e-07, 3.0140066125114556e-05, 2.8086204866347738e-06, 0.9983560940401955, -0.057315874632749605, -0.00027863024175597655, 2.702762634175479e-10, 0.05731587463297469, 0.9983560940441334, 4.3204188282519596e-09, 0.0, 0.0, 0.0, 1.0], "right_foot_pose": [0.9889204385568492, 0.1483593490255074, -0.005086232520887319, 3.055429515400575e-05, -0.1484465095734111, 0.9883397927791913, -0.03388344440367163, -0.14772863032256914, 2.412497554340129e-10, 0.034263064164099875, 0.9994128488438031, 4.616936617740652e-09, 0.0, 0.0, 0.0, 1.0]}, {"left_foot_pose": [0.9999985933978404, 0.001669699014537583, -0.00015908344282287033, 0.00015353944491837673, -0.001677259444084565, 0.9955894295052604, -0.0938023169124742, -0.0002878451101460174, 1.7601579735340405e-06, 0.09380245179413929, 0.9955908296254595, 0.0010091448934169273, 0.0, 0.0, 0.0, 1.0], "right_foot_pose": [0.9889204385725857, 0.14808005958257772, -0.01042411278838052, 3.055041089263357e-05, -0.148446509468578, 0.9864792243192394, -0.06944331366739068, -0.14772863094987407, 6.722189347022571e-10, 0.07022133536563131, 0.9975314351234589, 3.162577845439163e-09, 0.0, 0.0, 0.0, 1.0]}, {"left_foot_pose": [0.9999075880964424, 0.013481420140667992, -0.0017511647972007574, 0.0010289225636999834, -0.013594676365743078, 0.9916383721301189, -0.12832974594239605, -0.00035318638846006806, 6.454987232901251e-06, 0.12834169326497116, 0.9917300084842721, 0.007348054155888913, 0.0, 0.0, 0.0, 1.0], "right_foot_pose": [0.9889204385752084, 0.14769528021612077, -0.01491544066058459, 3.0549824803249945e-05, -0.14844650945110774, 0.9839159025350255, -0.09936362800576924, -0.14772863110948958, 3.7766424857803065e-10, 0.10047686768887791, 0.9949393946665454, 2.0428728500498927e-09, 0.0, 0.0, 0.0, 1.0]}, {"left_foot_pose": [0.9993841120090725, 0.034630741567492435, -0.005666427651024196, 0.002608374336295626, -0.03509125982791321, 0.986324522199882, -0.161035835734986, -0.0004710705870158427, 1.214613503269815e-05, 0.16113549778264577, 0.9869322931218795, 0.016572439309764354, 0.0, 0.0, 0.0, 1.0], "right_foot_pose": [0.9889204385751824, 0.14729481969972066, -0.01845541269913459, 3.054960749899853e-05, -0.1484465094512786, 0.9812481158653213, -0.12294620344886023, -0.14772863091786084, 6.877757315829922e-11, 0.12432365503146964, 0.992241718937284, 1.139114712278566e-09, 0.0, 0.0, 0.0, 1.0]}, {"left_foot_pose": [0.9979532616711181, 0.06278984422646891, -0.012112926235804128, 0.004730581901293869, -0.06394753477535238, 0.9799391505977799, -0.18875903666277158, -0.0006294574428023156, 1.778013837378226e-05, 0.18914728807920617, 0.9819487273254901, 0.02522784978594958, 0.0, 0.0, 0.0, 1.0], "right_foot_pose": [0.9889204385738628, 0.14695322373839728, -0.02100276657422224, 3.054972739313091e-05, -0.14844650946007013, 0.9789724727710953, -0.1399161584148482, -0.14772863055378826, -2.0395392430921166e-10, 0.14148373613012952, 0.9899405802424001, 4.961736299602393e-10, 0.0, 0.0, 0.0, 1.0]}, {"left_foot_pose": [0.9951943052923982, 0.0958199875409054, -0.020169895915524812, 0.007234235969869499, -0.09791983576794122, 0.973898680217534, -0.20477564902528306, -0.0008163122116383002, 2.1834873971173675e-05, 0.20576659266802086, 0.9786010979275633, 0.029859840348126415, 0.0, 0.0, 0.0, 1.0], "right_foot_pose": [0.9889204385727275, 0.14672829171401333, -0.02252053693435364, 3.0550143206109145e-05, -0.1484465094676333, 0.9774740211315835, -0.15002723699291698, -0.147728630234353, -3.9927935470561884e-10, 0.15170809610413147, 0.9884253404159867, 1.5370488215538103e-10, 0.0, 0.0, 0.0, 1.0]}, {"left_foot_pose": [0.9908798415050875, 0.13179672654108882, -0.02804928826026854, 0.009958034922190486, -0.1347484291519684, 0.9692102041273943, -0.20609328241457148, -0.0010196034840476986, 2.323641601411846e-05, 0.20799327654611544, 0.9781302553196489, 0.030000000175774102, 0.0, 0.0, 0.0, 1.0], "right_foot_pose": [0.9889204385729189, 0.1466544678353361, -0.022996374424672852, 3.0550648328156634e-05, -0.14844650946635737, 0.9769822213858282, -0.15319717008896652, -0.1477286302001735, -4.84039854302615e-10, 0.1549135441462347, 0.9879280306986195, 6.81198986107745e-11, 0.0, 0.0, 0.0, 1.0]}, {"left_foot_pose": [0.9850654043391168, 0.16860358421489546, -0.034913902160942235, 0.012740665274694425, -0.172180569954691, 0.9646274761146699, -0.1996188459407587, -0.0012272859107237064, 2.2456420370990767e-05, 0.2026491147637544, 0.9792514160220434, 0.03000000031788, 0.0, 0.0, 0.0, 1.0], "right_foot_pose": [0.9889204385748029, 0.14673707145967535, -0.022463259524328615, 3.055116387048074e-05, -0.14844650945380689, 0.9775325100529207, -0.14964566689556175, -0.1477286302342185, -4.500977636368779e-10, 0.1513222510045192, 0.9884844846283253, 2.1746619782714305e-10, 0.0, 0.0, 0.0, 1.0]}, {"left_foot_pose": [0.9781286295310871, 0.20444803487722862, -0.03828034909033345, 0.01542081581877304, -0.20800092242608448, 0.9614379181771383, -0.17992427785351578, -0.0014273225486778028, 1.9014102648490868e-05, 0.18395143523781154, 0.9829353331284892, 0.029200050608483283, 0.0, 0.0, 0.0, 1.0], "right_foot_pose": [0.9889204385755934, 0.14706213504485688, -0.020226087202027822, 3.0551393124439875e-05, -0.1484465094485408, 0.9796980179658932, -0.13474207741550207, -0.14772863058275582, -4.207119213254108e-11, 0.13625168633726756, 0.9906742542179294, 6.761478599237591e-10, 0.0, 0.0, 0.0, 1.0]}, {"left_foot_pose": [0.9707581595232913, 0.23716737599933438, -0.0371514667347547, 0.01783718165317457, -0.24005956662358804, 0.9590715722031693, -0.15017697514678097, -0.001607677667114487, 1.3836479875342467e-05, 0.15470408900003968, 0.9879608517827111, 0.023138467745493975, 0.0, 0.0, 0.0, 1.0], "right_foot_pose": [0.98892043857881, 0.14741883531781674, -0.017437120021146817, 3.055161894224877e-05, -0.14844650942711124, 0.9820742829182099, -0.11616254417664308, -0.14772863101266548, 1.7085151985402858e-10, 0.11746399373519706, 0.9930771421071868, 1.4781559795618016e-09, 0.0, 0.0, 0.0, 1.0]}, {"left_foot_pose": [0.9638944627538123, 0.2644240966405213, -0.03142231354284579, 0.019828446542378152, -0.26628455570328824, 0.9571636009026036, -0.11371181337515042, -0.0017563001134289213, 8.15125028104298e-06, 0.11797346406292815, 0.9930167479506835, 0.013988197511630864, 0.0, 0.0, 0.0, 1.0], "right_foot_pose": [0.988920438580445, 0.14782303101860367, -0.013591087459542224, 3.055163818965062e-05, -0.14844650941622026, 0.984766952638498, -0.09054105606423364, -0.1477286313566088, 4.415363438587908e-10, 0.09155545036511809, 0.995799979668829, 2.507600752044148e-09, 0.0, 0.0, 0.0, 1.0]}, {"left_foot_pose": [0.9586255814104793, 0.28377792164275084, -0.022518566862548103, 0.021233299535612114, -0.28466997497839236, 0.9556225243667944, -0.07581949794503892, -0.0018611474677889903, 3.3501634703190637e-06, 0.07909287016512405, 0.9968672518835294, 0.005203685115275407, 0.0, 0.0, 0.0, 1.0], "right_foot_pose": [0.988920438578665, 0.14818793055142848, -0.008758047742842093, 3.0551396341393054e-05, -0.14844650942807938, 0.9871978390090229, -0.05834432701243997, -0.14772863141375137, 7.262821307780795e-10, 0.05899799907454842, 0.9982581009464434, 3.597695891199848e-09, 0.0, 0.0, 0.0, 1.0]}, {"left_foot_pose": [0.9560405042286794, 0.2930022602221079, -0.011671751321441952, 0.02189043441761719, -0.2932346403036946, 0.9552829194893203, -0.03805245666083243, -0.001910183094635344, 3.688692723027524e-07, 0.03980225165361911, 0.9992075764140138, 0.0002393850309349993, 0.0, 0.0, 0.0, 1.0], "right_foot_pose": [0.9889204385721416, 0.14841341676105865, -0.003134310066194111, 3.055089624075832e-05, -0.14844650947153556, 0.9886999818021859, -0.02088012955119772, -0.14772863100562145, 9.363016940829772e-10, 0.021114064262141442, 0.9997770732970095, 4.384311524940898e-09, 0.0, 0.0, 0.0, 1.0]}, {"left_foot_pose": [0.9559264430674367, 0.2936062448366326, 9.185516232799289e-05, 0.02191898342846993, -0.29360625920514594, 0.9559263962862361, 0.00029906315585429157, -0.00191231140736298, 3.585442740964877e-11, -0.0003128516294283613, 0.9999999510619282, 5.259392400758234e-09, 0.0, 0.0, 0.0, 1.0], "right_foot_pose": [0.9889204385268976, 0.14841967240786944, 0.0028226062617489967, 3.054602540630293e-05, -0.14844650977294177, 0.9887416534601537, 0.01880362861559116, -0.14772862937282827, 1.6896347600828786e-11, -0.01901429870444738, 0.9998192118802167, 4.717572922585678e-09, 0.0, 0.0, 0.0, 1.0]}, {"left_foot_pose": [0.9559264430768043, 0.2933724755457315, 0.01171435097218548, 0.02191898441753496, -0.2936062591746473, 0.9551652877823086, 0.03813971144634129, -0.0019123116438910463, 1.4608208078360584e-10, -0.03989816547047917, 0.9992037511899619, 4.623490479360726e-09, 0.0, 0.0, 0.0, 1.0], "right_foot_pose": [0.9889204385394257, 0.14819412136407184, 0.008652666185646531, 3.0546668908043324e-05, -0.14844650968948198, 0.9872390788132587, 0.05764230239120338, -0.14772862981420887, 1.6187014995970628e-10, -0.0582881090538986, 0.9982998028362623, 4.363902662840591e-09, 0.0, 0.0, 0.0, 1.0]}, {"left_foot_pose": [0.9559264430450357, 0.2927628080131694, 0.02223901372612593, 0.0219189889459593, -0.29360625927807893, 0.9531803250975808, 0.07240602433226245, -0.0019123116265830128, 6.672642641768232e-10, -0.07574434692513385, 0.9971272706675341, 3.0961643457394494e-09, 0.0, 0.0, 0.0, 1.0], "right_foot_pose": [0.988769991038051, 0.14877879474720318, 0.014098760803060223, -4.1995224424514095e-05, -0.14944532385027093, 0.9843609273541535, 0.09327196726647428, -0.14771213784019366, -1.378385038174182e-06, -0.0943315161122742, 0.9955408404812228, 0.0006134065007978376, 0.0, 0.0, 0.0, 1.0]}, {"left_foot_pose": [0.9559264430405549, 0.29195239426088637, 0.031119687999225196, 0.021918989532264656, -0.29360625929266726, 0.9505417712028543, 0.10131981890384592, -0.0019123115630694815, 3.6499319797537907e-10, -0.10599122927807418, 0.9943670646778905, 1.9846165266734772e-09, 0.0, 0.0, 0.0, 1.0], "right_foot_pose": [0.9871230335004358, 0.15863790676212713, 0.020545833422576033, -0.0008066102981064238, -0.15996286036644775, 0.9789516443353722, 0.12674999548897545, -0.14753833742824174, -6.023446791480267e-06, -0.128404410326132, 0.9917218901347881, 0.0063857379243135864, 0.0, 0.0, 0.0, 1.0]}, {"left_foot_pose": [0.9559264430412315, 0.2911234166299816, 0.03810238554508927, 0.02191898964263069, -0.2936062592904659, 0.9478427769604802, 0.12405416022570798, -0.0019123117590827583, 4.819476155519902e-11, -0.1297737510189649, 0.9915436316907437, 1.1148280770756358e-09, 0.0, 0.0, 0.0, 1.0], "right_foot_pose": [0.9836384754242403, 0.17779717274380016, 0.029043330204843093, -0.0022782513339699466, -0.1801536830808537, 0.9707824256739788, 0.15851224708188513, -0.14720383943218499, -1.1725169482077227e-05, -0.16115100796103196, 0.9869297606697572, 0.015449952490978469, 0.0, 0.0, 0.0, 1.0]}, {"left_foot_pose": [0.9559264430440116, 0.2904301802081298, 0.04306908303526276, 0.021918989361095872, -0.2936062592814142, 0.945585730465714, 0.14022478686166007, -0.00191231201922045, -2.2450932247664798e-10, -0.14668993409193556, 0.9891825227105989, 4.984786958206477e-10, 0.0, 0.0, 0.0, 1.0], "right_foot_pose": [0.9781807335455216, 0.20397285124817569, 0.03946553526857439, -0.004299181964097966, -0.20775575133836535, 0.9603856185947515, 0.18573371094717253, -0.14674449762618236, -1.749790728359205e-05, -0.1898803295501306, 0.9818072418472767, 0.02435159759942203, 0.0, 0.0, 0.0, 1.0]}, {"left_foot_pose": [0.9559264430458341, 0.289988676180858, 0.04594783098922058, 0.0219189888217737, -0.29360625927548, 0.9441482769930898, 0.14959744504917247, -0.0019123121618158387, -4.1019438784819383e-10, -0.15649472431316722, 0.987678794579567, 1.5647036444299545e-10, 0.0, 0.0, 0.0, 1.0], "right_foot_pose": [0.9706520216959524, 0.23520938403799801, 0.05011185925532621, -0.006711665170434849, -0.24048836208610955, 0.9493641162487653, 0.20217102285031066, -0.1461961606213006, -2.187922056179084e-05, -0.20828903101139593, 0.9780673182770361, 0.02963622805889119, 0.0, 0.0, 0.0, 1.0]}, {"left_foot_pose": [0.9559264430506602, 0.28995846944960646, 0.04613806964921481, 0.02191898836055168, -0.2936062592597678, 0.9440499295391986, 0.15021682682216808, -0.0019123119272067444, -2.104834243387887e-10, -0.15714266298964474, 0.9875759127624183, 4.166623990276008e-11, 0.0, 0.0, 0.0, 1.0], "right_foot_pose": [0.9611347335638764, 0.26990564286757873, 0.058060036904354274, -0.00935796781665196, -0.27607974099638805, 0.939658268508227, 0.2020453291602844, -0.14559467166674106, -2.3419291671450685e-05, -0.21022198356109079, 0.9776536795200932, 0.03000000007574992, 0.0, 0.0, 0.0, 1.0]}, {"left_foot_pose": [0.9559264430458508, 0.2901821453928344, 0.04470970790467172, 0.021918988031800285, -0.29360625927542644, 0.9447781760150652, 0.1455663513314065, -0.001912311868108878, -1.5798764574356355e-10, -0.15227777454658176, 0.9883377354827355, 2.3959730033329407e-10, 0.0, 0.0, 0.0, 1.0], "right_foot_pose": [0.9499826482730773, 0.3056649051553851, 0.06404634053886182, -0.012080355208365307, -0.3123026856429191, 0.9298063887464622, 0.19474884335082127, -0.14497588836207115, -2.280987691557236e-05, -0.2050098661104196, 0.9787599063494055, 0.030000000247850857, 0.0, 0.0, 0.0, 1.0]}, {"left_foot_pose": [0.9559264430396703, 0.2906936477364992, 0.04125334729659185, 0.021918987755412223, -0.2936062592955487, 0.9464435307485982, 0.13431309543973494, -0.001912311696383639, -1.8427719962327335e-11, -0.14050568056052615, 0.9900798723993053, 7.011979816229363e-10, 0.0, 0.0, 0.0, 1.0], "right_foot_pose": [0.9378611010115747, 0.34057029369860786, 0.06654645189189999, -0.014721090700754703, -0.34701088571861277, 0.9204652890112027, 0.1797973773955193, -0.1443756623855756, -2.0053447516484284e-05, -0.19171730953559474, 0.981450188660786, 0.029549803292955333, 0.0, 0.0, 0.0, 1.0]}, {"left_foot_pose": [0.9559264430340613, 0.2914308390289333, 0.03567494318342898, 0.02191898766195, -0.293606259313811, 0.9488436859969942, 0.1161508675619311, -0.0019123112782408348, 1.9961383262473355e-10, -0.12150607230311655, 0.9925906882464045, 1.458214195226848e-09, 0.0, 0.0, 0.0, 1.0], "right_foot_pose": [0.9257375581355961, 0.37303070616003897, 0.0621133296393494, -0.017122440163728974, -0.37816659454765, 0.9131716160466685, 0.15201192852848286, -0.14382984069333782, -1.501256107482939e-05, -0.16421233786916903, 0.9864250138080263, 0.024078704524661702, 0.0, 0.0, 0.0, 1.0]}, {"left_foot_pose": [0.955926443032273, 0.2922641698912583, 0.0280408721234169, 0.021918987786186315, -0.29360625931963363, 0.951556853566501, 0.09129577711457149, -0.0019123109707022239, 4.639482025834336e-10, -0.09550502305321625, 0.9954289480277364, 2.4388243022310796e-09, 0.0, 0.0, 0.0, 1.0], "right_foot_pose": [0.9148262027894115, 0.400525832147637, 0.05169213162899028, -0.019126668586653014, -0.40384776662181093, 0.9073040207795366, 0.11707431516717062, -0.14337428636144922, -9.191364202316062e-06, -0.12797840309884206, 0.9917769548924745, 0.015112512734952205, 0.0, 0.0, 0.0, 1.0]}, {"left_foot_pose": [0.955926443037328, 0.2930223524773315, 0.018507740290320093, 0.021918988098259713, -0.29360625930317513, 0.9540253527034471, 0.06025770404737251, -0.0019123109435365583, 7.366272399574995e-10, -0.06303592109039655, 0.9980112587803237, 3.5158276290303547e-09, 0.0, 0.0, 0.0, 1.0], "right_foot_pose": [0.9064912742200749, 0.4205489874972166, 0.037578170231276374, -0.020576040245907146, -0.42222454896208444, 0.902894801790847, 0.08066850161513749, -0.14304485549693363, -4.077885467479693e-06, -0.08899171879525143, 0.9960323659245406, 0.006105673269816814, 0.0, 0.0, 0.0, 1.0]}, {"left_foot_pose": [0.9559264430511448, 0.29351299748545, 0.007399715041368808, 0.021918988553664774, -0.2936062592581892, 0.9556228002788276, 0.02409207570272333, -0.0019123113373200329, 9.460542606801805e-10, -0.02520285488509635, 0.9996823576044751, 4.38508836186901