{"LoopMode": "Wrap", "FrameDuration": 0.0167, "EnableCycleOffsetPosition": true, "EnableCycleOffsetRotation": false, "Debug_info": [{"left_foot_pose": [1.0000000000000007, -1.0658006258607588e-13, 9.142298029729549e-12, -1.722971572819902e-12, 2.7245352964101267e-14, 0.9999620375649145, 0.008713405133775453, 1.0063824773531849e-13, -9.143051227951343e-12, -0.00871340513377572, 0.9999620375649145, 2.138260402073655e-11, 0.0, 0.0, 0.0, 1.0], "right_foot_pose": [0.9999999999999998, 2.0330993004855253e-13, 9.115097565626227e-12, -1.4263834224087668e-12, -7.482640223092434e-14, 0.9999007561195519, -0.014088218891978622, -0.14000000000225418, -9.11728671130482e-12, 0.014088218891978437, 0.9999007561195519, 1.646403846589095e-11, 0.0, 0.0, 0.0, 1.0]}, {"left_foot_pose": [1.0000000000000007, -1.499402566464662e-13, 2.0025481273222574e-11, -3.673529773327129e-12, 3.7084552872631565e-14, 0.9999840273199926, 0.005652000078677357, 1.1308575603719007e-12, -2.0026203881862947e-11, -0.005652000078677626, 0.9999840273199928, 4.535542080796873e-11, 0.0, 0.0, 0.0, 1.0], "right_foot_pose": [1.0, 5.283245331858379e-13, 2.0006163392594086e-11, -3.247816324708134e-12, -1.8508230377158995e-13, 0.9998529161651509, -0.017150686168299432, -0.1400000000040077, -2.0012318406275323e-11, 0.017150686168299248, 0.999852916165151, 3.7861956625473425e-11, 0.0, 0.0, 0.0, 1.0]}, {"left_foot_pose": [1.0000000000000007, -4.706668135872106e-14, 3.472994114517292e-11, -6.285663234849384e-12, -1.8863759756780958e-15, 0.9999989931392242, 0.0014190562140248466, 2.9221538383472634e-12, -3.473023288014902e-11, -0.0014190562140251166, 0.9999989931392244, 7.765300902295991e-11, 0.0, 0.0, 0.0, 1.0], "right_foot_pose": [0.9999999999999998, 1.1288810181796999e-12, 3.475775223193977e-11, -5.758099853849767e-12, -3.852344639053992e-13, 0.9997712852838804, -0.021386377014773306, -0.14000000000594884, -3.477391197974704e-11, 0.021386377014773125, 0.9997712852838803, 6.725757450976033e-11, 0.0, 0.0, 0.0, 1.0]}, {"left_foot_pose": [1.0000000000000007, 3.4820169940840056e-13, 5.300815342224042e-11, -9.516705140848949e-12, -1.3810599902016576e-13, 0.999992170461619, -0.003957147389334504, 5.611146963735436e-12, -5.3009446150024684e-11, 0.003957147389334231, 0.9999921704616193, 1.1803875932248076e-10, 0.0, 0.0, 0.0, 1.0], "right_foot_pose": [0.9999999999999998, 2.144215699482129e-12, 5.314687578916731e-11, -8.930020640928755e-12, -7.20754608237804e-13, 0.9996416673109121, -0.026768208305002084, -0.1400000000078534, -5.3185352172510854e-11, 0.026768208305001904, 0.9996416673109119, 1.0414911294498452e-10, 0.0, 0.0, 0.0, 1.0]}, {"left_foot_pose": [1.0000000000000004, 1.2165690375628237e-12, 7.502354293364987e-11, -1.3395220936837315e-11, -4.3140834726104225e-13, 0.9999452905958043, -0.010460201492967952, 9.423288538368269e-12, -7.50324312217405e-11, 0.010460201492967681, 0.9999452905958042, 1.6724661933142926e-10, 0.0, 0.0, 0.0, 1.0], "right_foot_pose": [1.0, 3.763911817550391e-12, 7.537120927381122e-11, -1.2809910367630228e-11, -1.253332448969464e-12, 0.9994460251932097, -0.03328126688534944, -0.1400000000095028, -7.545486146550575e-11, 0.03328126688534925, 0.9994460251932096, 1.488851611441966e-10, 0.0, 0.0, 0.0, 1.0]}, {"left_foot_pose": [1.0000000000000004, 2.7947918865072237e-12, 1.0135214889572805e-10, -1.802133690178346e-11, -9.598974805892509e-13, 0.9998362474692034, -0.018096360040147717, 1.469768577677666e-11, -1.0138621845707758e-10, 0.018096360040147447, 0.9998362474692035, 2.2704524371697232e-10, 0.0, 0.0, 0.0, 1.0], "right_foot_pose": [0.9999999999999998, 6.250488888810864e-12, 1.0205103428972958e-10, -1.752096298851223e-11, -2.0678831000654814e-12, 0.999161867426511, -0.0409336375218121, -0.14000000001064833, -1.0222137313021996e-10, 0.040933637521811915, 0.999161867426511, 2.0270304185165955e-10, 0.0, 0.0, 0.0, 1.0]}, {"left_foot_pose": [1.0000000000000004, 5.4082014944944365e-12, 1.329401033700605e-10, -2.355992129708229e-11, -1.830207698985773e-12, 0.9996382078885345, -0.026897087749413517, 2.1910187206208853e-11, -1.3303770077378626e-10, 0.02689708774941325, 0.9996382078885347, 3.002550499897616e-10, 0.0, 0.0, 0.0, 1.0], "right_foot_pose": [0.9999999999999998, 9.972302399534746e-12, 1.3419504396594556e-10, -2.325968669779085e-11, -3.2824965987160524e-12, 0.9987612527114377, -0.04975902010972026, -0.1400000000109611, -1.345249992699046e-10, 0.049759020109720074, 0.9987612527114378, 2.6768009336874954e-10, 0.0, 0.0, 0.0, 1.0]}, {"left_foot_pose": [1.0000000000000007, 9.51022470406776e-12, 1.7102480542874317e-10, -3.022870845684527e-11, -3.1896238286676163e-12, 0.9993183223462844, -0.036917348537078294, 3.1687050552897666e-11, -1.7125935974234084e-10, 0.03691734853707801, 0.9993183223462849, 3.9074653235271484e-10, 0.0, 0.0, 0.0, 1.0], "right_foot_pose": [1.0, 1.544323820452453e-11, 1.7312701272587098e-10, -3.0286660722404795e-11, -5.0599217997891375e-12, 0.9982094732408767, -0.059815111235972704, -0.14000000000997112, -1.7374102807725716e-10, 0.059815111235972517, 0.9982094732408765, 3.466308559629816e-10, 0.0, 0.0, 0.0, 1.0]}, {"left_foot_pose": [1.0000000000000007, 1.571562646625051e-11, 2.1691837215342934e-10, -3.8264538337641266e-11, -5.235145906506872e-12, 0.9988362843902548, -0.048229420331067384, 4.477155451931836e-11, -2.174242074550937e-10, 0.0482294203310671, 0.9988362843902552, 5.032066152654835e-10, 0.0, 0.0, 0.0, 1.0], "right_foot_pose": [0.9999999999999998, 2.335279092625362e-11, 2.20277629470189e-10, -3.889270231844507e-11, -7.614703059058583e-12, 0.9974636644415897, -0.07117751132735559, -0.14000000000700474, -2.2138119397472396e-10, 0.07117751132735542, 0.9974636644415896, 4.4275836469376273e-10, 0.0, 0.0, 0.0, 1.0]}, {"left_foot_pose": [1.0000000000000007, 2.477619107278054e-11, 2.7135477198569855e-10, -4.7818537615589096e-11, -8.202228277116916e-12, 0.9981433974375189, -0.06090778400079939, 6.182765063811324e-11, -2.7236030301074803e-10, 0.06090778400079911, 0.9981433974375193, 6.419701367721409e-10, 0.0, 0.0, 0.0, 1.0], "right_foot_pose": [0.9999999999999998, 3.4523805685740806e-11, 2.7652286016532897e-10, -4.928394020061434e-11, -1.1194858111337861e-11, 0.9964721042522005, -0.083924641477887, -0.14000000000116047, -2.784448634313731e-10, 0.08392464147788686, 0.9964721042522003, 5.584510909262264e-10, 0.0, 0.0, 0.0, 1.0]}, {"left_foot_pose": [1.0000000000000004, 3.732449741749845e-11, 3.326104391909717e-10, -5.864537414302252e-11, -1.2275675355275763e-11, 0.9971840789425104, -0.07499275100686713, 8.276873630919113e-11, -3.344731436985448e-10, 0.07499275100686682, 0.9971840789425109, 8.068447576725646e-10, 0.0, 0.0, 0.0, 1.0], "right_foot_pose": [1.0, 4.9589906712819045e-11, 3.4025393613745765e-10, -6.123259531591081e-11, -1.597133801760097e-11, 0.9951764478890003, -0.09810115986588526, -0.13999999999147691, -3.4347769935139153e-10, 0.09810115986588508, 0.9951764478890003, 6.91530915863936e-10, 0.0, 0.0, 0.0, 1.0]}, {"left_foot_pose": [1.0000000000000004, 5.286157075845026e-11, 3.9145658936590073e-10, -6.924584898235082e-11, -1.7256164434225082e-11, 0.9959053255143586, -0.09040233742631124, 1.0484770517071862e-10, -3.9463281129466315e-10, 0.0904023374263109, 0.9959053255143585, 9.802439346340286e-10, 0.0, 0.0, 0.0, 1.0], "right_foot_pose": [1.0, 6.777605084689197e-11, 4.0213044005810125e-10, -7.310645870013189e-11, -2.1643370517844172e-11, 0.9935232610539002, -0.11362891245111889, -0.1399999999777764, -4.0722749242113675e-10, 0.11362891245111867, 0.9935232610539001, 8.24582263581064e-10, 0.0, 0.0, 0.0, 1.0]}, {"left_foot_pose": [1.0000000000000002, 6.669926479093678e-11, 4.1916803361630054e-10, -7.475318626580848e-11, -2.1585154594069946e-11, 0.9942893050840792, -0.10671821679272894, 1.1813524984638502e-10, -4.238924650579722e-10, 0.10671821679272865, 0.9942893050840789, 1.0925186935684117e-09, 0.0, 0.0, 0.0, 1.0], "right_foot_pose": [0.9999999999999999, 8.328390989099312e-11, 4.324854363524362e-10, -7.949413063831315e-11, -2.631410548255194e-11, 0.9915021881240561, -0.13009001093554073, -0.1399999999633742, -4.396447839457381e-10, 0.13009001093554054, 0.9915021881240561, 8.980818172465987e-10, 0.0, 0.0, 0.0, 1.0]}, {"left_foot_pose": [1.0000000000000004, 6.352026600611513e-11, 3.4792163594587914e-10, -6.320405193005343e-11, -2.0362401092743033e-11, 0.9924481271661694, -0.12266505160135767, 9.88841057647516e-11, -3.5308600045362366e-10, 0.12266505160135738, 0.9924481271661696, 9.541493983800109e-10, 0.0, 0.0, 0.0, 1.0], "right_foot_pose": [0.9999999999999998, 7.779747459839094e-11, 3.6047553830798015e-10, -6.715262299276137e-11, -2.4260640331232123e-11, 0.9892553092322168, -0.14619826659667015, -0.1399999999608077, -3.679761724997766e-10, 0.14619826659667, 0.9892553092322168, 7.624326031629991e-10, 0.0, 0.0, 0.0, 1.0]}, {"left_foot_pose": [1.0000000000000007, 7.955908987654252e-11, 3.9866965284573863e-10, -6.819526248750531e-10, -2.3677737619204e-11, 0.9903970403761692, -0.1382523143174298, -4.427091637726477e-09, -4.058407007447542e-10, 0.13825231431742951, 0.9903970403761696, 0.002758530288719842, 0.0, 0.0, 0.0, 1.0], "right_foot_pose": [0.9999999999999998, 5.49333668686509e-11, 2.3334295606858265e-10, -1.91421395541731e-11, -1.6926767219651212e-11, 0.9871411163557736, -0.1598512320874547, -0.14000000011751565, -2.3912377260479494e-10, 0.15985123208745453, 0.9871411163557732, 4.1667323064098483e-10, 0.0, 0.0, 0.0, 1.0]}, {"left_foot_pose": [1.0000000000000007, 7.736916593672973e-11, 3.496486988829858e-10, -1.0879477201606254e-09, -2.2620923624488238e-11, 0.9880798710143046, -0.15394209462117994, -6.403494842016633e-09, -3.5739118833383157e-10, 0.15394209462117958, 0.9880798710143047, 0.009084491388119453, 0.0, 0.0, 0.0, 1.0], "right_foot_pose": [0.9999999999999999, 2.8236585557054438e-11, 1.1287515366831244e-10, 1.983007663553685e-11, -8.624479266359851e-12, 0.9854260752109605, -0.17010423361669413, -0.14000000013624353, -1.1603346451323944e-10, 0.1701042336166939, 0.9854260752109604, 2.1158844815127864e-10, 0.0, 0.0, 0.0, 1.0]}, {"left_foot_pose": [1.0000000000000007, 4.09622961581338e-11, 1.7228574122896057e-10, -6.451576024165492e-10, -1.161791983163587e-11, 0.9859596583783147, -0.16698368797735363, -3.725840049678686e-09, -1.7670686818994445e-10, 0.16698368797735338, 0.9859596583783147, 0.015819261188367316, 0.0, 0.0, 0.0, 1.0], "right_foot_pose": [0.9999999999999998, 7.553398902639005e-12, 2.910310881176766e-11, 2.512541819418749e-11, -2.3004463253872525e-12, 0.984314571011051, -0.17642229251239974, -0.14000000006277266, -2.997934803259498e-11, 0.17642229251239955, 0.984314571011051, 6.050231843302001e-11, 0.0, 0.0, 0.0, 1.0]}, {"left_foot_pose": [1.0000000000000007, 1.5944032316361366e-13, 2.261302256556516e-12, -3.705927163201203e-12, 2.352368328848069e-13, 0.9848693064025145, -0.17329872851879566, -1.6828249210787405e-10, -2.2549077177062352e-12, 0.17329872851879544, 0.9848693064025148, 0.01980377366380915, 0.0, 0.0, 0.0, 1.0], "right_foot_pose": [1.0, 5.996816149887308e-14, 1.7458257062230556e-13, 6.9818964565582174e-12, -2.780440060055179e-14, 0.9839534061724604, -0.178425599288929, -0.1399999999973013, -1.827182091250251e-13, 0.17842559928892882, 0.9839534061724603, -7.245239130870829e-12, 0.0, 0.0, 0.0, 1.0]}, {"left_foot_pose": [1.0000000000000004, 1.0549775718891017e-11, 4.2385706056080414e-11, 4.316371350528809e-12, -3.157057340541635e-12, 0.9853140133034194, -0.17075214548552575, 2.1934745686458257e-11, -4.35647775972499e-11, 0.17075214548552553, 0.9853140133034192, 0.02000000008112989, 0.0, 0.0, 0.0, 1.0], "right_foot_pose": [0.9999999999999999, 9.155824803686073e-12, 3.51025875033883e-11, -2.265895745298032e-12, -2.8376791337666035e-12, 0.9844040710480779, -0.17592221265085017, -0.1399999999907191, -3.616584883509885e-11, 0.17592221265084998, 0.984404071048078, 6.637907584705616e-11, 0.0, 0.0, 0.0, 1.0]}, {"left_foot_pose": [1.0000000000000004, 3.872552034285643e-11, 1.6144174885823686e-10, -4.316538415122144e-13, -1.1864626787698786e-11, 0.986598865935457, -0.16316457254830646, 7.312019045802032e-11, -1.6559707107660315e-10, 0.16316457254830624, 0.986598865935457, 0.020000000320895134, 0.0, 0.0, 0.0, 1.0], "right_foot_pose": [0.9999999999999998, 3.335523908499073e-11, 1.3332168702362405e-10, -1.643042719503011e-11, -1.0338572346482193e-11, 0.9856092813436793, -0.16903947624503707, -0.13999999997176735, -1.3704133736673677e-10, 0.1690394762450369, 0.9856092813436792, 2.638607873861609e-10, 0.0, 0.0, 0.0, 1.0]}, {"left_foot_pose": [1.0000000000000002, 1.2346758068602282e-10, 5.560550353500537e-10, -4.873850078243855e-10, -3.905800210778212e-11, 0.9887902695446442, -0.1493110942088053, -2.669790621218082e-09, -5.682570038969017e-10, 0.1493110942088051, 0.9887902695446441, 0.018785003054987155, 0.0, 0.0, 0.0, 1.0], "right_foot_pose": [1.0, 7.28373001764178e-11, 3.124394631903722e-10, -5.721809978452938e-11, -2.2712095840691224e-11, 0.9875155985711349, -0.15752124484872929, -0.14000000007883923, -3.2001236972013737e-10, 0.15752124484872906, 0.9875155985711348, 6.199397106776416e-10, 0.0, 0.0, 0.0, 1.0]}, {"left_foot_pose": [1.0000000000000004, 1.9192331500516215e-10, 1.0126514071728785e-09, -1.3144388937788686e-09, -6.192639712239924e-11, 0.9919229802961639, -0.12684163811768168, -7.47049568039504e-09, -1.0288163747876413e-09, 0.12684163811768145, 0.9919229802961639, 0.013357590426266566, 0.0, 0.0, 0.0, 1.0], "right_foot_pose": [0.9999999999999998, 1.193503298144646e-10, 5.712597617169018e-10, -1.0355778471295468e-10, -3.762660599968175e-11, 0.9900135411308485, -0.14097229648962162, -0.1400000002634458, -5.823801642609848e-10, 0.14097229648962142, 0.9900135411308484, 1.177597130919139e-09, 0.0, 0.0, 0.0, 1.0]}, {"left_foot_pose": [1.0000000000000004, 1.879809418655463e-10, 1.2564344009646755e-09, -1.372729536870649e-09, -6.185475805143633e-11, 0.9950236147316265, -0.09963938039956156, -8.200581814304941e-09, -1.2689125342086623e-09, 0.09963938039956127, 0.9950236147316266, 0.006406381681011361, 0.0, 0.0, 0.0, 1.0], "right_foot_pose": [1.0, 1.5939243770646915e-10, 8.987575128571727e-10, -1.610894497493492e-10, -5.094690574712939e-11, 0.99284707207168, -0.11939301268789672, -0.1400000003391689, -9.113591706176619e-10, 0.11939301268789652, 0.9928470720716798, 1.8513729299618475e-09, 0.0, 0.0, 0.0, 1.0]}, {"left_foot_pose": [1.0000000000000004, 1.4658635192118576e-10, 1.3903945772497625e-09, -6.563493516618972e-10, -4.859511522550869e-11, 0.9975317532267708, -0.07021681639269811, -3.807038217659708e-09, -1.3972557755799784e-09, 0.0702168163926978, 0.9975317532267708, 0.0010904468355916255, 0.0, 0.0, 0.0, 1.0], "right_foot_pose": [0.9999999999999998, 1.7690150601648797e-10, 1.2790092873693473e-09, -2.3094389065648638e-10, -5.735432837868013e-11, 0.9956781686182037, -0.09287079485554209, -0.14000000020288905, -1.2899107396746047e-09, 0.09287079485554192, 0.9956781686182035, 2.5862563340917077e-09, 0.0, 0.0, 0.0, 1.0]}, {"left_foot_pose": [1.0000000000000004, 9.467650150413015e-11, 1.6344229858411537e-09, -2.1507542436989926e-10, -3.104995996757371e-11, 0.9992436908800382, -0.03888503872236301, 3.948014658250454e-10, -1.6368684741359684e-09, 0.038885038722362715, 0.9992436908800383, 3.5171284634705202e-09, 0.0, 0.0, 0.0, 1.0], "right_foot_pose": [0.9999999999999998, 1.5293191609965386e-10, 1.6573504235672936e-09, -2.927601357828427e-10, -5.022499433694381e-11, 0.9980889137906438, -0.061794175843788136, -0.14000000002598548, -1.6636334952570093e-09, 0.06179417584378796, 0.9980889137906436, 3.337005567705109e-09, 0.0, 0.0, 0.0, 1.0]}, {"left_foot_pose": [1.0000000000000002, 1.2902371349035032e-11, 1.8280489899602517e-09, -2.585217478718698e-10, -4.2480377480886914e-12, 0.9999887948878267, -0.004733930585983384, 3.2214719780654377e-10, -1.8280897433549382e-09, 0.004733930585983113, 0.9999887948878265, 3.803956039050149e-09, 0.0, 0.0, 0.0, 1.0], "right_foot_pose": [0.9999999999999999, 7.57593357031846e-11, 1.8365418075205749e-09, -3.395805827522277e-10, -2.5133533189289878e-11, 0.9996204226783156, -0.02755014635942998, -0.14000000015579353, -1.8379319170276641e-09, 0.02755014635942979, 0.9996204226783155, 3.765164020841372e-09, 0.0, 0.0, 0.0, 1.0]}, {"left_foot_pose": [1.0000000000000007, -7.74537969139242e-11, 1.7366297844212418e-09, -2.6389023065591633e-10, 2.544493004015589e-11, 0.9995520460699916, 0.02992836776862643, 1.8670499347950287e-10, -1.7381701293343158e-09, -0.029928367768626698, 0.9995520460699919, 3.5426904118618374e-09, 0.0, 0.0, 0.0, 1.0], "right_foot_pose": [1.0, -1.812417715980191e-11, 1.7283589004435387e-09, -3.407868987805801e-10, 5.838986619896374e-12, 0.999974739485304, 0.007107769783711709, -0.14000000026179163, -1.728444181873491e-09, -0.0071077697837118895, 0.999974739485304, 3.6593559224473715e-09, 0.0, 0.0, 0.0, 1.0]}, {"left_foot_pose": [1.0000000000000007, -1.294970896093246e-10, 1.3969967960214576e-09, -2.2977852714211867e-10, 4.2230363397822145e-11, 0.9980582418759222, 0.06228760569763464, 6.19328494738669e-11, -1.4023504697351937e-09, -0.06228760569763488, 0.9980582418759225, 2.837535088839882e-09, 0.0, 0.0, 0.0, 1.0], "right_foot_pose": [0.9999999999999998, -8.076714047097578e-11, 1.3782509578064155e-09, -2.984336842898479e-10, 2.6437996750306044e-11, 0.9992245632907558, 0.03937349510010927, -0.14000000028498064, -1.3803623892542626e-09, -0.03937349510010945, 0.9992245632907557, 3.0523816113570135e-09, 0.0, 0.0, 0.0, 1.0]}, {"left_foot_pose": [1.0000000000000004, -1.2957102934776228e-10, 9.67749547164945e-10, -1.2183274456672797e-10, 4.1888933570888026e-11, 0.9959363089253185, 0.0900603606711267, 2.355114107205347e-10, -9.754862590396998e-10, -0.09006036067112695, 0.9959363089253186, 1.9524677846716187e-09, 0.0, 0.0, 0.0, 1.0], "right_foot_pose": [0.9999999998780429, -1.5581541715170374e-05, -1.0627659042249715e-06, 0.0003123503959289287, 1.5617742446603993e-05, 0.9977075135783046, 0.06767360715584238, -0.14000077703250569, 5.87039476356402e-09, -0.06767360716418727, 0.9977075136999755, 0.0018002421223413043, 0.0, 0.0, 0.0, 1.0]}, {"left_foot_pose": [1.0000000000000002, -9.841264642568581e-11, 5.898694310779737e-10, -3.236096419001306e-11, 3.1495747769455195e-11, 0.9936644988789364, 0.11238711522088715, 2.742260038837707e-10, -5.971928634763003e-10, -0.11238711522088742, 0.9936644988789364, 1.197238641559295e-09, 0.0, 0.0, 0.0, 1.0], "right_foot_pose": [0.9999999977012912, -6.751030978335195e-05, -6.306761835938766e-06, 0.0013560704692942324, 6.780425396533345e-05, 0.9956891312695927, 0.09275316314922548, -0.14000338405108392, 1.777943587412692e-08, -0.09275316336363845, 0.9956891335582799, 0.006968088561197461, 0.0, 0.0, 0.0, 1.0]}, {"left_foot_pose": [1.0000000000000004, -5.7278272284244435e-11, 2.992851522165563e-10, 1.252436954283115e-11, 1.8175726987932437e-11, 0.9916376022158462, 0.12905373249777688, 1.9008424261696133e-10, -3.0417447614405073e-10, -0.1290537324977771, 0.9916376022158466, 6.196125140744968e-10, 0.0, 0.0, 0.0, 1.0], "right_foot_pose": [0.9999999888165507, -0.00014857564658049525, -1.7093136162215255e-05, 0.0029910849915158553, 0.00014955566554440808, 0.9934708059573198, 0.11408652568825137, -0.14000747259067767, 3.105243913243925e-08, -0.11408652696874604, 0.9934708170672196, 0.013246769715715069, 0.0, 0.0, 0.0, 1.0]}, {"left_foot_pose": [1.0000000000000002, -2.173727149852361e-11, 1.0452716470155155e-10, 1.4332474438813152e-11, 6.8863855951260434e-12, 0.9901471856552742, 0.14003053502340376, 6.696586948157224e-11, -1.0654162027591866e-10, -0.140030535023404, 0.9901471856552745, 2.3303559776310934e-10, 0.0, 0.0, 0.0, 1.0], "right_foot_pose": [0.9999999678682897, -0.0002513524064509693, -3.2945204735289e-05, 0.005070005781851797, 0.0002535023015871695, 0.9915411215786527, 0.12979268066855912, -0.1400126730427336, 4.282262807469093e-08, -0.12979268484978385, 0.9915411534371542, 0.01833332261462195, 0.0, 0.0, 0.0, 1.0]}, {"left_foot_pose": [1.0000000000000004, -2.2385678704790563e-12, 9.88809034652154e-12, -9.135791208545308e-12, 7.784001271854933e-13, 0.9893883801964342, 0.1452949866040717, 5.870752668724055e-12, -1.0108700160137916e-11, -0.14529498660407195, 0.9893883801964339, 7.049792694058254e-11, 0.0, 0.0, 0.0, 1.0], "right_foot_pose": [0.9999999307058838, -0.0003687558119932091, -5.1062498855056364e-05, 0.007445442351167043, 0.00037227439500316247, 0.9905667259352782, 0.1370307369958949, -0.14001861350246067, 4.9931620007633724e-08, -0.13703074650973218, 0.9905667945731794, 0.02000000073267528, 0.0, 0.0, 0.0, 1.0]}, {"left_foot_pose": [1.0000000000000004, -3.2748734396979426e-12, 1.4482803845084002e-11, 4.2700699710893374e-12, 1.1402657598826092e-12, 0.9894285956607264, 0.14502087466583452, 9.482067041266529e-12, -1.48048297930714e-11, -0.14502087466583477, 0.9894285956607265, 8.402792350814536e-11, 0.0, 0.0, 0.0, 1.0], "right_foot_pose": [0.9999998757477022, -0.0004938104006227273, -6.823392243165615e-05, 0.009970000014257874, 0.0004985023342943627, 0.9906019061568829, 0.13677578372567462, -0.14002492490260968, 5.134906833559373e-08, -0.13677580074573906, 0.9906020292379573, 0.02000000069276893, 0.0, 0.0, 0.0, 1.0]}, {"left_foot_pose": [1.0000000000000004, -2.337755754085621e-11, 1.1234879693233826e-10, 4.0005648990054095e-12, 7.49782395814533e-12, 0.9902479008748848, 0.13931652742185818, 1.7114469563761503e-12, -1.1451034992309907e-10, -0.13931652742185846, 0.9902479008748847, 2.943700352919798e-10, 0.0, 0.0, 0.0, 1.0], "right_foot_pose": [0.9999998048020633, -0.0006194670301387323, -8.158696920656619e-05, 0.012496291672392027, 0.0006248166392784097, 0.9914478363958967, 0.13050209695657036, -0.1400312406994203, 4.747766936438801e-08, -0.13050212245972642, 0.9914480299206333, 0.020000000766746726, 0.0, 0.0, 0.0, 1.0]}, {"left_foot_pose": [1.0000000000000002, -5.99192496513772e-11, 3.1442071168896865e-10, -8.110846358938552e-11, 1.9173497531425257e-11, 0.9917712311047091, 0.12802275248193304, 1.1509690856642552e-10, -3.195047584334225e-10, -0.12802275248193326, 0.9917712311047092, 7.301972221318564e-10, 0.0, 0.0, 0.0, 1.0], "right_foot_pose": [0.9999997233451406, -0.0007387478092369982, -8.695582735145938e-05, 0.014876928313649633, 0.0007438478608525293, 0.9931494338791462, 0.11684882830345987, -0.14003718963777476, 3.831478549541949e-08, -0.11684886065857007, 0.9931497086355073, 0.018419946972660618, 0.0, 0.0, 0.0, 1.0]}, {"left_foot_pose": [1.0000000000000004, -1.012028196116029e-10, 6.124273865815176e-10, -1.7743906388225145e-10, 3.2619102042411564e-11, 0.9938241349747655, 0.11096661093166747, 2.7168432434332423e-10, -6.198755938541228e-10, -0.11096661093166775, 0.9938241349747654, 1.3929094128117825e-09, 0.0, 0.0, 0.0, 1.0], "right_foot_pose": [0.9999996402557044, -0.0008443792418723348, -8.069793942721525e-05, 0.0169645162217278, 0.0008482266565499987, 0.9954666689938446, 0.09510726278175687, -0.1400424051170861, 2.5510511962945405e-08, -0.09510729701760513, 0.9954670271053704, 0.013389175737564582, 0.0, 0.0, 0.0, 1.0]}, {"left_foot_pose": [1.0000000000000007, -1.2980362468154081e-10, 9.858458493994276e-10, -2.72766719509979e-10, 4.2257068173236874e-11, 0.9960948453171959, 0.08828963207824957, 3.6382302899540253e-10, -9.934565332677545e-10, -0.0882896320782498, 0.9960948453171959, 2.2203087632344243e-09, 0.0, 0.0, 0.0, 1.0], "right_foot_pose": [0.9999995670068138, -0.0009284133663858259, -6.352012416604394e-05, 0.018611668332419017, 0.0009305837871466708, 0.9976681674749892, 0.06824486516150703, -0.14004652215118468, 1.256087120842055e-08, -0.06824489472274327, 0.997668599457897, 0.007112088681753191, 0.0, 0.0, 0.0, 1.0]}, {"left_foot_pose": [1.0000000000000004, -1.243893868601502e-10, 1.3781799035328415e-09, -3.5617838215722647e-10, 4.087932470543199e-11, 0.9981724530511406, 0.06042974408244144, 3.1888623339138e-10, -1.3831781762926287e-09, -0.06042974408244171, 0.9981724530511407, 3.096225387189122e-09, 0.0, 0.0, 0.0, 1.0], "right_foot_pose": [0.999999516314705, -0.000982829731829755, -3.763075956791354e-05, 0.01967099686776025, 0.0009835498746010643, 0.9992674286644513, 0.03825753050028245, -0.14004917307549503, 2.5539099743710995e-09, -0.03825754900740656, 0.9992679119955497, 0.0018916486404033372, 0.0, 0.0, 0.0, 1.0]}, {"left_foot_pose": [1.0000000000000004, -6.975256190537202e-11, 1.6230199961775345e-09, -3.9338144322306846e-10, 2.310381567461657e-11, 0.9995873690224305, 0.028724409320576662, 1.1622879048100998e-10, -1.624354049622672e-09, -0.028724409320576925, 0.9995873690224308, 3.6783777829230146e-09, 0.0, 0.0, 0.0, 1.0], "right_foot_pose": [0.9999995000000372, -0.0009999803579198462, -6.241724533556612e-06, 0.019999999988414154, 0.0009999998376740544, 0.9999800101640064, 0.006243338267175673, -0.14005000031493994, -1.6158726099572759e-09, -0.006243341387230473, 0.9999805101542343, 3.832719003282747e-09, 0.0, 0.0, 0.0, 1.0]}, {"left_foot_pose": [1.0000000000000004, 1.0193928177926887e-11, 1.6213214104610076e-09, -4.990384056402438e-10, -3.1352075377635464e-12, 0.9999905238263244, -0.004353419064861063, 2.0325206448457145e-10, -1.621350621338312e-09, 0.004353419064860789, 0.9999905238263245, 3.818290517099143e-09, 0.0, 0.0, 0.0, 1.0], "right_foot_pose": [0.9999995000000632, -0.0009996394025160275, 2.684563395355943e-05, 0.019999999885447185, 0.0009999998115611886, 0.9996391348181531, -0.026843996356562837, -0.14005000023342656, -1.629820063082152e-09, 0.026844009780195074, 0.9996396346378633, 3.7539145264497975e-09, 0.0, 0.0, 0.0, 1.0]}, {"left_foot_pose": [1.0000000000000004, 7.297100453045936e-11, 1.367189972345527e-09, -4.725457087366223e-10, -2.361856321904932e-11, 0.9993495271921589, -0.036062757809259834, 2.3813200890343555e-10, -1.3689323845990973e-09, 0.036062757809259556, 0.9993495271921589, 3.411574044098753e-09, 0.0, 0.0, 0.0, 1.0], "right_foot_pose": [0.9999995000000809, -0.000998278350937945, 5.865084416062919e-05, 0.01999999985323685, 0.0009999997937351214, 0.9982781392253715, -0.05864943942734999, -0.14005000011958701, -1.389897770722704e-09, 0.05864946875346694, 0.998278638364528, 3.178814177162703e-09, 0.0, 0.0, 0.0, 1.0]}, {"left_foot_pose": [0.9999999997232256, -2.3478094751715373e-05, 1.5260693027046024e-06, 0.0004689015140990716, 2.3527636111270832e-05, 0.99792888651147, -0.0643267977784457, 2.3106622416835254e-07, -1.2637986847095854e-08, 0.06432679779654617, 0.9979288867876522, 0.0013721660985310802, 0.0, 0.0, 0.0, 1.0], "right_foot_pose": [0.9999995000000832, -0.000996244746832715, 8.657937125789423e-05, 0.019999999984984185, 0.0009999997915591016, 0.996244543283691, -0.08657834589484277, -0.14005000027481287, -1.003889263398066e-09, 0.08657838918503007, 0.9962450414060419, 2.3570081580936986e-09, 0.0, 0.0, 0.0, 1.0]}, {"left_foot_pose": [0.9999999928029771, -0.0001194889794577227, 1.079027706019315e-05, 0.002391081974087893, 0.00011997518520934049, 0.9959735921193885, -0.08964702675915961, 1.1894230320108612e-06, -3.499926497860435e-08, 0.08964702740853307, 0.9959735992870561, 0.006257920501372416, 0.0, 0.0, 0.0, 1.0], "right_foot_pose": [0.999999500000075, -0.000993992668700947, 0.0001094448480669694, 0.020000000085032433, 0.000999999800099655, 0.993992440385548, -0.10944417963867581, -0.14005000033096038, -6.394251291321469e-10, 0.10944423436142021, 0.9939929373818722, 1.5754343246632274e-09, 0.0, 0.0, 0.0, 1.0]}, {"left_foot_pose": [0.9999999615560725, -0.00027554769536092407, 3.1005196259764366e-05, 0.005526266113212393, 0.00027728658627807753, 0.9937532944225524, -0.11159889307907132, 2.757529095223296e-06, -6.069813479127044e-08, 0.11159889738609625, 0.9937533326244522, 0.012525446953037214, 0.0, 0.0, 0.0, 1.0], "right_foot_pose": [0.9999995000000621, -0.0009919151467679148, 0.00012690140681892974, 0.020000000104825427, 0.0009999998127200732, 0.9919148804256638, -0.12690102438718157, -0.14005000024083372, -3.45540647215884e-10, 0.12690108783806014, 0.9919153763832461, 9.203392214995887e-10, 0.0, 0.0, 0.0, 1.0]}, {"left_foot_pose": [0.999999884452917, -0.0004767307241067066, 6.182208757999713e-05, 0.0095807100933527, 0.00048072252573169656, 0.991718602111967, -0.12842890302007756, 4.78771283063395e-06, -8.41103418515618e-08, 0.12842891789976218, 0.9917187166969724, 0.017871781515609128, 0.0, 0.0, 0.0, 1.0], "right_foot_pose": [0.9999995000000503, -0.0009903111121045702, 0.0001388652221306404, 0.02000000006018812, 0.000999999824337613, 0.9903108100077963, -0.1388650408924215, -0.140050000098378, -1.3753158311798408e-10, 0.13886511032510562, 0.9903113051633794, 4.427543956464497e-10, 0.0, 0.0, 0.0, 1.0]}, {"left_foot_pose": [0.9999997439987569, -0.0007087552341501219, 9.832822572954058e-05, 0.014260669882863076, 0.00071554343826356, 0.9905320242776857, -0.13727999445636224, 7.129991744177916e-06, -9.934186069813195e-08, 0.13728002967062944, 0.990532277845413, 0.020000002902095082, 0.0, 0.0, 0.0, 1.0], "right_foot_pose": [0.9999995000000433, -0.0009893888496151238, 0.0001452906312147169, 0.019999999975905226, 0.0009999998316307947, 0.9893885247976806, -0.14529056059843132, -0.14005000001074638, -2.2674227957803532e-11, 0.14529063324376387, 0.9893890194921438, 2.0061988875719194e-10, 0.0, 0.0, 0.0, 1.0]}, {"left_foot_pose": [0.9999995324457348, -0.0009576895161353817, 0.00013393693892173748, 0.019272387134579894, 0.0009670099803658842, 0.9903759719314024, -0.1383997800309984, 9.63579850441279e-06, -1.0390769134494151e-07, 0.13839984483994722, 0.9903764349722125, 0.020000003104260533, 0.0, 0.0, 0.0, 1.0], "right_foot_pose": [0.9999995000000422, -0.000989239700292524, 0.00014630270276145226, 0.019999999993894048, 0.0009999998327351036, 0.9892393718511724, -0.14630264925773737, -0.14005000002063264, -4.876176930279008e-12, 0.146302722409097, 0.989239866471063, 1.5219214777317802e-10, 0.0, 0.0, 0.0, 1.0]}, {"left_foot_pose": [0.9999992553321637, -0.0012094197432572249, 0.00016321459379539153, 0.024322118783877935, 0.001220383181362433, 0.9910264216484362, -0.13366054862818447, 1.216073469679016e-05, -9.826844443400671e-08, 0.13366064827981783, 0.9910271596184487, 0.0200000030167908, 0.0, 0.0, 0.0, 1.0], "right_foot_pose": [0.9999995000000468, -0.0009898607242971424, 0.00014204014405345077, 0.0199999999974697, 0.000999999828014434, 0.9898604105308345, -0.14204002134635188, -0.14005000002030293, -7.689555486697244e-11, 0.14204009236646728, 0.9898609054612296, 2.9427667247450273e-10, 0.0, 0.0, 0.0, 1.0]}, {"left_foot_pose": [0.9999989328502281, -0.0014508907941997236, 0.00017092193834963783, 0.029116120549680723, 0.0014609238171123925, 0.9931377044125589, -0.1169417195689985, 1.455560674163206e-05, -7.935710610587445e-08, 0.11694184447859941, 0.9931387642268011, 0.01882299216182777, 0.0, 0.0, 0.0, 1.0], "right_foot_pose": [0.9999995000000592, -0.0009918017430718576, 0.00012778471643932134, 0.019999999902059803, 0.0009999998156579272, 0.9918014672667479, -0.12778438687059968, -0.14005000011994223, -2.9162321222442526e-10, 0.12778445076310646, 0.991801963167633, 7.419080697013136e-10, 0.0, 0.0, 0.0, 1.0]}, {"left_foot_pose": [0.9999985990388022, -0.0016661639523035078, 0.00016068017317991479, 0.03336063702655935, 0.0016738937931973727, 0.9953839198991966, -0.09595858526301777, 1.667430523568346e-05, -5.5724950805270995e-08, 0.09595871979030747, 0.9953853143864456, 0.014090251828506047, 0.0, 0.0, 0.0, 1.0], "right_foot_pose": [0.9999995000000721, -0.000993775822909258, 0.00011139667446142181, 0.019999999793357842, 0.0009999998026398887, 0.9937755863140775, -0.11139606836197628, -0.1400500002772206, -5.759710896198896e-10, 0.11139612406060247, 0.993776083201983, 1.3674917864747727e-09, 0.0, 0.0, 0.0, 1.0]}, {"left_foot_pose": [0.9999982988080112, -0.001840072312746349, 0.00012851057834532172, 0.03676192193763819, 0.001844554440490754, 0.9975695421294609, -0.06965347252316215, 1.837380581787111e-05, -3.0812522281562155e-08, 0.06965359107399029, 0.9975712391857025, 0.007840258665554975, 0.0, 0.0, 0.0, 1.0], "right_foot_pose": [0.9999995000000823, -0.0009959919151860956, 8.944098552460726e-05, 0.01999999969745238, 0.000999999792503422, 0.9959917078108814, -0.08944002444307961, -0.14005000037301035, -9.386817284530723e-10, 0.08944006916404154, 0.9959922058068182, 2.173859620091534e-09, 0.0, 0.0, 0.0, 1.0]}, {"left_foot_pose": [0.9999980827890302, -0.0019565925811262214, 7.850946759256218e-05, 0.03902623202467396, 0.0019581670676688877, 0.999194245506961, -0.04008772040801148, 1.950823482868569e-05, -1.087189204130848e-08, 0.040087797286047784, 0.9991961611759494, 0.0023759750500262217, 0.0, 0.0, 0.0, 1.0], "right_foot_pose": [0.9999995000000825, -0.0009980602821109024, 6.225156933481924e-05, 0.01999999961868315, 0.0009999997923051118, 0.9980600731709118, -0.06225022363405125, -0.14005000033981885, -1.3300837472714204e-09, 0.0622502547605008, 0.9980605722010326, 3.064882708736505e-09, 0.0, 0.0, 0.0, 1.0]}, {"left_foot_pose": [0.9999980000126707, -0.001999922227164296, 1.6785272637192678e-05, 0.03985982053846201, 0.0019999926650070554, 0.999962787813956, -0.008391842269865226, 1.993013476225304e-05, -1.6161381949078778e-09, 0.008391859056708894, 0.999964787730835, 3.78266073769451e-07, 0.0, 0.0, 0.0, 1.0], "right_foot_pose": [0.9999995000000667, -0.0009995195572873726, 3.09882408371975e-05, 0.019999999607662203, 0.0009999998082338157, 0.9995192986612159, -0.030986635896379018, -0.14005000011284602, -1.5961554501114833e-09, 0.030986651391297845, 0.9995197984209989, 3.7233059066443808e-09, 0.0, 0.0, 0.0, 1.0]}, {"left_foot_pose": [0.9999980000006267, -0.001999396647423505, -4.906927546551353e-05, 0.039859940021440644, 0.001999998686879992, 0.9996969606192956, 0.0245354220219678, 1.9930202368597175e-05, -1.6349914431437632e-09, -0.02453547108962588, 0.9996989600166697, 3.922490658669897e-09, 0.0, 0.0, 0.0, 1.0], "right_foot_pose": [0.999999500000041, -0.000999997926477349, -1.9532222594278484e-06, 0.019999999541290565, 0.0009999998340168, 0.999997589275989, 0.0019548510282412085, -0.14005000020703917, -1.6294241154006176e-09, -0.0019548520040378907, 0.9999980892749958, 3.901297854214114e-09, 0.0, 0.0, 0.0, 1.0]}, {"left_foot_pose": [0.9999980000005886, -0.0019968034478852845, -0.00011300802867216291, 0.03985993993302742, 0.0019999987060071245, 0.998400332950403, 0.056504647328351344, 1.9930102233403635e-05, -1.4211547589213984e-09, -0.05650476033500129, 0.998402329754636, 3.365815119671378e-09, 0.0, 0.0, 0.0, 1.0], "right_foot_pose": [0.999999500000019, -0.0009994267528471003, -3.3850806653908264e-05, 0.019999999512875687, 0.0009999998557078623, 0.9994263498730057, 0.03385219608546971, -0.14005000023928843, -1.4022760820436336e-09, -0.03385221301017424, 0.9994268495864584, 3.5483230104160768e-09, 0.0, 0.0, 0.0, 1.0]}, {"left_foot_pose": [0.9999980000005819, -0.001992786674674585, -0.00016969415504349328, 0.03985994000938669, 0.0019999987092537393, 0.99639194351707, 0.0848474802185629, 1.99302372940538e-05, -1.0390123357560392e-09, -0.08484764991174312, 0.9963939363045397, 2.5313683302274903e-09, 0.0, 0.0, 0.0, 1.0], "right_foot_pose": [0.9999994829914332, -0.0010148839689402443, -6.34617661630603e-05, 0.02033850416830878, 0.0010168661987229332, 0.998050650496668, 0.06240084155130883, -0.1400494893612192, 8.443261791898542e-09, -0.06240087382166427, 0.9980511664971351, 0.0009950899818376435, 0.0, 0.0, 0.0, 1.0]}, {"left_foot_pose": [0.9999980000005981, -0.001988254697827634, -0.0002164210287311681, 0.03985994011379437, 0.001999998701277451, 0.9941259698994149, 0.10821070176624557, 1.993031842160292e-05, -6.710481325036974e-10, -0.10821091818668332, 0.9941279581548829, 1.7285201880934409e-09, 0.0, 0.0, 0.0, 1.0], "right_foot_pose": [0.9999993892836854, -0.001100897989653255, -9.724131123700133e-05, 0.02211103333439957, 0.001105184263048623, 0.9961235025112026, 0.08795877621112354, -0.14004682749502428, 3.0715634979013926e-08, -0.08795882996283097, 0.9961241108574618, 0.00556687617970078, 0.0, 0.0, 0.0, 1.0]}, {"left_foot_pose": [0.9999980000006231, -0.001984008646222197, -0.000252397397795385, 0.039859940137198846, 0.0019999986886744267, 0.9920029661671325, 0.12619871283359882, 1.9930241859144292e-05, -3.701382376049968e-10, -0.12619896523071653, 0.9920049501765088, 1.0410479769906722e-09, 0.0, 0.0, 0.0, 1.0], "right_foot_pose": [0.999999211105921, -0.0012484336759760533, -0.00013856728283073055, 0.025139890021661896, 0.001256100128150584, 0.993900838096987, 0.11027033255855571, -0.1400422843266876, 5.694191112618412e-08, -0.11027041962132521, 0.9939016221722015, 0.011791372323815053, 0.0, 0.0, 0.0, 1.0]}, {"left_foot_pose": [0.999998000000647, -0.001980663682300214, -0.00027742762026557535, 0.03985994009439693, 0.0019999986767171895, 0.9903305050631499, 0.13871370064510627, 1.993009960208486e-05, -1.5380935239428815e-10, -0.13871397807266836, 0.9903324857275239, 5.259717730798918e-10, 0.0, 0.0, 0.0, 1.0], "right_foot_pose": [0.9999989416695435, -0.0014429458721915579, -0.00018592203361832667, 0.029129266190721117, 0.0014548744914922357, 0.9918070470484217, 0.1277367009332225, -0.14003630302770842, 8.163780522349518e-08, -0.12773683623880583, 0.9918080966939592, 0.017365613268041577, 0.0, 0.0, 0.0, 1.0]}, {"left_foot_pose": [0.9999980000006627, -0.001978653508904202, -0.0002914188859488751, 0.039859940003600214, 0.0019999986688464975, 0.9893254321173054, 0.14570926316206625, 1.992999619949802e-05, -2.956719467705064e-11, -0.14570955458102067, 0.9893274107714803, 2.413581279281374e-10, 0.0, 0.0, 0.0, 1.0], "right_foot_pose": [0.9999985774061553, -0.00167071141610723, -0.0002321831804566357, 0.033783354351617, 0.0016867678131448052, 0.9904876078931647, 0.137591618292761, -0.14002932450298367, 9.867556121863452e-08, -0.1375918141948875, 0.9904890169338323, 0.019986637679032956, 0.0, 0.0, 0.0, 1.0]}, {"left_foot_pose": [0.9999980000006659, -0.001978721123685756, -0.0002909594200129659, 0.03985994002216093, 0.001999998667353479, 0.9893592419213244, 0.14547951893717975, 1.9930001972067943e-05, -5.970900794115632e-12, -0.14547980989669118, 0.9893612206431098, 1.827832468714874e-10, 0.0, 0.0, 0.0, 1.0], "right_foot_pose": [0.9999981239351527, -0.0019186669511682265, -0.0002661640575740013, 0.03880633340392248, 0.0019370405686108508, 0.9905200375629414, 0.13735466158869467, -0.14002179003383164, 1.0298252700504932e-07, -0.13735491947302, 0.9905218958188402, 0.02000000292716153, 0.0, 0.0, 0.0, 1.0]}, {"left_foot_pose": [0.9999980000006554, -0.0019800184520098974, -0.0002819957790089098, 0.03985994003081206, 0.001999998672419486, 0.990007897227145, 0.1409977426528456, 1.993000042141771e-05, -8.394098636424135e-11, -0.14099802464863653, 0.9900098772462744, 3.329774650451256e-10, 0.0, 0.0, 0.0, 1.0], "right_foot_pose": [0.9999975998573736, -0.0021716506673574144, -0.00029019453953597755, 0.04390239478761514, 0.0021909540119008654, 0.9911930510416838, 0.13240670408705035, -0.14001414600144602, 9.77037449769909e-08, -0.1324070220949667, 0.9911954300237332, 0.02000000292459396, 0.0, 0.0, 0.0, 1.0]}, {"left_foot_pose": [0.9999980000006348, -0.0019827630638265623, -0.00026200260435989633, 0.03985993994970051, 0.0019999986829913946, 0.9913801846924425, 0.13100125726285025, 1.993007722137733e-05, -2.63915643798544e-10, -0.13100151926528267, 0.9913821674562181, 6.975533414776969e-10, 0.0, 0.0, 0.0, 1.0], "right_foot_pose": [0.9999970383794496, -0.002415961834046272, -0.0002938719889396361, 0.04877573046312985, 0.002433769159699406, 0.9926843658460828, 0.12071382096693721, -0.14000683431024583, 8.214468244590568e-08, -0.12071417867498806, 0.9926873057850675, 0.01917316019325905, 0.0, 0.0, 0.0, 1.0]}, {"left_foot_pose": [0.9999980000006078, -0.0019866707087728766, -0.0002305087430102445, 0.03985993983628518, 0.001999998696424863, 0.993333983814547, 0.1152544862655536, 1.9930235003808548e-05, -5.439202835826896e-10, -0.11525471677383683, 0.9933359704860102, 1.3051734415459038e-09, 0.0, 0.0, 0.0, 1.0], "right_foot_pose": [0.9999964867631956, -0.0026373078749119326, -0.0002665866436881528, 0.05313052244502045, 0.0026507473026105084, 0.9949286537839303, 0.10054823428799697, -0.14000029842923695, 5.8040425115480987e-08, -0.10054858769206651, 0.9949321492007017, 0.014770326004243814, 0.0, 0.0