{"LoopMode": "Wrap", "FrameDuration": 0.0167, "EnableCycleOffsetPosition": true, "EnableCycleOffsetRotation": false, "Debug_info": [{"left_foot_pose": [1.0000000000000007, -5.657356465983958e-14, 4.574174372606878e-12, -8.927018517733202e-13, 1.316296498129938e-14, 0.999954283973848, 0.00956190160740721, -1.907952962287851e-13, -4.574658493255409e-12, -0.00956190160740748, 0.9999542839738484, 1.1185039006100794e-11, 0.0, 0.0, 0.0, 1.0], "right_foot_pose": [1.0, 9.828269378250299e-14, 4.552358490172991e-12, -6.814485046917345e-13, -3.7959846879917977e-14, 0.9999123531138202, -0.013239565339651926, -0.14000000000136828, -4.5533349632088635e-12, 0.013239565339651739, 0.9999123531138204, 7.731509876762743e-12, 0.0, 0.0, 0.0, 1.0]}, {"left_foot_pose": [1.0000000000000004, -9.893612359920533e-14, 1.0184852961003802e-11, -1.9138232927435386e-12, 2.403049963753761e-14, 0.9999727178721903, 0.007386711806051787, 1.989779868649677e-13, -1.0185537391745054e-11, -0.0073867118060520565, 0.9999727178721906, 2.3757454337136608e-11, 0.0, 0.0, 0.0, 1.0], "right_foot_pose": [0.9999999999999998, 2.4567422930632884e-13, 1.0160094987554656e-11, -1.6032925250676416e-12, -8.89798801107756e-14, 0.9998811775537972, -0.015415277280410528, -0.14000000000241378, -1.0162770328457907e-11, 0.015415277280410346, 0.999881177553797, 1.8525563028060077e-11, 0.0, 0.0, 0.0, 1.0]}, {"left_foot_pose": [1.0000000000000007, -9.770031947132162e-14, 1.7846391031639548e-11, -3.2909810685559956e-12, 2.0226823359805934e-14, 0.9999904969551515, 0.004359587066459218, 9.53568821127071e-13, -1.7846878681874847e-11, -0.00435958706645949, 0.9999904969551519, 4.074762749439742e-11, 0.0, 0.0, 0.0, 1.0], "right_foot_pose": [1.0, 5.057410931767386e-13, 1.7833012844192805e-11, -2.8919761624560643e-12, -1.7670182127540824e-13, 0.9998298990121071, -0.018443780562558774, -0.14000000000360552, -1.783937684086354e-11, 0.01844378056255859, 0.9998298990121071, 3.362726763711521e-11, 0.0, 0.0, 0.0, 1.0]}, {"left_foot_pose": [1.0000000000000004, 3.6199474277386226e-15, 2.740335736106659e-11, -4.997754537104984e-12, -1.6990988808195896e-14, 0.9999998749957851, 0.0005000084147121078, 2.1181025683381094e-12, -2.7403528890607973e-11, -0.0005000084147123783, 0.9999998749957852, 6.193732332571145e-11, 0.0, 0.0, 0.0, 1.0], "right_foot_pose": [0.9999999999999998, 9.29956569906773e-13, 2.7425894888466467e-11, -4.527445264463424e-12, -3.17911007840094e-13, 0.9997511853809613, -0.022306217280453, -0.1400000000048486, -2.743982489928266e-11, 0.022306217280452817, 0.9997511853809612, 5.2725879218229466e-11, 0.0, 0.0, 0.0, 1.0]}, {"left_foot_pose": [1.0000000000000004, 2.734658317426182e-13, 3.893507738439439e-11, -7.048835215743536e-12, -1.1036390245819967e-13, 0.9999912617268123, -0.004180486816021582, 3.778366508555564e-12, -3.893631236941826e-11, 0.00418048681602131, 0.9999912617268124, 8.764538400596322e-11, 0.0, 0.0, 0.0, 1.0], "right_foot_pose": [1.0, 1.590230310873669e-12, 3.902944634148752e-11, -6.530273806677314e-12, -5.361278700115445e-13, 0.9996356540934428, -0.026991833305185974, -0.1400000000060653, -3.90583725481969e-11, 0.026991833305185797, 0.9996356540934427, 7.598237317107959e-11, 0.0, 0.0, 0.0, 1.0]}, {"left_foot_pose": [1.0000000000000002, 8.008865427276562e-13, 5.2760074087387914e-11, -9.500301972058042e-12, -2.894438218300521e-13, 0.9999530823881881, -0.009686744673120837, 6.075487335444052e-12, -5.276552841248833e-11, 0.009686744673120569, 0.9999530823881881, 1.187486498022139e-10, 0.0, 0.0, 0.0, 1.0], "right_foot_pose": [1.0, 2.588003485694234e-12, 5.2980231313171076e-11, -8.964547880030092e-12, -8.643921594029005e-13, 0.9994715261394482, -0.03250643684691269, -0.14000000000717783, -5.303641331030571e-11, 0.03250643684691251, 0.9994715261394483, 1.040556529829928e-10, 0.0, 0.0, 0.0, 1.0]}, {"left_foot_pose": [1.0000000000000004, 1.7092468664150568e-12, 6.941680563699035e-11, -1.2446222230020796e-11, -5.950282408287101e-13, 0.9998713003864417, -0.01604315005001367, 9.218880867023493e-12, -6.943546361398663e-11, 0.0160431500500134, 0.9998713003864415, 1.566743262904069e-10, 0.0, 0.0, 0.0, 1.0], "right_foot_pose": [1.0, 4.067806518892146e-12, 6.984041123203608e-11, -1.1935943828328668e-11, -1.3495971625073348e-12, 0.9992440583381198, -0.0388755948631545, -0.14000000000808574, -6.994582280892659e-11, 0.03887559486315433, 0.9992440583381201, 1.3807602283755216e-10, 0.0, 0.0, 0.0, 1.0]}, {"left_foot_pose": [1.0000000000000004, 3.1746420089219703e-12, 8.96493435043055e-11, -1.601630024441201e-11, -1.085084493792321e-12, 0.9997286399962192, -0.02329477132986974, 1.350211609185692e-11, -8.969923731234404e-11, 0.023294771329869467, 0.9997286399962193, 2.034243329340768e-10, 0.0, 0.0, 0.0, 1.0], "right_foot_pose": [0.9999999999999996, 6.235983273030422e-12, 9.0388307949496e-11, -1.5591381081164303e-11, -2.0582437920860433e-12, 0.9989347133014771, -0.04614584012991381, -0.14000000000863852, -9.057979941593907e-11, 0.046145840129913636, 0.998934713301477, 1.7963122656006192e-10, 0.0, 0.0, 0.0, 1.0]}, {"left_foot_pose": [1.0000000000000002, 5.453781034286574e-12, 1.144860872770436e-10, -2.0390241916342912e-11, -1.843610476614392e-12, 0.9995035274495626, -0.031507120082326846, 1.9337718926148995e-11, -1.146011801410821e-10, 0.031507120082326576, 0.9995035274495626, 2.6183451934391755e-10, 0.0, 0.0, 0.0, 1.0], "right_foot_pose": [0.9999999999999998, 9.392748322102718e-12, 1.1570183700015942e-10, -2.0135493496883995e-11, -3.0864170015725988e-12, 0.9985200672805568, -0.05438451285092745, -0.14000000000860827, -1.1604140453971992e-10, 0.05438451285092727, 0.9985200672805565, 2.3095331203037972e-10, 0.0, 0.0, 0.0, 1.0]}, {"left_foot_pose": [1.0000000000000004, 8.920993338061519e-12, 1.4524886848832337e-10, -2.580030045317909e-11, -2.9921396506699545e-12, 0.9991687535269508, -0.04076520545024049, 2.7285526268960858e-11, -1.4549204409369906e-10, 0.0407652054502402, 0.999168753526951, 3.357331565534416e-10, 0.0, 0.0, 0.0, 1.0], "right_foot_pose": [0.9999999999999999, 1.39719919388903e-11, 1.4717599361446782e-10, -2.5836093951182875e-11, -4.571580195354469e-12, 0.997970438332524, -0.0636789149906782, -0.14000000000764193, -1.4776698833965901e-10, 0.06367891499067801, 0.9979704383325241, 2.9498277431816433e-10, 0.0, 0.0, 0.0, 1.0]}, {"left_foot_pose": [1.0000000000000007, 1.4114890203716116e-11, 1.8354456843283605e-10, -3.253268056926679e-11, -4.703748194173274e-12, 0.998689863220691, -0.051171838937433184, 3.807317655590836e-11, -1.8402639351650053e-10, 0.0511718389374329, 0.9986898632206911, 4.3013964612370614e-10, 0.0, 0.0, 0.0, 1.0], "right_foot_pose": [0.9999999999999998, 2.0591325594127376e-11, 1.865219090291247e-10, -3.302737981715203e-11, -6.706846829885582e-12, 0.9972482348356116, -0.07413472949473027, -0.14000000000520227, -1.875352935711151e-10, 0.07413472949473009, 0.9972482348356119, 3.7542768199783083e-10, 0.0, 0.0, 0.0, 1.0]}, {"left_foot_pose": [1.0000000000000007, 2.1781132055921302e-11, 2.3110158231531805e-10, -4.090489910095762e-11, -7.214412384299362e-12, 0.9980233676950199, -0.06284391406247894, 5.2560539254287164e-11, -2.3201366872701964e-10, 0.06284391406247865, 0.9980233676950202, 5.512307971189401e-10, 0.0, 0.0, 0.0, 1.0], "right_foot_pose": [0.9999999999999998, 3.0094927057492436e-11, 2.3561114170789195e-10, -4.208620536037988e-11, -9.751208379284467e-12, 0.9963061418803467, -0.08587241496253831, -0.14000000000050333, -2.373252915637388e-10, 0.08587241496253814, 0.9963061418803466, 4.765575989384985e-10, 0.0, 0.0, 0.0, 1.0]}, {"left_foot_pose": [1.0000000000000007, 3.2891818571207056e-11, 2.894764428162938e-10, -5.1226832584011375e-11, -1.0824587326648368e-11, 0.9971152413088911, -0.07590253980936851, 7.160689229068762e-11, -2.9113813235464223e-10, 0.0759025398093682, 0.9971152413088913, 7.061446011258354e-10, 0.0, 0.0, 0.0, 1.0], "right_foot_pose": [0.9999999999999998, 4.3569738412883347e-11, 2.9618674179943107e-10, -5.338361116854615e-11, -1.4027928016562599e-11, 0.995085701513227, -0.09901740576246752, -0.13999999999248017, -2.990455099472349e-10, 0.09901740576246733, 0.995085701513227, 6.027911295114485e-10, 0.0, 0.0, 0.0, 1.0]}, {"left_foot_pose": [1.0000000000000004, 4.849739406691458e-11, 3.5882757876137734e-10, -6.360983134132012e-11, -1.5843308944083128e-11, 0.9959012498314329, -0.09044722540902539, 9.55450839973393e-11, -3.617435084534952e-10, 0.09044722540902508, 0.995901249831433, 9.006373494213626e-10, 0.0, 0.0, 0.0, 1.0], "right_foot_pose": [1.0, 6.215879768911891e-11, 3.686051464057979e-10, -6.705852718478564e-11, -1.9854953928360545e-11, 0.9935180837090184, -0.11367417183846101, -0.1399999999799057, -3.732819233861794e-10, 0.11367417183846085, 0.9935180837090184, 7.563916576414087e-10, 0.0, 0.0, 0.0, 1.0]}, {"left_foot_pose": [1.0000000000000007, 6.892490571148316e-11, 4.339391623808796e-10, -7.730702042670175e-11, -2.232053602503888e-11, 0.994313307871838, -0.10649434627699479, 1.2253599870892806e-10, -4.388117553221034e-10, 0.10649434627699447, 0.9943133078718384, 1.1293190688155264e-09, 0.0, 0.0, 0.0, 1.0], "right_foot_pose": [0.9999999999999997, 8.609830942343327e-11, 4.477026527283097e-10, -8.225255139570386e-11, -2.7228706905191362e-11, 0.9915318143522364, -0.12986401013122284, -0.1399999999621066, -4.5509276245728354e-10, 0.12986401013122267, 0.9915318143522363, 9.291775682207515e-10, 0.0, 0.0, 0.0, 1.0]}, {"left_foot_pose": [1.0000000000000004, 9.099523776334874e-11, 4.936763220442214e-10, -8.886731477607829e-11, -2.9158026130993786e-11, 0.992302316186934, -0.1238390620525165, 1.4442621057431104e-10, -5.011451092423088e-10, 0.12383906205251624, 0.9923023161869341, 1.3450831629069349e-09, 0.0, 0.0, 0.0, 1.0], "right_foot_pose": [1.0, 1.1143498900848927e-10, 5.117047341407493e-10, -9.501538798916719e-11, -3.4800433563834064e-11, 0.9890792128357118, -0.14738490674519197, -0.13999999994150072, -5.225402442848053e-10, 0.14738490674519178, 0.9890792128357117, 1.0788122964400237e-09, 0.0, 0.0, 0.0, 1.0]}, {"left_foot_pose": [1.0000000000000007, 1.0236014275330254e-10, 4.863974778501738e-10, -8.928572981944768e-11, -3.2394451077428294e-11, 0.989906802449757, -0.14171987321366988, 1.417615642929082e-10, -4.95994772499332e-10, 0.14171987321366955, 0.9899068024497574, 1.4035043197080377e-09, 0.0, 0.0, 0.0, 1.0], "right_foot_pose": [0.9999999999999999, 1.234872159750408e-10, 5.065405317417054e-10, -9.521413558397812e-11, -3.7967405778222856e-11, 0.9862147536696121, -0.16547041924279585, -0.13999999992883977, -5.199912118644229e-10, 0.16547041924279568, 0.9862147536696121, 1.0912231604431888e-09, 0.0, 0.0, 0.0, 1.0]}, {"left_foot_pose": [1.0000000000000004, 1.1442689644827969e-10, 4.92930030127068e-10, -2.658177859557483e-10, -3.472757990585482e-11, 0.9873203108072435, -0.15874068119889526, -2.0922054644323396e-09, -5.048442456677341e-10, 0.15874068119889498, 0.9873203108072436, 0.0006652983874516141, 0.0, 0.0, 0.0, 1.0], "right_foot_pose": [1.0, 1.0253960201580865e-10, 3.834212392028741e-10, -6.66571940311502e-11, -3.0993558744377927e-11, 0.9832751648257838, -0.1821261931651452, -0.1400000000339417, -3.9568381274182687e-10, 0.182126193165145, 0.983275164825784, 7.454214120961034e-10, 0.0, 0.0, 0.0, 1.0]}, {"left_foot_pose": [1.0000000000000004, 1.5332118575848104e-10, 5.966867555606796e-10, -1.2996681352794967e-09, -4.506811687556344e-11, 0.984147895728112, -0.1773497091453221, -8.388133361514338e-09, -6.144197415876215e-10, 0.1773497091453218, 0.984147895728112, 0.005805008997934298, 0.0, 0.0, 0.0, 1.0], "right_foot_pose": [0.9999999999999998, 6.945180780288261e-11, 2.4217550187444167e-10, -1.0525428943677754e-11, -2.0657833717552236e-11, 0.9806191547877505, -0.19592364141000929, -0.14000000016324382, -2.510892816253692e-10, 0.19592364141000912, 0.9806191547877504, 4.204968734322634e-10, 0.0, 0.0, 0.0, 1.0]}, {"left_foot_pose": [1.0000000000000004, 1.6576134555780788e-10, 5.816759296450838e-10, -1.7574274887324497e-09, -4.813389906774037e-11, 0.9804725108389298, -0.1966561859927252, -1.0139149977939077e-08, -6.029155842294533e-10, 0.19665618599272494, 0.9804725108389302, 0.013875958626560166, 0.0, 0.0, 0.0, 1.0], "right_foot_pose": [0.9999999999999999, 3.5399717546462797e-11, 1.1750733719395594e-10, 2.3187327469187982e-11, -1.0408695725938739e-11, 0.9785095074368996, -0.20620170672328686, -0.1400000001696538, -1.2228154679218903e-10, 0.20620170672328664, 0.9785095074368996, 2.2662955539987095e-10, 0.0, 0.0, 0.0, 1.0]}, {"left_foot_pose": [1.0000000000000004, 1.1577325253893692e-10, 3.745392884724176e-10, -1.3929380008309998e-09, -3.294885551440361e-11, 0.9768388004872309, -0.21397653577593276, -6.886842627423784e-09, -3.9063716063123323e-10, 0.21397653577593254, 0.9768388004872309, 0.022282771191233147, 0.0, 0.0, 0.0, 1.0], "right_foot_pose": [0.9999999999999998, 9.987926123827302e-12, 3.2154556794949895e-11, 2.6382945623640093e-11, -2.923444477229128e-12, 0.9771389949815515, -0.21260146868364638, -0.1400000000906226, -3.354296575245939e-11, 0.21260146868364616, 0.9771389949815517, 8.74945740858557e-11, 0.0, 0.0, 0.0, 1.0]}, {"left_foot_pose": [1.0000000000000007, 1.9454929666109076e-11, 6.151762432793327e-11, -4.267134118256931e-10, -5.113038446370803e-12, 0.9743542440909715, -0.2250195703087012, -1.613950501022643e-09, -6.431763435606723e-11, 0.2250195703087009, 0.9743542440909718, 0.02843007492144948, 0.0, 0.0, 0.0, 1.0], "right_foot_pose": [0.9999999999999998, 3.6453692553388844e-14, -1.3322676295502065e-14, 1.0912700256311146e-11, -3.843054565711026e-14, 0.9766471498550191, -0.21484958617616165, -0.1400000000021617, 5.2211523429030795e-15, 0.21484958617616143, 0.9766471498550193, 5.725052376615025e-12, 0.0, 0.0, 0.0, 1.0]}, {"left_foot_pose": [1.0000000000000007, 1.3705145025362693e-11, 4.173056344924906e-11, -4.519664223720649e-12, -3.97157785905262e-12, 0.9743980580482209, -0.22482976776187125, 2.396328968590211e-11, -4.37439823609444e-11, 0.224829767761871, 0.9743980580482213, 0.030000000074061006, 0.0, 0.0, 0.0, 1.0], "right_foot_pose": [0.9999999999999998, 9.688621026619037e-12, 3.084571487121929e-11, -5.48832836936683e-12, -2.9061484465699773e-12, 0.977118563404852, -0.21269535267522538, -0.13999999998979062, -3.2200760680594426e-11, 0.21269535267522527, 0.9771185634048518, 5.693291671438061e-11, 0.0, 0.0, 0.0, 1.0]}, {"left_foot_pose": [1.0000000000000004, 5.113240951182637e-11, 1.6071888264690324e-10, -1.8639860704549733e-11, -1.495980515582024e-11, 0.9760709214972271, -0.21745242285970312, 8.084248895312562e-11, -1.6799205685224447e-10, 0.21745242285970282, 0.976070921497227, 0.03000000030114234, 0.0, 0.0, 0.0, 1.0], "right_foot_pose": [0.9999999999999998, 3.599089271642664e-11, 1.1846640335377835e-10, -2.1564682481463703e-11, -1.0774641454578948e-11, 0.9784848048818962, -0.20631889543916734, -0.13999999996827803, -1.2334336291172199e-10, 0.20631889543916718, 0.9784848048818959, 2.3571476021055915e-10, 0.0, 0.0, 0.0, 1.0]}, {"left_foot_pose": [1.0000000000000004, 1.1017855220995092e-10, 3.6622871402158616e-10, -4.3689005209421536e-11, -3.270713949700263e-11, 0.9787328128779027, -0.2051391746988111, 1.7179396100130973e-10, -3.81042146443886e-10, 0.20513917469881082, 0.9787328128779028, 0.030000000690840897, 0.0, 0.0, 0.0, 1.0], "right_foot_pose": [1.0, 7.747014778426717e-11, 2.6871227465363704e-10, -4.9166458260188124e-11, -2.3383498882166346e-11, 0.9806626492380697, -0.19570582104109957, -0.13999999993698406, -2.7867738229355023e-10, 0.19570582104109935, 0.9806626492380696, 5.432717331554926e-10, 0.0, 0.0, 0.0, 1.0]}, {"left_foot_pose": [1.0000000000000004, 2.8761282847304516e-10, 1.0495720959013914e-09, -4.919981852515924e-10, -8.777695919402831e-11, 0.9826189194741076, -0.18563420776230485, -3.754294326807628e-09, -1.0847203460918945e-09, 0.1856342077623045, 0.9826189194741076, 0.02852642982585979, 0.0, 0.0, 0.0, 1.0], "right_foot_pose": [0.9999999999999998, 1.347952398209569e-10, 5.061867036637572e-10, -9.210700806475721e-11, -4.120342418115561e-11, 0.9835711512928008, -0.18052088617263884, -0.1400000000817781, -5.222039566352928e-10, 0.18052088617263864, 0.9835711512928007, 9.818940799322107e-10, 0.0, 0.0, 0.0, 1.0]}, {"left_foot_pose": [1.0000000000000002, 4.024972209352406e-10, 1.7401774465852711e-09, -1.5021280695936156e-09, -1.2622695954051602e-10, 0.987768044523492, -0.15593040184081344, -1.0371257082308905e-08, -1.7816533766383633e-09, 0.15593040184081317, 0.9877680445234922, 0.022463542751919745, 0.0, 0.0, 0.0, 1.0], "right_foot_pose": [0.9999999999999998, 1.9489838853193818e-10, 8.222312275485411e-10, -1.363803928100664e-10, -6.05609463633624e-11, 0.9870657874528995, -0.16031572362057184, -0.1400000003239875, -8.428415658960201e-10, 0.16031572362057167, 0.9870657874528993, 1.637179627977936e-09, 0.0, 0.0, 0.0, 1.0]}, {"left_foot_pose": [1.0000000000000004, 3.6530880427791476e-10, 2.0212437834565767e-09, -1.879315479927407e-09, -1.1782771183165602e-10, 0.9926391564463846, -0.12110947563841284, -1.3149444831606072e-08, -2.0506083609092224e-09, 0.12110947563841255, 0.9926391564463847, 0.01408007911369271, 0.0, 0.0, 0.0, 1.0], "right_foot_pose": [0.9999999999999996, 2.4051047139039047e-10, 1.2004660598918791e-09, -1.9165312968468988e-10, -7.611566868932106e-11, 0.990831217382902, -0.13510550936033805, -0.14000000049326938, -1.221953562176851e-09, 0.1351055093603379, 0.9908312173829018, 2.4451260946523057e-09, 0.0, 0.0, 0.0, 1.0]}, {"left_foot_pose": [1.0000000000000004, 2.611052102835676e-10, 2.0527557431648756e-09, -1.4491457876040525e-09, -8.631655212559359e-11, 0.9964072519301099, -0.08469113472547049, -1.051436519100557e-08, -2.0674941622942233e-09, 0.08469113472547021, 0.9964072519301098, 0.005971411748771423, 0.0, 0.0, 0.0, 1.0], "right_foot_pose": [0.9999999999999999, 2.513488720565657e-10, 1.6085399123788578e-09, -2.6322034538884596e-10, -8.096980838240102e-11, 0.9944662193258502, -0.10505683518814977, -0.14000000050280717, -1.626044626208609e-09, 0.10505683518814961, 0.9944662193258501, 3.2984730155560804e-09, 0.0, 0.0, 0.0, 1.0]}, {"left_foot_pose": [1.0000000000000002, 1.4616098243591147e-10, 2.02237221413881e-09, -5.521948615969044e-10, -4.882796794665231e-11, 0.9988451955488052, -0.04804451403719168, -3.660156903256828e-09, -2.0270592622211026e-09, 0.04804451403719142, 0.9988451955488051, 0.0007329184465366678, 0.0, 0.0, 0.0, 1.0], "right_foot_pose": [0.9999999999999998, 2.0590214696694507e-10, 1.9500090986390704e-09, -3.354237385028369e-10, -6.732865048911427e-11, 0.9974906723125028, -0.07079801303392318, -0.140000000281263, -1.959693469709716e-09, 0.070798013033923, 0.9974906723125027, 3.967694471584959e-09, 0.0, 0.0, 0.0, 1.0]}, {"left_foot_pose": [1.0000000000000004, 3.491785705774029e-11, 2.0541464085255252e-09, -3.504722845883388e-10, -1.1603052058696003e-11, 0.9999355995986231, -0.011348861411746113, 3.783949091562544e-10, -2.0544106947409353e-09, 0.011348861411745842, 0.9999355995986231, 4.267307854299851e-09, 0.0, 0.0, 0.0, 1.0], "right_foot_pose": [1.0, 1.056350041808511e-10, 2.0674503220519105e-09, -3.576047046542502e-10, -3.49259432058832e-11, 0.9994159928823061, -0.034171233092681594, -0.14000000015833988, -2.0698526660425148e-09, 0.03417123309268141, 0.9994159928823061, 4.21815160578376e-09, 0.0, 0.0, 0.0, 1.0]}, {"left_foot_pose": [1.0000000000000004, -7.227985299077676e-11, 1.925101911215423e-09, -3.3297519545429227e-10, 2.3660259716873586e-11, 0.9996813245649677, 0.025243797575492253, 2.1343826532571608e-10, -1.926313416771495e-09, -0.025243797575492517, 0.9996813245649679, 3.900399947465161e-09, 0.0, 0.0, 0.0, 1.0], "right_foot_pose": [0.9999999999999999, -6.8573223457443616e-12, 1.918433578662615e-09, -3.2749783076542885e-10, 2.186140996644095e-12, 0.999997035610809, 0.0024349064857766395, -0.14000000028446913, -1.9184447054931225e-09, -0.00243490648577682, 0.9999970356108088, 4.042522351588307e-09, 0.0, 0.0, 0.0, 1.0]}, {"left_foot_pose": [1.0000000000000007, -1.3692731313511722e-10, 1.5518634710609576e-09, -2.7232747270830247e-10, 4.460822014641023e-11, 0.9982381900848524, 0.05933393511405425, 6.522442135004081e-11, -1.5572540301771647e-09, -0.05933393511405452, 0.9982381900848527, 3.115241620221809e-09, 0.0, 0.0, 0.0, 1.0], "right_foot_pose": [0.9999999999999999, -8.329512088507586e-11, 1.5323315949444809e-09, -2.593530961095933e-10, 2.740425776585731e-11, 0.9993359039388217, 0.036438319099241646, -0.14000000031969334, -1.5343490718579138e-09, -0.03643831909924182, 0.9993359039388218, 3.380549735976235e-09, 0.0, 0.0, 0.0, 1.0]}, {"left_foot_pose": [1.0000000000000004, -1.41942660281781e-10, 1.0700287877973864e-09, -4.2354208616770114e-10, 4.636619961583149e-11, 0.9960496855395289, 0.08879765726980962, 3.4451217226227904e-10, -1.0784061412515596e-09, -0.08879765726980987, 0.9960496855395289, 2.177552679838435e-09, 0.0, 0.0, 0.0, 1.0], "right_foot_pose": [0.9999988929036923, -0.0014846193090389326, -0.00010048331440964172, -2.2143391041276475e-10, 0.0014880157966812762, 0.9977440675356736, 0.06711603017430418, -0.14007439421756937, 6.148764956515262e-07, -0.0671161053911543, 0.9977451720738845, 0.0025540274911990887, 0.0, 0.0, 0.0, 1.0]}, {"left_foot_pose": [1.0000000000000007, -1.0821539212238947e-10, 6.268189856051287e-10, -4.752333941146961e-10, 3.6705578282094466e-11, 0.993597399131769, 0.11297879641147114, 4.2765026415925167e-10, -6.350321011363211e-10, -0.11297879641147139, 0.9935973991317694, 1.4004473344875201e-09, 0.0, 0.0, 0.0, 1.0], "right_foot_pose": [0.9999816034608183, -0.0060372510009254, -0.0005868051484534593, 2.208250029909391e-10, 0.006065701697793578, 0.9953180871055872, 0.09646301230724535, -0.1403032741565663, 1.686360258070456e-06, -0.09646479710664531, 0.9953363968610459, 0.009396444586616044, 0.0, 0.0, 0.0, 1.0]}, {"left_foot_pose": [1.0000000000000004, -5.919025590059703e-11, 2.6484059389986333e-10, -4.387105644418754e-10, 2.3791081671626636e-11, 0.9912874671298816, 0.13171620064071335, 3.322782795439627e-10, -2.7032968690866113e-10, -0.1317162006407136, 0.9912874671298816, 7.899275886180668e-10, 0.0, 0.0, 0.0, 1.0], "right_foot_pose": [0.9999131055070465, -0.013079983848768894, -0.0016417849340862002, 1.2755012483494851e-09, 0.013182618337675747, 0.992156507505491, 0.12430479953835048, -0.14065913386637133, 3.002835992047483e-06, -0.12431564116000168, 0.9922427230037824, 0.017948746815980132, 0.0, 0.0, 0.0, 1.0]}, {"left_foot_pose": [1.0000000000000002, -1.3907328242536736e-11, -9.115486143682178e-13, -3.2622339199838574e-10, 1.3892828661636166e-11, 0.9894349238763279, 0.14497769281460504, 1.4189097206213086e-10, -1.1145582226427605e-12, -0.1449776928146053, 0.9894349238763279, 3.357179048646408e-10, 0.0, 0.0, 0.0, 1.0], "right_foot_pose": [0.9997517983060255, -0.022030783843344483, -0.0033145659015880818, 1.957719340806019e-09, 0.02227872898228631, 0.9886542479560606, 0.14854775741615778, -0.14111401217961456, 4.33612468641794e-06, -0.14858473192654656, 0.9888996801594762, 0.02561556109109949, 0.0, 0.0, 0.0, 1.0]}, {"left_foot_pose": [1.0000000000000004, 1.306215108026933e-11, -1.5906836958734544e-10, -1.456454214826855e-10, 1.1381613891462296e-11, 0.9882720558103888, 0.15270345020433854, -3.58850371293129e-11, 1.591972394676102e-10, -0.15270345020433876, 0.9882720558103889, 7.959500419874033e-11, 0.0, 0.0, 0.0, 1.0], "right_foot_pose": [0.9994621541936807, -0.032342271095984254, -0.0054203168616537125, 8.789404271677265e-10, 0.032793327150884406, 0.9857421150395437, 0.1650366030059441, -0.14163994501999883, 5.376052212231458e-06, -0.1651255889852341, 0.9862725484537109, 0.029801513380045636, 0.0, 0.0, 0.0, 1.0]}, {"left_foot_pose": [1.0000000000000004, 1.317276540556347e-11, -2.0043217086040985e-10, 4.2260058053556286e-11, 1.803630402533927e-11, 0.9879279712459044, 0.15491392329275105, -7.319448519504945e-11, 2.0005292508639185e-10, -0.15491392329275128, 0.9879279712459045, 2.0659036981118817e-11, 0.0, 0.0, 0.0, 1.0], "right_foot_pose": [0.99902423772556, -0.04351023913675331, -0.007578359131477933, 1.919449400312502e-10, 0.044165285036133095, 0.9842298342951327, 0.1712923258089885, -0.1422089660598672, 5.877093963533568e-06, -0.17145988561071115, 0.9851911020669143, 0.030000000251154985, 0.0, 0.0, 0.0, 1.0]}, {"left_foot_pose": [1.0000000000000004, -1.2459371203326614e-11, -1.3336087789639327e-10, 2.0922455949923832e-10, 3.2568930389138026e-11, 0.988400152613607, 0.15187211170389037, -9.175463513977355e-11, 1.2992144377110236e-10, -0.1518721117038906, 0.9884001526136075, 1.2210294580983216e-10, 0.0, 0.0, 0.0, 1.0], "right_foot_pose": [0.9984400850965598, -0.055005506845374384, -0.009580745746426469, 1.0578850111447186e-10, 0.05583364968985527, 0.9836489861133401, 0.17122288305161906, -0.14279311823294194, 5.889373901377618e-06, -0.1714907179263106, 0.9851857356003659, 0.03000000023387267, 0.0, 0.0, 0.0, 1.0]}, {"left_foot_pose": [1.0000000000000004, -5.963881194187737e-11, 4.382361140642504e-11, 3.528944809400325e-10, 5.2732106136035573e-11, 0.9896472853579061, 0.14352090643431767, -8.509320418431665e-11, -5.192956252581862e-11, -0.14352090643431786, 0.9896472853579065, 4.0680310509078055e-10, 0.0, 0.0, 0.0, 1.0], "right_foot_pose": [0.9977369411511917, -0.0663143206795946, -0.011108876408842363, -4.548123755322882e-10, 0.06723835388387908, 0.9840386736539687, 0.16476314066053824, -0.14336444091170492, 5.408261203039142e-06, -0.16513721454033925, 0.9862706019874103, 0.029910817575815443, 0.0, 0.0, 0.0, 1.0]}, {"left_foot_pose": [1.0000000000000007, -1.1992327499103718e-10, 3.428634598456905e-10, 4.796332405146774e-10, 7.451393687038746e-11, 0.9915797909187827, 0.1294971746466449, 1.3669219228740204e-10, -3.555064747857405e-10, -0.12949717464664517, 0.991579790918783, 9.697934608143832e-10, 0.0, 0.0, 0.0, 1.0], "right_foot_pose": [0.996967352495689, -0.07696034850780793, -0.011541352403150264, -1.7808677884147486e-09, 0.07782093573465362, 0.9859506625260753, 0.14780119426369878, -0.14389496868172644, 4.372627928405992e-06, -0.14825112418443756, 0.9889497480453348, 0.026127194067167382, 0.0, 0.0, 0.0, 1.0]}, {"left_foot_pose": [1.0000000000000007, -1.700400817000102e-10, 7.375309252211117e-10, 5.012663877342186e-10, 8.812047575889494e-11, 0.9939667054376542, 0.10968221588487573, 3.871716619183174e-10, -7.517316071181037e-10, -0.10968221588487602, 0.9939667054376544, 1.7564000046044193e-09, 0.0, 0.0, 0.0, 1.0], "right_foot_pose": [0.9962061257516324, -0.08637008991655243, -0.010656574624596082, -1.237061955476626e-09, 0.08702502517009998, 0.9887130868468514, 0.12195522494716678, -0.14435674573818408, 3.011047818008124e-06, -0.12241993083471851, 0.9924783929765707, 0.018648971830013322, 0.0, 0.0, 0.0, 1.0]}, {"left_foot_pose": [1.0000000000000004, -1.8470192278555358e-10, 1.1985746284359815e-09, 3.810724292618006e-10, 8.313005359138283e-11, 0.9964491318889479, 0.08419695693885214, 5.519475935328311e-10, -1.2098701016289987e-09, -0.08419695693885239, 0.996449131888948, 2.667285073365555e-09, 0.0, 0.0, 0.0, 1.0], "right_foot_pose": [0.9955441793689261, -0.09389774435520845, -0.008660284617450087, -3.8341657333882534e-10, 0.094296272046676, 0.9913382905698006, 0.09141447767309424, -0.14472181507110465, 1.6584935976937454e-06, -0.09182378371178852, 0.9957752722085943, 0.010071525129714196, 0.0, 0.0, 0.0, 1.0]}, {"left_foot_pose": [1.0000000000000004, -1.3798612737836035e-10, 1.6568366123515006e-09, 9.53136240312969e-11, 4.921031456848575e-11, 0.9985698527772725, 0.05346259556341742, 5.299074859466124e-10, -1.6618443079023497e-09, -0.05346259556341769, 0.9985698527772726, 3.542438356540778e-09, 0.0, 0.0, 0.0, 1.0], "right_foot_pose": [0.9950793067665528, -0.09891023929182494, -0.005825616553704471, -1.9252557165692907e-10, 0.09908164938402418, 0.9933581762763022, 0.058500943414274774, -0.14496221654509753, 5.81523569314996e-07, -0.05879028991468595, 0.9982703550699122, 0.0029902267674697947, 0.0, 0.0, 0.0, 1.0]}, {"left_foot_pose": [1.0000000000000004, -2.087881607589702e-11, 1.921633574486493e-09, -3.202949482813546e-10, -1.52236611529053e-11, 0.9998235343487399, 0.018785637130396316, 2.2396777314692695e-10, -1.9216868308532913e-09, -0.01878563713039658, 0.9998235343487403, 3.986298208191741e-09, 0.0, 0.0, 0.0, 1.0], "right_foot_pose": [0.9949038596022588, -0.10079875896860917, -0.0024331746581458392, -4.0825905460104006e-10, 0.10082812181395033, 0.9946141273042131, 0.02400890706279618, -0.14504998778443723, 1.8530677885161374e-09, -0.024131886732434164, 0.9997087836178761, 4.681526266508973e-07, 0.0, 0.0, 0.0, 1.0]}, {"left_foot_pose": [1.0000000000000004, 2.999238754386411e-10, 4.958625177131581e-10, -3.1735976145554844e-09, -2.914328781760012e-10, 0.9998548892495125, -0.01703527058328986, 1.846012648298867e-10, -5.008999844708537e-10, 0.017035270583289592, 0.9998548892495125, 4.126381333846574e-09, 0.0, 0.0, 0.0, 1.0], "right_foot_pose": [0.994903834372488, -0.10082162285707523, 0.0011664970581652689, -3.292828098079917e-09, 0.10082837076399197, 0.9948372508042477, -0.011510172080614878, -0.1450499999978328, -4.978848941212881e-10, 0.011569130335166522, 0.9999330753721911, 4.190384310376327e-09, 0.0, 0.0, 0.0, 1.0]}, {"left_foot_pose": [1.0000000000000004, 2.340699718772609e-10, 8.504054127556017e-10, -2.388871895417851e-09, -1.8982983775795638e-10, 0.9986650134790677, -0.05165453371055014, 3.446732465411939e-10, -8.613610770304945e-10, 0.05165453371054988, 0.9986650134790678, 3.862539052490455e-09, 0.0, 0.0, 0.0, 1.0], "right_foot_pose": [0.994903834370865, -0.10072034065894062, 0.004666190276634718, -2.3825672047263213e-09, 0.10082837078000821, 0.9938378690910191, -0.04604269330167208, -0.14504999996913814, -8.471043632912296e-10, 0.04627853647393771, 0.9989285745546727, 3.6279151835461043e-09, 0.0, 0.0, 0.0, 1.0]}, {"left_foot_pose": [0.9999998392302996, -0.0005650113117063935, 4.7974927358595865e-05, -4.10544447612615e-05, 0.0005670440059742667, 0.9965160892400368, -0.08339881502059407, -2.0774293078718725e-06, -6.865131235704987e-07, 0.08339882881648625, 0.9965162494167209, 0.0005097167322101678, 0.0, 0.0, 0.0, 1.0], "right_foot_pose": [0.9949038343808149, -0.10052179501646391, 0.007856784394387967, -4.9345199584424626e-11, 0.10082837068182687, 0.9918787611932675, -0.07752523949887301, -0.14505000020015002, -1.3385602528733989e-09, 0.07792234480800411, 0.9969594315615969, 2.6557341464839013e-09, 0.0, 0.0, 0.0, 1.0]}, {"left_foot_pose": [0.9999783464902282, -0.006538259750632255, 0.0007467999082870362, -0.00047645784576068486, 0.00658077059515234, 0.9935702798099625, -0.11302562778736402, -2.4090235979139923e-05, -3.007280887016015e-06, 0.11302809490470486, 0.9935917923137098, 0.005396172461088818, 0.0, 0.0, 0.0, 1.0], "right_foot_pose": [0.9949038343826851, -0.1002721013887007, 0.010576673093421805, 3.7785065397713535e-10, 0.10082837066337526, 0.9894149592206161, -0.1043632029972075, -0.14505000033467774, -9.052324400981085e-10, 0.10489777954542896, 0.9944830093301938, 1.7821593575884087e-09, 0.0, 0.0, 0.0, 1.0]}, {"left_foot_pose": [0.9998331850244164, -0.018081250047313414, 0.0025827351120522707, -0.0013224602679234021, 0.01826477728651142, 0.9898321515467213, -0.14106278628704236, -6.68520146424427e-05, -5.882741611429569e-06, 0.14108642798340348, 0.9899972827257045, 0.01336654085484644, 0.0, 0.0, 0.0, 1.0], "right_foot_pose": [0.9949038343826219, -0.10001698485316596, 0.012765699026614287, 5.84774809304911e-10, 0.10082837066399784, 0.9868976473309612, -0.1259629840939692, -0.14505000027046666, -4.6371478731332423e-10, 0.12660820049860746, 0.9919528030942322, 1.0878818818005342e-09, 0.0, 0.0, 0.0, 1.0]}, {"left_foot_pose": [0.9994048126978979, -0.03401510815308735, 0.005743933635887568, -0.0024980839405535243, 0.034496670522965754, 0.9854963099315287, -0.1661535519757887, -0.00012626901801117765, -8.894362182658406e-06, 0.16625280607759635, 0.986083163020349, 0.021825441805925806, 0.0, 0.0, 0.0, 1.0], "right_foot_pose": [0.994903834381485, -0.09979381446020558, 0.014406766760836636, 5.898330907895544e-10, 0.10082837067521767, 0.9846955574058079, -0.1421558964385463, -0.1450500001050857, -7.236517027957082e-11, 0.14288405726583978, 0.989739433476939, 5.530629079708582e-10, 0.0, 0.0, 0.0, 1.0]}, {"left_foot_pose": [0.998532866570171, -0.053210528554483646, 0.010037630702040529, -0.003922351907511983, 0.05414900042808872, 0.9812662636007493, -0.18489025304667786, -0.00019825041576619629, -1.1480285209845609e-05, 0.18516252204476494, 0.9827079119953325, 0.028177502836733537, 0.0, 0.0, 0.0, 1.0], "right_foot_pose": [0.9949038343801779, -0.09963100962223904, 0.015492651718547695, 4.356304145539114e-10, 0.10082837068810997, 0.9830891125624944, -0.15287065259711619, -0.1450499999392222, 2.3063445271489637e-10, 0.15365369726349037, 0.9881247599960539, 1.9061756340033043e-10, 0.0, 0.0, 0.0, 1.0]}, {"left_foot_pose": [0.997100984445078, -0.07465480813391608, 0.014706680153762438, -0.005514289568785585, 0.07608959620290957, 0.9783320183166366, -0.19255346085224176, -0.00027870896965446687, -1.2974402122181122e-05, 0.19311427072846185, 0.9811762727831737, 0.030000000105041807, 0.0, 0.0, 0.0, 1.0], "right_foot_pose": [0.9949038343794957, -0.09954809027958408, 0.016016805507482412, 1.8803498298344823e-10, 0.10082837069484336, 0.9822709221225601, -0.15804263733410331, -0.14504999988459538, 4.140662749174949e-10, 0.1588521742822029, 0.9873023785678917, 4.640195172544992e-11, 0.0, 0.0, 0.0, 1.0]}, {"left_foot_pose": [0.9950690251829842, -0.09732081351310164, 0.019138818629534073, -0.007192921748757982, 0.09918485239200198, 0.9763940033403313, -0.19187786557343922, -0.00036355205718328204, -1.3317768130643484e-05, 0.19283000155108115, 0.9812321796213412, 0.03000000008418955, 0.0, 0.0, 0.0, 1.0], "right_foot_pose": [0.9949038343798869, -0.09954998707062437, 0.01600501204113158, -7.19753551464003e-11, 0.10082837069098284, 0.9822896382932469, -0.1579262681301764, -0.14504999988998843, 4.6170877479325797e-10, 0.15873520899901533, 0.9873211906082229, 4.472787418219326e-11, 0.0, 0.0, 0.0, 1.0]}, {"left_foot_pose": [0.9924925552197928, -0.12015110596188994, 0.02285256155055187, -0.008877269950204615, 0.12230505988619614, 0.975032733235028, -0.18534465583465273, -0.0004486839651872687, -1.263016739707553e-05, 0.18674817497466045, 0.9824078170414328, 0.03000000026453896, 0.0, 0.0, 0.0, 1.0], "right_foot_pose": [0.9949038343814246, -0.09963456745618056, 0.015469754392307519, -3.4994080137969175e-10, 0.10082837067580985, 0.9831242186811633, -0.1526447192319918, -0.1450499999005507, 3.7502278504644667e-10, 0.15342660659211582, 0.9881600459387273, 2.1581639253476226e-10, 0.0, 0.0, 0.0, 1.0]}, {"left_foot_pose": [0.9895295464549991, -0.14222367454990886, 0.0245703701658317, -0.010486357261084697, 0.14433044231244446, 0.9750981596809631, -0.1683814194283143, -0.0005300149537953679, -1.0698534358387101e-05, 0.17016464199216352, 0.9854156455532971, 0.02875533492740555, 0.0, 0.0, 0.0, 1.0], "right_foot_pose": [0.9949038343824885, -0.09983687217420265, 0.014105292818414541, -4.706677174740048e-10, 0.10082837066531072, 0.985120420963815, -0.13918116204808323, -0.14505000011268304, -1.1464299281802007e-10, 0.1398940854880862, 0.9901664732990367, 6.351199080545378e-10, 0.0, 0.0, 0.0, 1.0]}, {"left_foot_pose": [0.9864343523915181, -0.16241695189828706, 0.023832795849340664, -0.011939209112341573, 0.1641562315558733, 0.9759898480941381, -0.14316615542284028, -0.0006034527216923422, -7.956221882703145e-06, 0.1451363157629808, 0.9894116685098514, 0.022909777209694324, 0.0, 0.0, 0.0, 1.0], "right_foot_pose": [0.9949038343853155, -0.10006348079327197, 0.012395972609340377, -5.997971145362685e-10, 0.10082837063742044, 0.9873564369667809, -0.1223147826506115, -0.14505000038105012, -4.438034739625193e-10, 0.12294131198176554, 0.9924139427719675, 1.2836951154837628e-09, 0.0, 0.0, 0.0, 1.0]}, {"left_foot_pose": [0.9835392716695806, -0.17951471110145176, 0.020614790366007555, -0.013154846031205092, 0.1806944964824921, 0.9771207064430618, -0.11218121046392523, -0.000664897816142887, -4.960938166457778e-06, 0.11405960519997847, 0.9934739082819517, 0.014590973786332465, 0.0, 0.0, 0.0, 1.0], "right_foot_pose": [0.9949038343874278, -0.10031859603628598, 0.010126184399940437, -6.47611723796071e-10, 0.10082837061657364, 0.9898737362640162, -0.0999180961263976, -0.14505000059026696, -8.640488175986763e-10, 0.10042990363445338, 0.9949441363493602, 2.1040957171036823e-09, 0.0, 0.0, 0.0, 1.0]}, {"left_foot_pose": [0.9812240257177484, -0.19224687730098136, 0.015509658999390413, -0.014052290497949359, 0.19287148920681063, 0.9780473129921069, -0.0788925991463587, -0.0007102552334670043, -2.324481732125934e-06, 0.08040268476202861, 0.9967624633169406, 0.006394297706103481, 0.0, 0.0, 0.0, 1.0], "right_foot_pose": [0.9949038343876255, -0.1005626390285718, 0.007315459822148631, -6.032730708212253e-10, 0.10082837061462564, 0.992281781931558, -0.07218382731562376, -0.14505000064135468, -1.3379285901682788e-09, 0.07255357247125209, 0.9973645166746502, 3.0044286364327988e-09, 0.0, 0.0, 0.0, 1.0]}, {"left_foot_pose": [0.9798734467855774, -0.1994118938706393, 0.00910630921273221, -0.014550566530158756, 0.1996197091579319, 0.9788534592710094, -0.044697617261797135, -0.0007354330214371565, -5.05764394519945e-07, 0.04561580708596717, 0.9989590572909587, 0.0009151257188911716, 0.0, 0.0, 0.0, 1.0], "right_foot_pose": [0.9949038343845967, -0.10074804152103595, 0.004023985151885377, -4.462801653833809e-10, 0.10082837064451147, 0.9941112034839562, -0.039705853231650684, -0.14505000044983876, -1.7721319266534951e-09, 0.03990923749404345, 0.9992033090230654, 3.77352595698488e-09, 0.0, 0.0, 0.0, 1.0]}, {"left_foot_pose": [0.9796672793159937, -0.2006190955813733, 0.00200008142619804, -0.014625153446939983, 0.20062906528616367, 0.9796185975536638, -0.009766344730472255, -0.0007391984781131948, -1.7147621214948114e-09, 0.009969042837997884, 0.9999503078577929, 4.334571583608504e-09, 0.0, 0.0, 0.0, 1.0], "right_foot_pose": [0.9949038343616793, -0.10082744376750785, 0.0004323837864202717, 1.6384752172648315e-09, 0.10082837087064696, 0.9948946864285358, -0.004266443933424934, -0.14504999989393147, -1.6958229387158494e-09, 0.004288297981229056, 0.9999908052079398, 4.16291644905753e-09, 0.0, 0.0, 0.0, 1.0]}, {"left_foot_pose": [0.97966727932037, -0.2005596301338597, -0.005277934216554063, -0.014625152034434619, 0.20062906526479418, 0.979328228991917, 0.02577204048056294, -0.0007391987536600302, -9.375430840145986e-10, -0.026306931788524095, 0.9996539127817563, 4.206860554356595e-09, 0.0, 0.0, 0.0, 1.0], "right_foot_pose": [0.9949038343504387, -0.10077732083364159, -0.003208114771629217, 3.0758333384624248e-09, 0.10082837098155797, 0.9944001069073687, 0.03165544167784238, -0.1450499995765922, -9.302195009727103e-10, -0.031817589289687497, 0.9994936923321692, 4.1924835894602275e-09, 0.0, 0.0, 0.0, 1.0]}, {"left_foot_pose": [0.9796672793050923, -0.2002626070406082, -0.012120646858075325, -0.014625154865976448, 0.20062906533939534, 0.977877871082592, 0.059184857759558306, -0.000739198775233995, -1.5665382810048413e-09, -0.060413222627810154, 0.9981734531291264, 3.238775296565688e-09, 0.0, 0.0, 0.0, 1.0], "right_foot_pose": [0.9949038343692638, -0.10060989598889672, -0.006633941998527493, 3.6938290306261917e-10, 0.10082837079580553, 0.9927480767805608, 0.06545911465304934, -0.14505000032188414, -1.5562567889325029e-09, -0.06579441372640162, 0.9978332000501883, 3.5812848034333378e-09, 0.0, 0.0, 0.0, 1.0]}, {"left_foot_pose": [0.9796672792969598, -0.19981465806364557, -0.018058911866498762, -0.014625155718819378, 0.2006290653791063, 0.9756905459458415, 0.08818127169083928, -0.0007391985472520162, -1.0723107514188284e-09, -0.09001144913185001, 0.995940730678882, 2.265291565439753e-09, 0.0, 0.0, 0.0, 1.0], "right_foot_pose": [0.9946362930049597, -0.10295304297831918, -0.009965720187532499, 0.00018772516967341434, 0.1034342527144035, 0.9900104705272393, 0.09581557082148635, -0.14502133425168373, 1.6627512250099283e-06, -0.09633244099439583, 0.9953492155064453, 0.0022602492883275482, 0.0, 0.0, 0.0, 1.0]}, {"left_foot_pose": [0.9796672792975131, -0.19931189359065724, -0.02295192687