{"LoopMode": "Wrap", "FrameDuration": 0.0167, "EnableCycleOffsetPosition": true, "EnableCycleOffsetRotation": false, "Debug_info": [{"left_foot_pose": [0.9999999999884726, 4.7851304004989146e-06, 3.9740439577986843e-07, 0.00019842111302273752, -4.801604232007997e-06, 0.9965691632582973, 0.08276413969590062, -6.676505781611462e-05, -3.7654267229317554e-12, -0.08276413969685503, 0.9965691632697852, 3.2324906640290862e-12, 0.0, 0.0, 0.0, 1.0], "right_foot_pose": [0.9999999979400312, 6.398293128505883e-05, -5.11093250354972e-06, 0.0009680834198771015, -6.418673637815635e-05, 0.9968248031031633, -0.07962604974757179, -0.12012479653779064, -3.7831135118629886e-12, 0.07962604991159852, 0.996824805156591, 3.1225924623790036e-12, 0.0, 0.0, 0.0, 1.0]}, {"left_foot_pose": [0.9999999999884728, 4.7857713992069175e-06, 3.8960438747395467e-07, 0.00019842111184945638, -4.801603842573542e-06, 0.9967029138325225, 0.08113754700941074, -6.676505823770273e-05, -1.4076384766607103e-11, -0.08113754701034648, 0.9967029138440127, 1.2160543405581592e-11, 0.0, 0.0, 0.0, 1.0], "right_foot_pose": [0.9999999979400316, 6.39744956156621e-05, -5.215466289843433e-06, 0.0009680834190446233, -6.418673677555158e-05, 0.996693359867823, -0.08125479847647983, -0.1201247965385844, -1.4129376459943886e-11, 0.08125479864386106, 0.9966933619209802, 1.2173470564924571e-11, 0.0, 0.0, 0.0, 1.0]}, {"left_foot_pose": [0.9999999999884726, 4.7868063102377815e-06, 3.7666801888649733e-07, 0.00019842110949629203, -4.80160321603231e-06, 0.9969188587065152, 0.07843971654872697, -6.67650585686741e-05, -3.1721520918291894e-11, -0.07843971654963167, 0.9969188587180075, 2.7423299742146412e-11, 0.0, 0.0, 0.0, 1.0], "right_foot_pose": [0.999999997940031, 6.396013579154544e-05, -5.388719505062205e-06, 0.0009680834171101356, -6.418673748034963e-05, 0.9964696056508533, -0.08395427859314565, -0.12012479653951663, -3.1858944781307197e-11, 0.08395427876608663, 0.9964696077035498, 2.7733502994120585e-11, 0.0, 0.0, 0.0, 1.0]}, {"left_foot_pose": [0.9999999999884727, 4.788197453243285e-06, 3.5854006724669587e-07, 0.00019842110598419248, -4.801602422626433e-06, 0.9972091033466334, 0.07465925381055581, -6.676505868398117e-05, -5.61702594806638e-11, -0.07465925381141704, 0.997209103358129, 4.853738244658956e-11, 0.0, 0.0, 0.0, 1.0], "right_foot_pose": [0.9999999979400314, 6.393924043830448e-05, -5.631246251581127e-06, 0.0009680834140223212, -6.418673852256108e-05, 0.9961440138947815, -0.08773311496610565, -0.12012479654042821, -5.6488094218044094e-11, 0.08773311514682931, 0.9961440159468075, 4.924043117693344e-11, 0.0, 0.0, 0.0, 1.0]}, {"left_foot_pose": [0.9999999999884726, 4.7898816536748175e-06, 3.352776665187766e-07, 0.00019842110133042908, -4.801601541084392e-06, 0.9975604379728347, 0.06980811248266061, -6.676505844460494e-05, -8.71388830792212e-11, -0.06980811248346606, 0.997560437984334, 7.526697320958675e-11, 0.0, 0.0, 0.0, 1.0], "right_foot_pose": [0.9999999979400311, 6.391110859772905e-05, -5.9420353712429965e-06, 0.0009680834097304141, -6.418673995875857e-05, 0.9957056609987959, -0.0925755504170182, -0.12012479654116098, -8.779922121773606e-11, 0.09257555060771515, 0.9957056630499189, 7.637716153974239e-11, 0.0, 0.0, 0.0, 1.0]}, {"left_foot_pose": [0.9999999999884729, 4.791783106698224e-06, 3.0689322205726097e-07, 0.00019842109546816834, -4.801600646942962e-06, 0.9979570247978672, 0.063888783315496, -6.676505767408067e-05, -1.250543280029713e-10, -0.06388878331623339, 0.9979570248093715, 1.0802868322112857e-10, 0.0, 0.0, 0.0, 1.0], "right_foot_pose": [0.9999999979400311, 6.387478067482878e-05, -6.320619316047496e-06, 0.0009680834041028998, -6.418674189251893e-05, 0.9951395914719291, -0.09847430814757852, -0.1201247965415486, -1.263110775638173e-10, 0.09847430835042427, 0.9951395935218866, 1.0949557927020237e-10, 0.0, 0.0, 0.0, 1.0]}, {"left_foot_pose": [0.9999999999884727, 4.7938162734916355e-06, 2.732881567712144e-07, 0.0001984210882204164, -4.801599821755184e-06, 0.9983809954650174, 0.05688047003345119, -6.676505612826858e-05, -1.711793617123262e-10, -0.05688047003410802, 0.9983809954765261, 1.4800297792882944e-10, 0.0, 0.0, 0.0, 1.0], "right_foot_pose": [0.9999999979400309, 6.382893532241568e-05, -6.767952707043502e-06, 0.0009680833968916847, -6.418674448982057e-05, 0.9944252105749741, -0.10544428127205593, -0.12012479654138936, -1.7341371784609057e-10, 0.10544428148925664, 0.9944252126234606, 1.4972426770620828e-10, 0.0, 0.0, 0.0, 1.0]}, {"left_foot_pose": [0.9999999999884726, 4.795882773377399e-06, 2.3422874023673283e-07, 0.00019842107928873967, -4.801599173587912e-06, 0.9988117904731877, 0.048734045478397166, -6.67650534533562e-05, -2.2765837948847051e-10, -0.04873404547896036, 0.9988117904847017, 1.9718530974710546e-10, 0.0, 0.0, 0.0, 1.0], "right_foot_pose": [0.9999999979400305, 6.377179925757004e-05, -7.286716556310025e-06, 0.0009680833877053072, -6.418674799881241e-05, 0.9935348781475816, -0.11352727330616016, -0.12012479654040528, -2.314376107962732e-10, 0.11352727354000791, 0.9935348801942346, 1.990101070048489e-10, 0.0, 0.0, 0.0, 1.0]}, {"left_foot_pose": [0.9999999999884728, 4.797864283919017e-06, 1.8934123774396967e-07, 0.0001984210682539464, -4.801598869093444e-06, 0.9992246598493509, 0.03937104425709841, -6.676504912991182e-05, -2.9750696832686424e-10, -0.03937104425755401, 0.9992246598608698, 2.583978309100843e-10, 0.0, 0.0, 0.0, 1.0], "right_foot_pose": [0.9999999979400302, 6.370104781406872e-05, -7.881353878803009e-06, 0.0009680833759904945, -6.418675277248336e-05, 0.9924323578107501, -0.12279255291041014, -0.12012479653818761, -3.036715693844119e-10, 0.12279255316333954, 0.9924323598551329, 2.601155610348904e-10, 0.0, 0.0, 0.0, 1.0]}, {"left_foot_pose": [0.9999999999884726, 4.7996122261825905e-06, 1.381205156913112e-07, 0.00019842105458756255, -4.801599176071052e-06, 0.999588487274437, 0.028685468191194552, -6.676504240436809e-05, -3.8455367575764157e-10, -0.028685468191527393, 0.99958848728596, 3.3528127496573745e-10, 0.0, 0.0, 0.0, 1.0], "right_foot_pose": [0.9999999979400298, 6.361369450307465e-05, -8.557916831353704e-06, 0.0009680833610209793, -6.418675929398233e-05, 0.9910710946083632, -0.13333447158121053, -0.12012479653413188, -3.943402688268943e-10, 0.13333447185585032, 0.9910710966499432, 3.365968198609792e-10, 0.0, 0.0, 0.0, 1.0]}, {"left_foot_pose": [0.9999999999884728, 4.80093477000231e-06, 7.995694456522027e-08, 0.00019842103770466603, -4.801600517800362e-06, 0.9998630483310413, 0.016549457970082723, -6.676503222424052e-05, -4.931264274089762e-10, -0.01654945797027618, 0.9998630483425676, 4.320822449832562e-10, 0.0, 0.0, 0.0, 1.0], "right_foot_pose": [0.9999999979400296, 6.350598818591791e-05, -9.323662095051474e-06, 0.0009680833419280738, -6.418676818527797e-05, 0.9893926117092069, -0.14526615495459877, -0.12012479652737296, -5.083295774740713e-10, 0.14526615525381023, 0.9893926137473313, 4.3257546850083983e-10, 0.0, 0.0, 0.0, 1.0]}, {"left_foot_pose": [0.9999999999884726, 4.801582573709578e-06, 1.4198354936125531e-08, 0.00019842101714086368, -4.801603524793683e-06, 0.9999960055952861, 0.002826441299216376, -6.676501724688956e-05, -6.269070545328012e-10, -0.0028264412992522864, 0.9999960056068137, 5.527279467454349e-10, 0.0, 0.0, 0.0, 1.0], "right_foot_pose": [0.9999999979400285, 6.337337440634625e-05, -1.0186175043614347e-05, 0.0009680833178720873, -6.418678014390369e-05, 0.9873259099333314, -0.15870583938335953, -0.12012479651677174, -6.500360883390981e-10, 0.15870583971024757, 0.9873259119672011, 5.517997100912275e-10, 0.0, 0.0, 0.0, 1.0]}, {"left_foot_pose": [0.9999999999884726, 4.801237767156915e-06, -5.971362515575318e-08, 0.00019842099298436603, -4.80160902123898e-06, 0.9999206186503263, -0.01259985614578156, -6.676499610318472e-05, -7.86020400546422e-10, 0.012599856145922711, 0.9999206186618532, 6.983211647826337e-10, 0.0, 0.0, 0.0, 1.0], "right_foot_pose": [0.9999999979400274, 6.321066691595077e-05, -1.115151690733778e-05, 0.0009680832885324082, -6.418679568743295e-05, 0.9847901515881454, -0.17374795888025021, -0.12012479650110194, -8.203304928839423e-10, 0.17374795923811415, 0.9847901536167949, 6.951468081717316e-10, 0.0, 0.0, 0.0, 1.0]}, {"left_foot_pose": [0.9999999999884728, 4.79951935699147e-06, -1.4194373598739137e-07, 0.0001984209669089343, -4.8016177646432906e-06, 0.9995570294734233, -0.029761465138856667, -6.676496841164642e-05, -9.598691643151346e-10, 0.02976146513919482, 0.9995570294849461, 8.606940021804732e-10, 0.0, 0.0, 0.0, 1.0], "right_foot_pose": [0.9999999979400264, 6.301279630416406e-05, -1.2220255574846783e-05, 0.0009680832553921102, -6.418681440421026e-05, 0.9817063624174335, -0.19040119187963078, -0.12012479647982943, -1.0088717296891247e-09, 0.19040119227178845, 0.9817063644397348, 8.542580878789785e-10, 0.0, 0.0, 0.0, 1.0]}, {"left_foot_pose": [0.9999999999884724, 4.7960400209173894e-06, -2.3161804224578302e-07, 0.00019842094450206774, -4.801629469542958e-06, 0.9988247147404988, -0.048468435094468146, -6.676493768583043e-05, -1.1107298012281544e-09, 0.04846843509502124, 0.9988247147520132, 1.0070765263381354e-09, 0.0, 0.0, 0.0, 1.0], "right_foot_pose": [0.9999999979400251, 6.277698252314574e-05, -1.337908839976802e-05, 0.000968083224812204, -6.418683307131454e-05, 0.9780313843866536, -0.20845768643726414, -0.12012479645539054, -1.1761890963767462e-09, 0.20845768686660765, 0.9780313864013892, 9.965245087451002e-10, 0.0, 0.0, 0.0, 1.0]}, {"left_foot_pose": [0.9999999999884724, 4.790599006223781e-06, -3.2544097317019736e-07, 0.0001984209395870567, -4.801640277612668e-06, 0.9976843290848432, -0.06801455340933765, -6.676491779793875e-05, -1.1430931066913835e-09, 0.06801455341011589, 0.9976843290963446, 1.0501626998560276e-09, 0.0, 0.0, 0.0, 1.0], "right_foot_pose": [0.9999999979400245, 6.250824644158129e-05, -1.4583202724405755e-05, 0.0009680832140497278, -6.418684190247564e-05, 0.9738439740574558, -0.22721775914754294, -0.12012479643828376, -1.2195894127198124e-09, 0.2272177596155295, 0.973843976063568, 1.0360266533560036e-09, 0.0, 0.0, 0.0, 1.0]}, {"left_foot_pose": [0.9999999999881655, 4.846908995969237e-06, -4.2086989948684154e-07, 0.00019925209579364002, -4.865147226526136e-06, 0.9962358320136755, -0.08668429493484443, -6.682814307362381e-05, -8.652143666424925e-10, 0.08668429493586578, 0.9962358320254662, 0.00019663320162446873, 0.0, 0.0, 0.0, 1.0], "right_foot_pose": [0.9999999979400257, 6.2231766195257e-05, -1.5721187448803276e-05, 0.0009680832620216173, -6.418682464198116e-05, 0.969537374689474, -0.24494341175115195, -0.12012479651676228, -9.823249703235901e-10, 0.24494341225566776, 0.9695373766867115, 8.00690382052327e-10, 0.0, 0.0, 0.0, 1.0]}, {"left_foot_pose": [0.9999999999782532, 6.558171513652336e-06, -6.961517025617708e-07, 0.00022189329112220344, -6.59501635441029e-06, 0.9944088168745415, -0.10559879203230137, -6.852339785386533e-05, -2.7559904315451936e-10, 0.10559879203459571, 0.9944088168961672, 0.005029447636546204, 0.0, 0.0, 0.0, 1.0], "right_foot_pose": [0.9999999979400274, 6.197902590858349e-05, -1.6689678178083897e-05, 0.0009680833589558807, -6.418679778441107e-05, 0.9656012496453001, -0.26002734964516644, -0.12012479671838633, -6.677356858453145e-10, 0.26002735018077405, 0.9656012516344235, 4.6277719850662535e-10, 0.0, 0.0, 0.0, 1.0]}, {"left_foot_pose": [0.9999999999462965, 1.0282446068552674e-05, -1.295806254297991e-06, 0.0002712236788803698, -1.0363773957178367e-05, 0.992159899746924, -0.1249749303931269, -7.220809541529788e-05, 5.990215265753981e-10, 0.12497493039984434, 0.9921598998002065, 0.013763757628451334, 0.0, 0.0, 0.0, 1.0], "right_foot_pose": [0.9999999979400294, 6.17751717479018e-05, -1.742897920081801e-05, 0.00096808342488185, -6.41867677979625e-05, 0.9624270218664875, -0.2715404637641736, -0.12012479673383934, -3.382392507623425e-10, 0.2715404643235178, 0.9624270238490646, 2.0970387926144696e-10, 0.0, 0.0, 0.0, 1.0]}, {"left_foot_pose": [0.999999999876225, 1.5573729915186454e-05, -2.2383108801429524e-06, 0.0003415178573477577, -1.573375656354884e-05, 0.9898458834098207, -0.14214473908337727, -7.745307432491591e-05, 1.8590350140431115e-09, 0.1421447391009999, 0.9898458835323353, 0.02294510794892512, 0.0, 0.0, 0.0, 1.0], "right_foot_pose": [0.9999999979400308, 6.164269168942902e-05, -1.7891806781689583e-05, 0.0009680834448004421, -6.418674464888402e-05, 0.9603644288933146, -0.2787474835697706, -0.12012479663238176, -9.038716149040304e-11, 0.278747484143976, 0.9603644308716374, 4.768176825598047e-11, 0.0, 0.0, 0.0, 1.0]}, {"left_foot_pose": [0.9999999997520839, 2.200867315333775e-05, -3.3840272095634375e-06, 0.0004270478086960217, -2.226731516458143e-05, 0.9884056628141117, -0.15183624475455265, -8.383315676128988e-05, 3.0773731524449443e-09, 0.1518362447922628, 0.9884056630591435, 0.029119051709671398, 0.0, 0.0, 0.0, 1.0], "right_foot_pose": [0.9999999979400312, 6.1599565958546e-05, -1.8039694876570893e-05, 0.0009680834314108916, -6.418673630523396e-05, 0.9596930648896784, -0.2810502038474946, -0.1201247965331439, -5.03981827196834e-13, 0.2810502044264489, 0.959693066866616, -3.2762820234566448e-12, 0.0, 0.0, 0.0, 1.0]}, {"left_foot_pose": [0.999999999564083, 2.9197450629464884e-05, -4.398162684605021e-06, 0.0005220778470629876, -2.952685131474989e-05, 0.9888597100128229, -0.14885050568110975, -9.092660493506544e-05, 3.1105858884822896e-09, 0.1488505057460868, 0.9888597104438706, 0.030000000113413007, 0.0, 0.0, 0.0, 1.0], "right_foot_pose": [0.9999999979400305, 6.165609390492947e-05, -1.7845576965270146e-05, 0.0009680834058975923, -6.418674733012312e-05, 0.9605730867662484, -0.278027590106491, -0.120124796520061, -1.1425302247804575e-10, 0.27802759067921207, 0.9605730887450015, 8.825402908474445e-11, 0.0, 0.0, 0.0, 1.0]}, {"left_foot_pose": [0.9999999993127338, 3.671760441687413e-05, -5.1333485538435075e-06, 0.0006208808475104406, -3.707470479013228e-05, 0.990377369854047, -0.13839314978150993, -9.830236561752387e-05, 2.4873112964156053e-09, 0.13839314987671392, 0.9903773705346879, 0.030000000407430748, 0.0, 0.0, 0.0, 1.0], "right_foot_pose": [0.999999997940029, 6.180101888078322e-05, -1.7337130670148e-05, 0.0009680833623851241, -6.418677460668961e-05, 0.9628293439862723, -0.27011044081823704, -0.12012479648505614, -4.023033525336049e-10, 0.27011044137463175, 0.9628293459696797, 3.2045898573640486e-10, 0.0, 0.0, 0.0, 1.0]}, {"left_foot_pose": [0.9999999990110657, 4.414497849476891e-05, -5.393577071855614e-06, 0.000717729189895667, -4.4473248124212345e-05, 0.9926216835977838, -0.12125259285323575, -0.00010553319377103534, 1.088449654044573e-09, 0.12125259297319438, 0.9926216845794161, 0.029892323447447862, 0.0, 0.0, 0.0, 1.0], "right_foot_pose": [0.9999999979400258, 6.202816335494425e-05, -1.650620584825505e-05, 0.0009680832866747914, -6.418682014150641e-05, 0.9663655527705669, -0.25717234357233837, -0.12012479648015198, -8.993989032369956e-10, 0.25717234410205075, 0.9663655547612695, 7.081782868456621e-10, 0.0, 0.0, 0.0, 1.0]}, {"left_foot_pose": [0.9999999986849328, 5.106032863876449e-05, -4.793522273117376e-06, 0.0008068901432038433, -5.1284841955671346e-05, 0.995619631185854, -0.0934962425298998, -0.00011219716372381193, -1.4239927110069233e-09, 0.09349624265278059, 0.9956196324951682, 0.025396597844044, 0.0, 0.0, 0.0, 1.0], "right_foot_pose": [0.9999999979400216, 6.233598933732716e-05, -1.530297003865581e-05, 0.0009680831821711424, -6.418688694617532e-05, 0.971157687881839, -0.2384381285533922, -0.12012479674457627, -1.6796387981546443e-09, 0.23843812904446463, 0.9711576898824286, 1.2740560620394525e-09, 0.0, 0.0, 0.0, 1.0]}, {"left_foot_pose": [0.9999999983714071, 5.697237224885764e-05, -3.3669136872980795e-06, 0.0008826410743364193, -5.7071773222380746e-05, 0.9982552710676686, -0.05904583413272504, -0.00011785650152231972, -2.9419065168262346e-09, 0.05904583422871877, 0.9982552726934308, 0.016796170743614315, 0.0, 0.0, 0.0, 1.0], "right_foot_pose": [0.9999999979400174, 6.270347922557426e-05, -1.3720014220064898e-05, 0.0009680830602724253, -6.418695420787649e-05, 0.9768795899921229, -0.21379023021844829, -0.12012479696129377, -2.58939304089816e-09, 0.21379023065868988, 0.976879592004513, 2.0034811032410005e-09, 0.0, 0.0, 0.0, 1.0]}, {"left_foot_pose": [0.9999999981152377, 6.138034915873074e-05, -1.406612033240069e-06, 0.0009392552168340517, -6.139646412339927e-05, 0.9997361566287362, -0.022969835865287103, -0.00012208120209741824, -3.6556376184731815e-09, 0.02296983590835509, 0.9997361585130069, 0.007545488998587903, 0.0, 0.0, 0.0, 1.0], "right_foot_pose": [0.9999999979400144, 6.309599205182142e-05, -1.1784190904196511e-05, 0.000968082922155169, -6.418700301385304e-05, 0.9829925572606546, -0.1836453872281792, -0.12012479698605516, -3.5159408501602894e-09, 0.183645387606264, 0.9829925592856465, 2.8089301509770515e-09, 0.0, 0.0, 0.0, 1.0]}, {"left_foot_pose": [0.9999999979634215, 6.381545255592927e-05, 8.636712285891746e-07, 0.0009710009156455977, -6.382129657300004e-05, 0.9999092895905722, 0.013468797916667993, -0.00012444472038619474, -4.075450389628068e-09, -0.01346879794435866, 0.999909291626963, 0.0010990031916120607, 0.0, 0.0, 0.0, 1.0], "right_foot_pose": [0.9999999979400137, 6.34721997224932e-05, -9.552589012141113e-06, 0.0009680827976574343, -6.418700862749592e-05, 0.9888538359049048, -0.14888951304972262, -0.12012479670655513, -4.230621293532849e-09, 0.14888951335616424, 0.9888538379419701, 3.487979967353727e-09, 0.0, 0.0, 0.0, 1.0]}, {"left_foot_pose": [0.9999999979400385, 6.410234364562124e-05, 3.288385816423385e-06, 0.0009757852141884167, -6.418663352470851e-05, 0.9986902601554339, 0.05116405135198283, -0.0001247965934317065, -4.343284632475868e-09, -0.051164051457657546, 0.9986902622126839, 3.7126572233203703e-09, 0.0, 0.0, 0.0, 1.0], "right_foot_pose": [0.9999999979400174, 6.378675353887357e-05, -7.156502827954598e-06, 0.0009680827661878935, -6.418695693332526e-05, 0.9937573798864231, -0.11156283342272227, -0.12012479646990913, -4.403460191373915e-09, 0.11156283365225869, 0.9937573819335775, 3.704362795675653e-09, 0.0, 0.0, 0.0, 1.0]}, {"left_foot_pose": [0.999999997940042, 6.393374857276888e-05, 5.691429230457688e-06, 0.0009757852493181001, -6.418657614596812e-05, 0.9960665496170313, 0.08860826493113495, -0.00012479673274070138, -3.983744609164382e-09, -0.0886082651139193, 0.9960665516688644, 3.3735289561853676e-09, 0.0, 0.0, 0.0, 1.0], "right_foot_pose": [0.9999999979400225, 6.400999215230238e-05, -4.761879125792453e-06, 0.0009680828397119514, -6.418687227448813e-05, 0.9972396999361349, -0.0742494225656562, -0.1201247965968053, -3.970045375341383e-09, 0.07424942271835401, 0.9972397019904445, 3.3793672304938127e-09, 0.0, 0.0, 0.0, 1.0]}, {"left_foot_pose": [0.9999999979400425, 6.370183054520605e-05, 7.873537025581093e-06, 0.0009757853765075573, -6.418657017351195e-05, 0.9924538223112586, 0.12261894820890334, -0.00012479676285573338, -3.0704558935063374e-09, -0.12261894846168911, 0.9924538243556477, 2.5731231104164642e-09, 0.0, 0.0, 0.0, 1.0], "right_foot_pose": [0.9999999979709192, 6.365294114126408e-05, -2.542478848677693e-06, 0.0009680826002569699, -6.370369767712337e-05, 0.9992006596208637, -0.03997546441343086, -0.120129650689736, -4.109340852379802e-09, 0.03997546449428254, 0.9992006616483329, 4.488176319251275e-05, 0.0, 0.0, 0.0, 1.0]}, {"left_foot_pose": [0.9999999979400407, 6.34472593268926e-05, 9.71415197370425e-06, 0.0009757855548440975, -6.418659875790479e-05, 0.9884864138001126, 0.15130963489703372, -0.00012479641120862871, -2.1256037616565106e-09, -0.15130963520886065, 0.9884864158363343, 1.6962439786105676e-09, 0.0, 0.0, 0.0, 1.0], "right_foot_pose": [0.9999999998949752, 1.449265920875088e-05, -1.1070103611577286e-07, 0.0009680483627278726, -1.44930811059752e-05, 0.9999680946849708, -0.007988078746458332, -0.12062420992388473, -5.070998817870624e-09, 0.00798807874722359, 0.9999680947899929, 0.004191586329341905, 0.0, 0.0, 0.0, 1.0]}, {"left_foot_pose": [0.9999999979400377, 6.320686005021176e-05, 1.1172214000597613e-05, 0.0009757856946997914, -6.418664597468727e-05, 0.9847387518214278, 0.17403903740612794, -0.00012479637501028058, -1.2509897188720977e-09, -0.17403903776472124, 0.9847387538499391, 9.540244080841198e-10, 0.0, 0.0, 0.0, 1.0], "right_foot_pose": [0.9999999944750986, -0.00010508444557153301, -2.6574154590166565e-06, 0.000967968226769524, 0.00010511804078404623, 0.9996822526105684, 0.025206799988436307, -0.12182629633893155, 7.728470941644022e-09, -0.02520680012851373, 0.9996822581336936, 0.012646193836212946, 0.0, 0.0, 0.0, 1.0]}, {"left_foot_pose": [0.9999999979400347, 6.301311890082738e-05, 1.2217955598136072e-05, 0.000975785778965803, -6.418669326474898e-05, 0.9817178905186853, 0.1903417434920995, -0.00012479653079071774, -5.58682115099013e-10, -0.1903417438842325, 0.9817178925409838, 4.049084748047882e-10, 0.0, 0.0, 0.0, 1.0], "right_foot_pose": [0.9999999606904169, -0.0002798830340448019, -1.6871623985778885e-05, 0.0009678551122116674, 0.0002803910901800397, 0.9981947440567535, 0.06005975622918056, -0.12358778458077631, 3.145958877101637e-08, -0.060059758598909815, 0.9981947832948435, 0.021954247503171084, 0.0, 0.0, 0.0, 1.0]}, {"left_foot_pose": [0.9999999979400325, 6.289173658602021e-05, 1.2828302818789194e-05, 0.0009757858184451702, -6.418672669614826e-05, 0.9798250156378552, 0.19985728560736013, -0.0001247967227380178, -1.202491425495713e-10, -0.19985728601906763, 0.9798250176562613, 7.823312137000826e-11, 0.0, 0.0, 0.0, 1.0], "right_foot_pose": [0.9999998767005903, -0.0004944157845304875, -4.638788574056861e-05, 0.0009677198311684006, 0.0004965871526922751, 0.9956387491854094, 0.0932911277759748, -0.12576054865185232, 6.097040683507528e-08, -0.09329113930886208, 0.9956388719442658, 0.02866130014073854, 0.0, 0.0, 0.0, 1.0]}, {"left_foot_pose": [0.9999999979400319, 6.286013101046741e-05, 1.2982333637333564e-05, 0.0009757858280378493, -6.41867358360871e-05, 0.9793321129799974, 0.20225876585749555, -0.0001247967850368176, -3.712996942014066e-12, -0.20225876627414277, 0.9793321149973908, 2.70625882814457e-12, 0.0, 0.0, 0.0, 1.0], "right_foot_pose": [0.9999997269640867, -0.0007338095245857025, -8.715121290469478e-05, 0.0009675652094146897, 0.0007389666737567133, 0.9930345420811985, 0.11782127211093602, -0.1281964540132118, 8.579312480120295e-08, -0.11782130434333946, 0.9930348132078891, 0.030000000864986907, 0.0, 0.0, 0.0, 1.0]}, {"left_foot_pose": [0.9999999979400329, 6.291810291047483e-05, 1.269831817512943e-05, 0.0009757858014923774, -6.418671948501868e-05, 0.9802361646712273, 0.19783088068021246, -0.00012479680942864037, -2.0699656486425892e-10, -0.19783088108775096, 0.9802361666904794, 1.6599356611468608e-10, 0.0, 0.0, 0.0, 1.0], "right_foot_pose": [0.9999995071837164, -0.0009838905254998917, -0.00013263392607880896, 0.0009674015581349564, 0.000992790166430536, 0.9910486558035365, 0.13349747637198495, -0.13074737083242616, 9.977197372088274e-08, -0.13349754225991248, 0.9910491441954595, 0.03000000029710744, 0.0, 0.0, 0.0, 1.0]}, {"left_foot_pose": [0.9999999979400356, 6.306032542028738e-05, 1.1971849998680925e-05, 0.0009757857255859757, -6.418667956766952e-05, 0.9824540429423461, 0.18650482402959406, -0.00012479683783379793, -7.375371741596081e-10, -0.18650482441383423, 0.9824540449661584, 5.959751719908368e-10, 0.0, 0.0, 0.0, 1.0], "right_foot_pose": [0.999999227079598, -0.0012310244103853937, -0.00017441074446460368, 0.0009672399714892938, 0.0012433182201638945, 0.9901226967212492, 0.14019807273013773, -0.1332651769909906, 1.0078682668802508e-07, -0.14019818121624353, 0.9901234619902954, 0.029991060027670373, 0.0, 0.0, 0.0, 1.0]}, {"left_foot_pose": [0.9999999979400397, 6.327779999821344e-05, 1.0762988330413862e-05, 0.0009757856075305148, -6.418661766714578e-05, 0.9858454005502665, 0.16765691782316436, -0.00012479652206485656, -1.6816277913636755e-09, -0.16765691816863776, 0.9858454025810518, 1.3448305108409997e-09, 0.0, 0.0, 0.0, 1.0], "right_foot_pose": [0.9999989109896732, -0.0014628748010555935, -0.00019497893278862342, 0.0009670861096868962, 0.0014758114583908843, 0.9912406555906648, 0.13205977693729515, -0.1356017410991926, 8.412524909726536e-08, -0.13205992087497767, 0.9912417350467483, 0.026205349359468257, 0.0, 0.0, 0.0, 1.0]}, {"left_foot_pose": [0.9999999979400434, 6.35444921158932e-05, 9.056034054543103e-06, 0.0009757854517608185, -6.418655795806752e-05, 0.9900032923618979, 0.14104423771529687, -0.00012479618757633808, -2.9190783894496506e-09, -0.14104423800602775, 0.9900032944012358, 2.3943079741073348e-09, 0.0, 0.0, 0.0, 1.0], "right_foot_pose": [0.9999985962962874, -0.0016655234337013642, -0.00018285826929213776, 0.0009669547752974234, 0.001675531393872662, 0.9940291669711913, 0.10910182310625022, -0.13760893896186793, 5.48100552239806e-08, -0.1091019763443871, 0.9940305622855596, 0.017908531615299463, 0.0, 0.0, 0.0, 1.0]}, {"left_foot_pose": [0.9999999979400452, 6.381764671844517e-05, 6.871577019061895e-06, 0.0009757852560287545, -6.418652961962994e-05, 0.9942601721826549, 0.10698927932932045, -0.00012479601131618837, -4.331319484078296e-09, -0.1069892795499903, 0.9942601742307569, 3.6494692962074637e-09, 0.0, 0.0, 0.0, 1.0], "right_foot_pose": [0.9999983296818767, -0.0018223038716987123, -0.00014086183054733034, 0.00096685814062277, 0.0018277399857548307, 0.9970251282212096, 0.07705551934822413, -0.13913865004588913, 2.4213418712833204e-08, -0.07705564809979402, 0.9970267935697216, 0.008555054039807747, 0.0, 0.0, 0.0, 1.0]}, {"left_foot_pose": [0.9999999979400429, 6.404489029381336e-05, 4.262306621592946e-06, 0.0009757850449561273, -6.418656556030407e-05, 0.9977986022268042, 0.06631700592096519, -0.00012479615412684664, -5.658220721797065e-09, -0.06631700605793812, 0.9977986042822028, 4.8576757685769856e-09, 0.0, 0.0, 0.0, 1.0], "right_foot_pose": [0.9999981612141084, -0.001916251344314619, -7.449286735659756e-05, 0.0009668030858949686, 0.0019176987255232307, 0.9992434364035162, 0.03884426902504563, -0.1400427488891406, 1.1260265458290832e-09, -0.03884434045362877, 0.9992452738015438, 0.0015993667039746265, 0.0, 0.0, 0.0, 1.0]}, {"left_foot_pose": [0.9999999979400356, 6.417213441512516e-05, 1.3662641092359642e-06, 0.0009757848950944407, -6.418667675702279e-05, 0.9997755186379303, 0.021187454125701773, -0.00012479639572662501, -6.3132545199263575e-09, -0.02118745416975264, 0.9997755206974241, 5.494535472438944e-09, 0.0, 0.0, 0.0, 1.0], "right_foot_pose": [0.9999981263141169, -0.0019357848317578669, 1.0263543659587138e-05, 0.0009667923532983913, 0.0019358120402437902, 0.9999840882289159, -0.005298671600391946, -0.1402247970128396, -6.2922361230104435e-09, 0.005298681540636968, 0.999985961888431, 5.472227435077137e-09, 0.0, 0.0, 0.0, 1.0]}, {"left_foot_pose": [0.9999999979400273, 6.416712358437258e-05, -1.5895683671008333e-06, 0.0009757849127482734, -6.418680892584968e-05, 0.9996909679112589, -0.024858892909873666, -0.0001247961819470806, -6.0465142074028365e-09, 0.024858892960694004, 0.9996909699706054, 5.401023031592622e-09, 0.0, 0.0, 0.0, 1.0], "right_foot_pose": [0.9999981263143682, -0.0019332506997993062, 9.954639353444815e-05, 0.0009667923157688042, 0.0019358119104661694, 0.9986752238948483, -0.05142032488055541, -0.14022479676538688, -6.137791699563585e-09, 0.05142042123812555, 0.9986770951011612, 5.266166391848515e-09, 0.0, 0.0, 0.0, 1.0]}, {"left_foot_pose": [0.9999999979400216, 6.403792959845125e-05, -4.370471061222513e-06, 0.0009757851454512985, -6.41868944529716e-05, 0.9976738901212148, -0.06816747648582526, -0.00012479613232499985, -4.999195042923689e-09, 0.06816747662592836, 0.9976738921764238, 4.56571809526185e-09, 0.0, 0.0, 0.0, 1.0], "right_foot_pose": [0.999998126314514, -0.001927053096615969, 0.00018393973031107064, 0.0009667925091644977, 0.001935811835261256, 0.9954738065230093, -0.09501659412507533, -0.14022479653109388, -5.161565103994687e-09, 0.0950167721665687, 0.9954756717303778, 4.360994468322055e-09, 0.0, 0.0, 0.0, 1.0]}, {"left_foot_pose": [0.9999999997389717, 2.2724552053816565e-05, -2.377451268076722e-06, 0.0009709881455116066, -2.2848560530335853e-05, 0.9944404386259209, -0.10530058643440786, -0.0005401134301960264, -2.8674976173864417e-08, 0.10530058646124237, 0.9944404388855668, 0.0034133468363932162, 0.0, 0.0, 0.0, 1.0], "right_foot_pose": [0.9999981263145095, -0.0019186228621986027, 0.00025739810199600186, 0.0009667927617822836, 0.0019358118375111366, 0.9911189354898177, -0.13296431230243883, -0.14022479695050827, -3.7634074089414456e-09, 0.13296456144342872, 0.9911207925374973, 3.0638653766845714e-09, 0.0, 0.0, 0.0, 1.0]}, {"left_foot_pose": [0.9999999956665835, -9.221914224144136e-05, 1.274610470236741e-05, 0.0009575358261935042, 9.309580844085341e-05, 0.990673775875038, -0.1362551324782537, -0.0017049659865618384, -6.190023024566373e-08, 0.136255133074412, 0.9906737801672512, 0.011540439022914635, 0.0, 0.0, 0.0, 1.0], "right_foot_pose": [0.9999981263144163, -0.0019095780865574356, 0.0003176148422043982, 0.0009667929709018417, 0.001935811885654952, 0.9864465272832663, -0.16407163509616005, -0.1402247970169832, -2.459100876595605e-09, 0.16407194252008908, 0.9864483755765857, 1.919661513083426e-09, 0.0, 0.0, 0.0, 1.0]}, {"left_foot_pose": [0.9999999639788608, -0.00026493524055274656, 4.303017993201752e-05, 0.0009371994388464523, 0.0002684069093207533, 0.9871224706618205, -0.15996610851125795, -0.0034662519220294806, -9.539808888437418e-08, 0.15996611429869367, 0.9871225062149931, 0.020927384097090516, 0.0, 0.0, 0.0, 1.0], "right_foot_pose": [0.9999981263142927, -0.0019012794444186443, 0.0003640115080382903, 0.0009667931127322161, 0.0019358119494804688, 0.9821595234450896, -0.18803968500880577, -0.1402247968485184, -1.3814211892388115e-09, 0.1880400373393624, 0.9821613637062963, 1.0339966313721582e-09, 0.0, 0.0, 0.0, 1.0]}, {"left_foot_pose": [0.9999998810067402, -0.0004805637759525487, 8.393428285608706e-05, 0.0009117491124782997, 0.0004878385924158091, 0.9851297237211827, -0.17181149395350526, -0.005670810323502411, -1.197765945356548e-07, 0.17181151445547746, 0.985129840934941, 0.02811973387982209, 0.0, 0.0, 0.0, 1.0], "right_foot_pose": [0.9999981263141801, -0.0018947921583070155, 0.0003963972827302356, 0.000966793199173995, 0.0019358120076437236, 0.9788082314559099, -0.20476986757339394, -0.14022479660308845, -5.839276714488885e-10, 0.20477025124961626, 0.9788100654382181, 4.2874073735710283e-10, 0.0, 0.0, 0.0, 1.0]}, {"left_foot_pose": [0.9999997290456843, -0.0007259335783647163, 0.0001221842819879692, 0.0008829477453966721, 0.00073614437644167, 0.9861575741970611, -0.16580921851702374, -0.008165484788399777, -1.2647580644755314e-07, 0.1658092635355721, 0.9861578413853312, 0.030000000426243616, 0.0, 0.0, 0.0, 1.0], "right_foot_pose": [0.9999981263141084, -0.0018908846063939218, 0.00041463680199756235, 0.000966793249876334, 0.0019358120446645885, 0.9767896087333807, -0.21419223352450692, -0.1402247964832967, -1.22409141898182e-10, 0.2141926348544562, 0.9767914389336678, 1.0540968792271954e-10, 0.0, 0.0, 0.0, 1.0]}, {"left_foot_pose": [0.9999995019184575, -0.0009871280850145402, 0.0001474482328705101, 0.000852562861907506, 0.0009980795680217473, 0.9890441364244101, -0.1476167336099449, -0.010797106999327562, -1.1618658248996189e-07, 0.14761680724984272, 0.9890446290321536, 0.03000000112650259, 0.0, 0.0, 0.0, 1.0], "right_foot_pose": [0.9999981263140891, -0.001889729183668383, 0.00041987131751770955, 0.000966793266899244, 0.0019358120546381274, 0.9761927241455064, -0.21689632997601604, -0.1402247964946366, -6.520657572158679e-13, 0.21689673637237608, 0.9761945532274865, 7.258083023486961e-14, 0.0, 0.0, 0.0, 1.0]}, {"left_foot_pose": [0.9999992082145696, -0.0012490967813604203, 0.00015273331715455967, 0.0008223652014791716, 0.0012583998675385637, 0.9926154423308852, -0.12129715609211661, -0.013412511823053166, -9.35619035672683e-08, 0.1212972522503813, 0.9926162282556636, 0.03000000196022725, 0.0, 0.0, 0.0, 1.0], "right_foot_pose": [0.9999981263141144, -0.0018912793677564562, 0.00041283242738522706, 0.0009667932413309962, 0.001935812041496358, 0.976993538991987, -0.21326011675804038, -0.14022479648376315, -1.5545205304086575e-10, 0.21326051634155357, 0.9769953695743566, 1.2186996550811457e-10, 0.0, 0.0, 0.0, 1.0]}, {"left_foot_pose": [0.9999988722067227, -0.0014969478750445186, 0.0001213768629910414, 0.0007941198447301925, 0.0015018606060223528, 0.9967309835911312, -0.08077803392121778, -0.015858544354529006, -5.9573805858411527e-08, 0.0807781251114228, 0.9967321076916708, 0.026951666619688154, 0.0, 0.0, 0.0, 1.0], "right_foot_pose": [0.9999981263141979, -0.0018970198933775592, 0.00038559514680065824, 0.0009667931737983346, 0.0019358119983888375, 0.9799590454648, -0.19918966299390414, -0.14022479666628135, -6.987403315667854e-10, 0.19919003621477224, 0.9799608816033205, 5.527370783298124e-10, 0.0, 0.0, 0.0, 1.0]}, {"left_foot_pose": [0.9999985324408102, -0.001711914966183238, 6.680850182080885e-05, 0.000769598972383885, 0.0017132180907981403, 0.9992385146892696, -0.0389801955530837, -0.01798202729972186, -2.684797623017957e-08, 0.03898025280487308, 0.9992399811312938, 0.019006270787159017, 0.0, 0.0, 0.0, 1.0], "right_foot_pose": [0.9999981263142969, -0.001903654034122955, 0.00035138186286139215, 0.0009667930844356485, 0.0019358119472662368, 0.9833861852234954, -0.18151546309801328, -0.1402247968955643, -1.4260937429482068e-09, 0.18151580320429322, 0.9833880277830824, 1.1480194364588137e-09, 0.0, 0.0, 0.0, 1.0]}, {"left_foot_pose": [0.9999982380077763, -0.0018772259781914902, -1.9925371299253965e-06, 0.0007505751991097168, 0.0018772270356533372, 0.9999976725326208, 0.0010634603889608184, -0.019629793332930398, -3.822976668089907e-09, -0.001063462255596771, 0.999999434523856, 0.009597809134872029, 0.0, 0.0, 0.0, 1.0], "right_foot_pose": [0.999998126314386, -0.0019115853328753286, 0.0003053018703926972, 0.0009667929660097793, 0.0019358119012249896, 0.9874833955988072, -0.15771111580650574, -0.14022479699471624, -2.271851225008206e-09, 0.15771141131245087, 0.9874852458350125, 1.862337672964287e-09, 0.0, 0.0, 0.0, 1.0]}, {"left_foot_pose": [0.9999980424863075, -0.0019772490543130275, -7.42275631442558e-05, 0.0007388143514523417, 0.001978641845787213, 0.9992941996445647, 0.037512498359557875, -0.02064868088313706, 3.6213973069042e-09, -0.03751257179809153, 0.999296155780204, 0.0021807300589592807, 0.0, 0.0, 0.0, 1.0], "right_foot_pose": [0.9999981263144246, -0.0019197288415694358, 0.00024901569276937583, 0.0009667928353970263, 0.0019358118814569243, 0.991690181539152, -0.1286345073112326, -0.140224796828066, -3.0438622514223757e-09, 0.12863474833814828, 0.9916920396574642, 2.5379499474231793e-09, 0.0, 0.0, 0.0, 1.0]}, {"left_foot_pose": [0.9999979910165043, -0.0019993792474036426, -0.0001429880465819349, 0.0007358180791649778, 0.0020044857087052298, 0.9974503586573608, 0.07133557353345282, -0.02090832304706184, -3.3869778004696508e-09, -0.0713357168389591, 0.9974523625231797, 2.8774347488047525e-09, 0.0, 0.0, 0.0, 1.0], "right_foot_pose": [0.9999981263143776, -0.00192684541663645, 0.00018610339658926936, 0.0009667927640797738, 0.0019358119055898626, 0.9953664032255906, -0.09613519627075857, -0.1402247964867734, -3.4061793115283654e-09, 0.09613537640479415, 0.9953682682321694, 2.880805864691194e-09, 0.0, 0.0, 0.0, 1.0]}, {"left_foot_pose": [0.999997991016411, -0.0019934292883792004, -0.00021024465642706936, 0.0007358180757438421, 0.0020044857553283414, 0.9944819648248829, 0.1048885297584907, -0.02090832314059545, -3.348218307051748e-09, -0.10488874047157493, 0.9944839627275482, 2.8252314099308506e-09, 0.0, 0.0, 0.0, 1.0], "right_foot_pose": [0.9999981263142756, -0.0019320227127309223, 0.00012106269221830278, 0.0009667927875677591, 0.001935811958312181, 0.9980407920108328, -0.0625366301814507, -0.14022479657854078, -3.3153363178232506e-09, 0.0625367473620666, 0.9980426620287196, 2.837151583112707e-09, 0.0, 0.0, 0.0, 1.0]}, {"left_foot_pose": [0.9999979910164014, -0.001985754295213237, -0.0002733917358912681, 0.0007358181569812806, 0.002004485760040525, 0.9906530505452742, 0.1363910388631922, -0.020908323206856476, -2.734096757352829e-09, -0.13639131286567385, 0.990655040755751, 2.2990187670268725e-09, 0.0, 0.0, 0.0, 1.0], "right_foot_pose": [0.9999981263141635, -0.0019349014560791247, 5.936764512111503e-05, 0.0009667928862342156, 0.0019358120161878686, 0.9995277931575849, -0.03066664861647312, -0.1402247966315078, -2.6682518094789475e-09, 0.03066670608140856, 0.9995296659620045, 2.316038576199997e-09, 0.0, 0.0, 0.0, 1.0]}, {"left_foot_pose": [0.9999979910164564, -0.001977521833339604, -0.0003276743061376904, 0.0007358183023406698, 0.002004485732609508, 0.9865460792683695, 0.1634711458244445, -0.020908322868262493, -1.9579919033266487e-09, -0.16347147423207453, 0.9865480612278316, 1.5559458513281221e-09, 0.0, 0.0, 0.0, 1.0], "right_foot_pose": [0.9999980632507275, -0.0019681185123671726, 2.077268864990612e-06, 0.0009675696839183617, 0.001968119608601095, 0.999997507800767, -0.0010539912055029341, -0.14054937369189605, -2.8840846826402497e-09, 0.0010539932524996258, 0.9999994445489575, 0.0027003592103786306, 0.0, 0.0, 0.0, 1.0]}, {"left_foot_pose": [0.9999979910165446, -0.001969750859014025, -0.0003715433069968664, 0.0007358184328682955, 0.0020044856885396826, 0.9826693653387113, 0.18535614492630043, -0.020908322763409225, -1.2000098339555797e-09, -0.1853565173021137, 0.9826713395096206, 9.024693145565088e-10, 0.0, 0.0, 0.0, 1.0], "right_foot_pose": [0.999997844952826, -0.002075117691462534, -6.305767396434454e-05, 0.0009701681645511596, 0.002076075553436509, 0.9995366036550556, 0.030368863396788206, -0.141633965159665, 9.48756420493149e-09, -0.03036892886295054, 0.9995387577076325, 0.01045212488771425, 0.0, 0.0, 0.0, 1.0]}, {"left_foot_pose": [0.9999979910166354, -0.0019634058468786064, -0.0004037328009096819, 0.0007358185154315882, 0.002004485643273194, 0.979504041101292, 0.20141453647526347, -0.020908322871481904, -5.685459466936106e-10, -0.20141494111341365, 0.9795060089127994, 4.0437968945594704e-10, 0.0, 0.0, 0.0, 1.0], "right_foot_pose": [0.9999974795541804, -0.0022405476171167725, -0.00014433177782456055, 0.0009742427314864203, 0.002245191592169567, 0.9979300287448144, 0.0642698750900326, -0.14333301125047362, 3.329970784109006e-08, -0.06427003715378882, 0.997932543974917, 0.019870148614798903, 0.0, 0.0, 0.0, 1.0]}, {"left_foot_pose": [0.9999979910167027, -0.0019592701049253388, -0.000423347629238089, 0.0007358185554904148, 0.0020044856096357168, 0.9774408601422772, 0.2111997797389159, -0.020908323051812196, -1.4374801438270118e-10, -0.211200204036317, 0.9774428238086454, 9.085095176164515e-11, 0.0, 0.0, 0.0, 1.0], "right_foot_pose": [0.9999969736473678, -0.0024483641242291684, -0.00024126587105691735, 0.000979428219404003, 0.0024602227747139087, 0.9951793956325138, 0.09804038867937805, -0.14549335157904816, 6.425337696053024e-08, -0.09804068554238064, 0.9951824073899096, 0.027499982272215652, 0.0, 0.0, 0.0, 1.0]}, {"left_foot_pose": [0.9999979910167258, -0.001958415779827672, -0.00042728227935486603, 0.0007358185655557881, 0.002004485598084906, 0.977014674884954, 0.2131626306296097, -0.020908323138292162, -2.2467233268595297e-12, -0.2131630588706257, 0.9770166376950389, 1.6613654896246999e-12, 0.0, 0.0, 0.0, 1.0], "right_foot_pose": [0.9999963389826221, -0.0026853063868246675, -0.00033339310360295046, 0.0009853522999758461, 0.002705923381076645, 0.9923813290707345, 0.1231745740421215, -0.147961819244327, 9.162088696428956e-08, -0.12317502523405975, 0.9923849621787811, 0.03000000093206625, 0.0, 0.0, 0.0, 1.0]}, {"left_foot_pose": [0.9999979910166954, -0.001960178782780468, -0.00041912016622754696, 0.0007358185414714571, 0.002004485613368803, 0.9778941754594396, 0.2090908023800413, -0.02090832316232923, -1.8512844792817564e-10, -0.2090912224404538, 0.9778961400365367, 1.4820674548721158e-10, 0.0, 0.0, 0.0, 1.0], "right_foot_pose": [0.9999955983037944, -0.0029378855141656487, -0.00041497197724352355, 0.0009916453114391446, 0.0029670478635396894, 0.9901719978937912, 0.139823500220788