{"LoopMode": "Wrap", "FrameDuration": 0.0167, "EnableCycleOffsetPosition": true, "EnableCycleOffsetRotation": false, "Debug_info": [{"left_foot_pose": [1.0000000000000007, -1.0658006258607588e-13, 9.142298029729549e-12, -1.722971572819902e-12, 2.7245352964101267e-14, 0.9999620375649145, 0.008713405133775453, 1.0063824773531849e-13, -9.143051227951343e-12, -0.00871340513377572, 0.9999620375649145, 2.138260402073655e-11, 0.0, 0.0, 0.0, 1.0], "right_foot_pose": [0.9999999999999998, 2.0330993004855253e-13, 9.115097565626227e-12, -1.4263834224087668e-12, -7.482640223092434e-14, 0.9999007561195519, -0.014088218891978622, -0.14000000000225418, -9.11728671130482e-12, 0.014088218891978437, 0.9999007561195519, 1.646403846589095e-11, 0.0, 0.0, 0.0, 1.0]}, {"left_foot_pose": [1.0000000000000007, -1.499402566464662e-13, 2.0025481273222574e-11, -3.673529773327129e-12, 3.7084552872631565e-14, 0.9999840273199926, 0.005652000078677357, 1.1308575603719007e-12, -2.0026203881862947e-11, -0.005652000078677626, 0.9999840273199928, 4.535542080796873e-11, 0.0, 0.0, 0.0, 1.0], "right_foot_pose": [1.0, 5.283245331858379e-13, 2.0006163392594086e-11, -3.247816324708134e-12, -1.8508230377158995e-13, 0.9998529161651509, -0.017150686168299432, -0.1400000000040077, -2.0012318406275323e-11, 0.017150686168299248, 0.999852916165151, 3.7861956625473425e-11, 0.0, 0.0, 0.0, 1.0]}, {"left_foot_pose": [1.0000000000000007, -4.706668135872106e-14, 3.472994114517292e-11, -6.285663234849384e-12, -1.8863759756780958e-15, 0.9999989931392242, 0.0014190562140248466, 2.9221538383472634e-12, -3.473023288014902e-11, -0.0014190562140251166, 0.9999989931392244, 7.765300902295991e-11, 0.0, 0.0, 0.0, 1.0], "right_foot_pose": [0.9999999999999998, 1.1288810181796999e-12, 3.475775223193977e-11, -5.758099853849767e-12, -3.852344639053992e-13, 0.9997712852838804, -0.021386377014773306, -0.14000000000594884, -3.477391197974704e-11, 0.021386377014773125, 0.9997712852838803, 6.725757450976033e-11, 0.0, 0.0, 0.0, 1.0]}, {"left_foot_pose": [1.0000000000000007, 3.4820169940840056e-13, 5.300815342224042e-11, -9.516705140848949e-12, -1.3810599902016576e-13, 0.999992170461619, -0.003957147389334504, 5.611146963735436e-12, -5.3009446150024684e-11, 0.003957147389334231, 0.9999921704616193, 1.1803875932248076e-10, 0.0, 0.0, 0.0, 1.0], "right_foot_pose": [0.9999999999999998, 2.144215699482129e-12, 5.314687578916731e-11, -8.930020640928755e-12, -7.20754608237804e-13, 0.9996416673109121, -0.026768208305002084, -0.1400000000078534, -5.3185352172510854e-11, 0.026768208305001904, 0.9996416673109119, 1.0414911294498452e-10, 0.0, 0.0, 0.0, 1.0]}, {"left_foot_pose": [1.0000000000000004, 1.2165690375628237e-12, 7.502354293364987e-11, -1.3395220936837315e-11, -4.3140834726104225e-13, 0.9999452905958043, -0.010460201492967952, 9.423288538368269e-12, -7.50324312217405e-11, 0.010460201492967681, 0.9999452905958042, 1.6724661933142926e-10, 0.0, 0.0, 0.0, 1.0], "right_foot_pose": [1.0, 3.763911817550391e-12, 7.537120927381122e-11, -1.2809910367630228e-11, -1.253332448969464e-12, 0.9994460251932097, -0.03328126688534944, -0.1400000000095028, -7.545486146550575e-11, 0.03328126688534925, 0.9994460251932096, 1.488851611441966e-10, 0.0, 0.0, 0.0, 1.0]}, {"left_foot_pose": [1.0000000000000004, 2.7947918865072237e-12, 1.0135214889572805e-10, -1.802133690178346e-11, -9.598974805892509e-13, 0.9998362474692034, -0.018096360040147717, 1.469768577677666e-11, -1.0138621845707758e-10, 0.018096360040147447, 0.9998362474692035, 2.2704524371697232e-10, 0.0, 0.0, 0.0, 1.0], "right_foot_pose": [0.9999999999999998, 6.250488888810864e-12, 1.0205103428972958e-10, -1.752096298851223e-11, -2.0678831000654814e-12, 0.999161867426511, -0.0409336375218121, -0.14000000001064833, -1.0222137313021996e-10, 0.040933637521811915, 0.999161867426511, 2.0270304185165955e-10, 0.0, 0.0, 0.0, 1.0]}, {"left_foot_pose": [1.0000000000000004, 5.4082014944944365e-12, 1.329401033700605e-10, -2.355992129708229e-11, -1.830207698985773e-12, 0.9996382078885345, -0.026897087749413517, 2.1910187206208853e-11, -1.3303770077378626e-10, 0.02689708774941325, 0.9996382078885347, 3.002550499897616e-10, 0.0, 0.0, 0.0, 1.0], "right_foot_pose": [0.9999999999999998, 9.972302399534746e-12, 1.3419504396594556e-10, -2.325968669779085e-11, -3.2824965987160524e-12, 0.9987612527114377, -0.04975902010972026, -0.1400000000109611, -1.345249992699046e-10, 0.049759020109720074, 0.9987612527114378, 2.6768009336874954e-10, 0.0, 0.0, 0.0, 1.0]}, {"left_foot_pose": [1.0000000000000007, 9.51022470406776e-12, 1.7102480542874317e-10, -3.022870845684527e-11, -3.1896238286676163e-12, 0.9993183223462844, -0.036917348537078294, 3.1687050552897666e-11, -1.7125935974234084e-10, 0.03691734853707801, 0.9993183223462849, 3.9074653235271484e-10, 0.0, 0.0, 0.0, 1.0], "right_foot_pose": [1.0, 1.544323820452453e-11, 1.7312701272587098e-10, -3.0286660722404795e-11, -5.0599217997891375e-12, 0.9982094732408767, -0.059815111235972704, -0.14000000000997112, -1.7374102807725716e-10, 0.059815111235972517, 0.9982094732408765, 3.466308559629816e-10, 0.0, 0.0, 0.0, 1.0]}, {"left_foot_pose": [1.0000000000000007, 1.571562646625051e-11, 2.1691837215342934e-10, -3.8264538337641266e-11, -5.235145906506872e-12, 0.9988362843902548, -0.048229420331067384, 4.477155451931836e-11, -2.174242074550937e-10, 0.0482294203310671, 0.9988362843902552, 5.032066152654835e-10, 0.0, 0.0, 0.0, 1.0], "right_foot_pose": [0.9999999999999998, 2.335279092625362e-11, 2.20277629470189e-10, -3.889270231844507e-11, -7.614703059058583e-12, 0.9974636644415897, -0.07117751132735559, -0.14000000000700474, -2.2138119397472396e-10, 0.07117751132735542, 0.9974636644415896, 4.4275836469376273e-10, 0.0, 0.0, 0.0, 1.0]}, {"left_foot_pose": [1.0000000000000007, 2.477619107278054e-11, 2.7135477198569855e-10, -4.7818537615589096e-11, -8.202228277116916e-12, 0.9981433974375189, -0.06090778400079939, 6.182765063811324e-11, -2.7236030301074803e-10, 0.06090778400079911, 0.9981433974375193, 6.419701367721409e-10, 0.0, 0.0, 0.0, 1.0], "right_foot_pose": [0.9999999999999998, 3.4523805685740806e-11, 2.7652286016532897e-10, -4.928394020061434e-11, -1.1194858111337861e-11, 0.9964721042522005, -0.083924641477887, -0.14000000000116047, -2.784448634313731e-10, 0.08392464147788686, 0.9964721042522003, 5.584510909262264e-10, 0.0, 0.0, 0.0, 1.0]}, {"left_foot_pose": [1.0000000000000004, 3.732449741749845e-11, 3.326104391909717e-10, -5.864537414302252e-11, -1.2275675355275763e-11, 0.9971840789425104, -0.07499275100686713, 8.276873630919113e-11, -3.344731436985448e-10, 0.07499275100686682, 0.9971840789425109, 8.068447576725646e-10, 0.0, 0.0, 0.0, 1.0], "right_foot_pose": [1.0, 4.9589906712819045e-11, 3.4025393613745765e-10, -6.123259531591081e-11, -1.597133801760097e-11, 0.9951764478890003, -0.09810115986588526, -0.13999999999147691, -3.4347769935139153e-10, 0.09810115986588508, 0.9951764478890003, 6.91530915863936e-10, 0.0, 0.0, 0.0, 1.0]}, {"left_foot_pose": [1.0000000000000004, 5.286157075845026e-11, 3.9145658936590073e-10, -6.924584898235082e-11, -1.7256164434225082e-11, 0.9959053255143586, -0.09040233742631124, 1.0484770517071862e-10, -3.9463281129466315e-10, 0.0904023374263109, 0.9959053255143585, 9.802439346340286e-10, 0.0, 0.0, 0.0, 1.0], "right_foot_pose": [1.0, 6.777605084689197e-11, 4.0213044005810125e-10, -7.310645870013189e-11, -2.1643370517844172e-11, 0.9935232610539002, -0.11362891245111889, -0.1399999999777764, -4.0722749242113675e-10, 0.11362891245111867, 0.9935232610539001, 8.24582263581064e-10, 0.0, 0.0, 0.0, 1.0]}, {"left_foot_pose": [1.0000000000000002, 6.669926479093678e-11, 4.1916803361630054e-10, -7.475318626580848e-11, -2.1585154594069946e-11, 0.9942893050840792, -0.10671821679272894, 1.1813524984638502e-10, -4.238924650579722e-10, 0.10671821679272865, 0.9942893050840789, 1.0925186935684117e-09, 0.0, 0.0, 0.0, 1.0], "right_foot_pose": [0.9999999999999999, 8.328390989099312e-11, 4.324854363524362e-10, -7.949413063831315e-11, -2.631410548255194e-11, 0.9915021881240561, -0.13009001093554073, -0.1399999999633742, -4.396447839457381e-10, 0.13009001093554054, 0.9915021881240561, 8.980818172465987e-10, 0.0, 0.0, 0.0, 1.0]}, {"left_foot_pose": [1.0000000000000004, 6.352026600611513e-11, 3.4792163594587914e-10, -6.320405193005343e-11, -2.0362401092743033e-11, 0.9924481271661694, -0.12266505160135767, 9.88841057647516e-11, -3.5308600045362366e-10, 0.12266505160135738, 0.9924481271661696, 9.541493983800109e-10, 0.0, 0.0, 0.0, 1.0], "right_foot_pose": [0.9999999999999998, 7.779747459839094e-11, 3.6047553830798015e-10, -6.715262299276137e-11, -2.4260640331232123e-11, 0.9892553092322168, -0.14619826659667015, -0.1399999999608077, -3.679761724997766e-10, 0.14619826659667, 0.9892553092322168, 7.624326031629991e-10, 0.0, 0.0, 0.0, 1.0]}, {"left_foot_pose": [1.0000000000000007, 7.968892874479067e-11, 3.9926856265637267e-10, -6.920278538236993e-10, -2.3721910334320193e-11, 0.9903964902706017, -0.13825625504719424, -4.42848114429184e-09, -4.0645193399158584e-10, 0.13825625504719397, 0.9903964902706021, 0.0027585302852934923, 0.0, 0.0, 0.0, 1.0], "right_foot_pose": [0.9999999999999998, 5.5041630857506794e-11, 2.337939286611854e-10, -1.9711259107193404e-11, -1.6960601171300148e-11, 0.9871404810466571, -0.15985515530934477, -0.14000000011745733, -2.395862914772879e-10, 0.15985515530934455, 0.9871404810466567, 4.1709650316912317e-10, 0.0, 0.0, 0.0, 1.0]}, {"left_foot_pose": [1.0000000000000007, 7.788204373677855e-11, 3.517575120071101e-10, -1.1458495541476217e-09, -2.2791590263772827e-11, 0.9880749822433212, -0.15397347000331432, -6.412083718154715e-09, -3.5955484616186925e-10, 0.15397347000331402, 0.9880749822433214, 0.009084491373811746, 0.0, 0.0, 0.0, 1.0], "right_foot_pose": [1.0, 2.852129104584308e-11, 1.1398604282675237e-10, 1.6494947583637152e-11, -8.712435953841731e-12, 0.9854208576237133, -0.17013445671040822, -0.1400000001362226, -1.171769384126866e-10, 0.17013445671040797, 0.985420857623713, 2.1139078681953194e-10, 0.0, 0.0, 0.0, 1.0]}, {"left_foot_pose": [1.0000000000000004, 4.172887273386838e-11, 1.75155279169558e-10, -7.43222494968306e-10, -1.1877024322584567e-11, 0.9859433434358873, -0.16707999142466246, -3.740565707871513e-09, -1.796653340325496e-10, 0.1670799914246622, 0.9859433434358874, 0.015819261169629104, 0.0, 0.0, 0.0, 1.0], "right_foot_pose": [0.9999999999999997, 7.826166182062043e-12, 3.012917693112623e-11, 1.9462301440448758e-11, -2.3850986562343973e-12, 0.9842985298126422, -0.17651176790421436, -0.14000000006294322, -3.103761171747609e-11, 0.17651176790421416, 0.984298529812642, 5.894808946527164e-11, 0.0, 0.0, 0.0, 1.0]}, {"left_foot_pose": [1.0000000000000004, 3.5714683083338384e-13, 2.7947644198889005e-12, -4.2904615459367305e-11, 1.3354303962044455e-13, 0.9848336412168341, -0.1735012943110021, -1.7413628178308826e-10, -2.8146801426833807e-12, 0.17350129431100184, 0.9848336412168343, 0.019803773655371414, 0.0, 0.0, 0.0, 1.0], "right_foot_pose": [0.9999999999999998, 3.088928749850361e-14, 4.86277684785817e-14, 3.805968233821995e-12, -2.1665924877324155e-14, 0.9839200035549768, -0.17860970467579462, -0.13999999999750742, -5.35419038961646e-14, 0.17860970467579446, 0.9839200035549764, -9.106694565108597e-12, 0.0, 0.0, 0.0, 1.0]}, {"left_foot_pose": [1.0000000000000004, 9.970106648450163e-12, 3.9673153651165006e-11, -2.966720833303202e-12, -3.0347657218402177e-12, 0.9852539992963626, -0.1710980913701972, 2.0728797150981748e-11, -4.079393502684789e-11, 0.1710980913701969, 0.9852539992963625, 0.02000000007332539, 0.0, 0.0, 0.0, 1.0], "right_foot_pose": [0.9999999999999998, 8.594329794231354e-12, 3.285860472601594e-11, -5.029319814922307e-12, -2.668931425444852e-12, 0.9843479222200918, -0.17623611440617987, -0.13999999999131904, -3.385902426940777e-11, 0.1762361144061797, 0.9843479222200917, 6.089343612680764e-11, 0.0, 0.0, 0.0, 1.0]}, {"left_foot_pose": [1.0000000000000004, 3.7381011483793034e-11, 1.549518846566393e-10, -1.6042957672357357e-11, -1.1511851517504635e-11, 0.9865112819114791, -0.16369328227319335, 7.027325596431488e-11, -1.5898091372308307e-10, 0.16369328227319316, 0.9865112819114789, 0.020000000303014874, 0.0, 0.0, 0.0, 1.0], "right_foot_pose": [0.9999999999999998, 3.211865981408844e-11, 1.2798545556691447e-10, -2.1522123102452644e-11, -9.957878931125734e-12, 0.9855270034413064, -0.16951851075325045, -0.13999999997319787, -1.315779250319913e-10, 0.16951851075325028, 0.9855270034413062, 2.5118863239415035e-10, 0.0, 0.0, 0.0, 1.0]}, {"left_foot_pose": [1.0000000000000004, 1.2127829723657837e-10, 5.428795746276172e-10, -3.7642539100642543e-10, -3.844129472948169e-11, 0.9886771880666997, -0.15005804808981393, -2.6512395924493948e-09, -5.549316000914209e-10, 0.15005804808981366, 0.9886771880666995, 0.018785003053910412, 0.0, 0.0, 0.0, 1.0], "right_foot_pose": [1.0, 7.090038150796325e-11, 3.028119421877303e-10, -5.4633402766164277e-11, -2.210224726835544e-11, 0.9874068965922244, -0.15820120278339386, -0.14000000007977556, -3.10215199781766e-10, 0.15820120278339367, 0.9874068965922242, 6.032671237554688e-10, 0.0, 0.0, 0.0, 1.0]}, {"left_foot_pose": [1.0000000000000007, 1.9006572407045044e-10, 9.94301141421513e-10, -1.1411289296994145e-09, -6.141426869655086e-11, 0.99179732431696, -0.1278204501545813, -7.43883690063063e-09, -1.0104397314591438e-09, 0.12782045015458102, 0.9917973243169601, 0.013357590457219091, 0.0, 0.0, 0.0, 1.0], "right_foot_pose": [0.9999999999999998, 1.1696431599083663e-10, 5.562497129574234e-10, -9.106700754728463e-11, -3.685507512039022e-11, 0.989882549039537, -0.14188917896368589, -0.14000000026283455, -5.67218005698385e-10, 0.14188917896368566, 0.9898825490395368, 1.1556902587694928e-09, 0.0, 0.0, 0.0, 1.0]}, {"left_foot_pose": [1.0000000000000004, 1.8710634793744348e-10, 1.2341064281606829e-09, -1.2213945366870922e-09, -6.16722791657397e-11, 0.9949000128034616, -0.10086607221297342, -8.172213511806192e-09, -1.2466854684204945e-09, 0.10086607221297317, 0.9949000128034616, 0.006406381731709834, 0.0, 0.0, 0.0, 1.0], "right_foot_pose": [0.9999999999999999, 1.5710733213935057e-10, 8.772075843488373e-10, -1.4490449680074934e-10, -5.018246619281177e-11, 0.9927029575330479, -0.12058539756180943, -0.140000000337197, -8.897514984813465e-10, 0.12058539756180923, 0.9927029575330479, 1.8178321625761384e-09, 0.0, 0.0, 0.0, 1.0]}, {"left_foot_pose": [1.0000000000000004, 1.46829978126147e-10, 1.3619001482112456e-09, -5.433292252950304e-10, -4.8763256170818755e-11, 0.9974241352453594, -0.07172931360363011, -3.7842057577786026e-09, -1.3689242011462907e-09, 0.07172931360362982, 0.9974241352453597, 0.001090446816899085, 0.0, 0.0, 0.0, 1.0], "right_foot_pose": [0.9999999999999997, 1.756009477352544e-10, 1.2495199874784638e-09, -2.192562040554154e-10, -5.6884922058399506e-11, 0.995536063068987, -0.09438192162221495, -0.1400000002008258, -1.2605157934896326e-09, 0.09438192162221479, 0.995536063068987, 2.530682413626195e-09, 0.0, 0.0, 0.0, 1.0]}, {"left_foot_pose": [1.0000000000000002, 9.694008117694183e-11, 1.5952893450688051e-09, -2.565779397774611e-10, -3.183461448669362e-11, 0.9991689511643748, -0.04076036100287061, 3.8648031476518074e-10, -1.597915114844585e-09, 0.040760361002870324, 0.9991689511643747, 3.417675302486156e-09, 0.0, 0.0, 0.0, 1.0], "right_foot_pose": [0.9999999999999998, 1.538359525637929e-10, 1.6185364160037344e-09, -2.8385803740544704e-10, -5.0464122028635365e-11, 0.9979707156187102, -0.063674569236704, -0.14000000002424787, -1.6250474530070097e-09, 0.06367456923670382, 0.99797071561871, 3.2529393761970837e-09, 0.0, 0.0, 0.0, 1.0]}, {"left_foot_pose": [1.0000000000000004, 1.876276250731563e-11, 1.779221381337237e-09, -2.9268803870450287e-10, -6.231491695471692e-12, 0.999975200079503, -0.007042671791239393, 3.155287038592025e-10, -1.7793096847195703e-09, 0.007042671791239121, 0.9999752000795029, 3.6833348940334965e-09, 0.0, 0.0, 0.0, 1.0], "right_foot_pose": [0.9999999999999998, 7.987336046832807e-11, 1.7886664926969327e-09, -3.1346122763800036e-10, -2.643047961339821e-11, 0.9995541301832875, -0.029858681041385712, -0.14000000014967104, -1.7902540320531176e-09, 0.029858681041385535, 0.9995541301832875, 3.6590327920360544e-09, 0.0, 0.0, 0.0, 1.0]}, {"left_foot_pose": [1.0000000000000004, -6.783503340825971e-11, 1.6807177316557916e-09, -2.837800078840248e-10, 2.223875849106096e-11, 0.9996323369536336, 0.027114404227607733, 1.826252361142311e-10, -1.681939580977108e-09, -0.027114404227607997, 0.9996323369536337, 3.4040562382764428e-09, 0.0, 0.0, 0.0, 1.0], "right_foot_pose": [0.9999999999999999, -1.0658586591550118e-11, 1.6740595021325078e-09, -2.941074314934074e-10, 3.4566257882350222e-12, 0.9999907460887443, 0.004302061933159657, -0.14000000025147116, -1.6740899101971173e-09, -0.004302061933159834, 0.9999907460887443, 3.533347288364741e-09, 0.0, 0.0, 0.0, 1.0]}, {"left_foot_pose": [1.0000000000000004, -1.1734655559377126e-10, 1.3394840792102536e-09, -2.32219696077927e-10, 3.8254773532958646e-11, 0.998264205161143, 0.05889462364250245, 5.990743838502066e-11, -1.3440703883778194e-09, -0.058894623642502725, 0.998264205161143, 2.6906319741670792e-09, 0.0, 0.0, 0.0, 1.0], "right_foot_pose": [0.9999999999999996, -7.103525623181293e-11, 1.322796538971716e-09, -2.345234162970129e-10, 2.3369407871401813e-11, 0.9993518125081712, 0.03599937272554973, -0.1400000002725591, -1.3244964321525005e-09, -0.035999372725549914, 0.9993518125081711, 2.9149826025198777e-09, 0.0, 0.0, 0.0, 1.0]}, {"left_foot_pose": [1.0000000000000007, -1.2000158646978027e-10, 9.173035664389342e-10, 2.6107863077454105e-10, 4.059823524107927e-11, 0.9962885306123375, 0.08607649952403104, 1.90405295696916e-10, -9.242285544536165e-10, -0.08607649952403132, 0.9962885306123376, 1.8374163024414969e-09, 0.0, 0.0, 0.0, 1.0], "right_foot_pose": [0.9999972924518967, 0.002322148782711995, 0.00015071133680021246, -1.3215053544187762e-09, -0.002327034143123552, 0.9979251763493852, 0.06434226698015429, -0.14011634685061464, -9.863204093304693e-07, -0.064342443480798, 0.9979278781384694, 0.0018002422186385106, 0.0, 0.0, 0.0, 1.0]}, {"left_foot_pose": [1.0000000000000002, -8.34654694505818e-11, 4.529858155244443e-10, 5.691023741461006e-10, 3.4122856068911456e-11, 0.9941668094833994, 0.10785339550333606, 1.5867868043834e-10, -4.5934558454758757e-10, -0.10785339550333635, 0.9941668094833994, 1.1240368774645404e-09, 0.0, 0.0, 0.0, 1.0], "right_foot_pose": [0.9999489668909809, 0.010060459641821558, 0.0009223694784549738, -3.2635006153903818e-09, -0.01010265342552855, 0.9957972247818493, 0.09102649894690414, -0.14050513065523862, -2.724547877396065e-06, -0.09103117196083106, 0.9958480434905789, 0.006968088567839106, 0.0, 0.0, 0.0, 1.0]}, {"left_foot_pose": [1.0000000000000007, -2.854722797162548e-11, 2.821121114493563e-11, 6.212392596219723e-10, 2.483092736053767e-11, 0.9922896863723346, 0.12394022074812883, 1.7717141989614937e-11, -3.153201640014507e-11, -0.12394022074812906, 0.9922896863723348, 5.7870627040435e-10, 0.0, 0.0, 0.0, 1.0], "right_foot_pose": [0.9997517265285426, 0.022132705196015873, 0.002574619176517603, -4.307563701051601e-09, -0.02228194965681949, 0.9930800466640863, 0.11530626885450349, -0.14111417486517458, -4.763276149122548e-06, -0.11533500890173098, 0.9933266510564127, 0.013246769616934669, 0.0, 0.0, 0.0, 1.0]}, {"left_foot_pose": [1.0000000000000004, 1.996367376590784e-11, -3.0138819218095183e-10, 4.6373602565204054e-10, 2.067860064371394e-11, 0.9909475345140784, 0.13424970704053715, -1.3314804293840243e-10, 3.0133983281181627e-10, -0.1342497070405374, 0.9909475345140785, 2.1578082376461083e-10, 0.0, 0.0, 0.0, 1.0], "right_foot_pose": [0.9992867279157766, 0.037416061027871234, 0.005106249948742998, -3.133049129540929e-09, -0.03776288345470635, 0.9901329375318988, 0.134947140198075, -0.14188857596928223, -6.675828333002414e-06, -0.13504371289183112, 0.9908396416998173, 0.018333322525916344, 0.0, 0.0, 0.0, 1.0]}, {"left_foot_pose": [1.0000000000000007, 4.0697802173110326e-11, -4.961682731341464e-10, 1.6915729606469077e-10, 2.852812653650483e-11, 0.9903306109780488, 0.13872736197248595, -1.9209135757730644e-10, 4.970162630943324e-10, -0.13872736197248617, 0.9903306109780491, 7.48282408258305e-11, 0.0, 0.0, 0.0, 1.0], "right_foot_pose": [0.9984619929290908, 0.05483919754256143, 0.008143162098097121, -5.195505354605758e-10, -0.05544049614241195, 0.9876539365295136, 0.14651297910164288, -0.14277342770265364, -7.971898479548942e-06, -0.14673910205069138, 0.9891752301113316, 0.020000000731079666, 0.0, 0.0, 0.0, 1.0]}, {"left_foot_pose": [1.0000000000000002, 2.2626624329469317e-11, -5.332451702422252e-10, -1.3750146071717984e-10, 5.091012046668033e-11, 0.9905016839938081, 0.13750059638209244, -2.0267364522763565e-10, 5.312911360795621e-10, -0.13750059638209264, 0.9905016839938083, 1.0996133864571433e-10, 0.0, 0.0, 0.0, 1.0], "right_foot_pose": [0.9972427370164675, 0.07335746616483234, 0.0112073915689502, -3.4557696981796227e-10, -0.07420864772061926, 0.9858214320440573, 0.15049644755302624, -0.143713825484872, -8.448746682515002e-06, -0.1509131746418427, 0.9885470214654128, 0.020000000532045342, 0.0, 0.0, 0.0, 1.0]}, {"left_foot_pose": [1.0000000000000002, -3.406396786544933e-11, -4.067657322082136e-10, -4.6443789015026233e-10, 8.690743411226847e-11, 0.9914314349656228, 0.13062813541502766, -2.0250186423542704e-10, 3.98830440170063e-10, -0.13062813541502794, 0.9914314349656229, 3.4353873912262856e-10, 0.0, 0.0, 0.0, 1.0], "right_foot_pose": [0.9956695309870481, 0.09192734591072196, 0.013840091684729487, -1.4043390983518172e-10, -0.09296335298665519, 0.9845864927908351, 0.148146053660977, -0.14465486917087425, -8.093811570358948e-06, -0.14879113309486244, 0.9888686458002586, 0.020000000484936824, 0.0, 0.0, 0.0, 1.0]}, {"left_foot_pose": [1.0000000000000004, -1.1954587874618544e-10, -1.0952333484581572e-10, -8.029158037582058e-10, 1.3163018798427382e-10, 0.9930192573201142, 0.11795234033883946, -1.5937699944512662e-11, 9.465765774423148e-11, -0.11795234033883971, 0.9930192573201145, 8.161006176399255e-10, 0.0, 0.0, 0.0, 1.0], "right_foot_pose": [0.993864260301772, 0.10953927240055246, 0.015329054007617783, 9.69548279118257e-10, -0.11060665462654085, 0.9842818173112861, 0.13767887297155207, -0.14554165363233884, -6.865566048965359e-06, -0.13852960662742564, 0.9903582927610164, 0.018419946721361616, 0.0, 0.0, 0.0, 1.0]}, {"left_foot_pose": [1.0000000000000004, -2.0496418684450543e-10, 3.373328838485219e-10, -1.0142522012282701e-09, 1.7043862636491668e-10, 0.9950531595241112, 0.0993438962447338, 2.2264289630674616e-10, -3.560264240033043e-10, -0.09934389624473408, 0.9950531595241113, 1.525721195216878e-09, 0.0, 0.0, 0.0, 1.0], "right_foot_pose": [0.9920239339070696, 0.12515619790740395, 0.014981344429144804, -2.07510303319898e-10, -0.12604965105559998, 0.9849970110764851, 0.11786591381375784, -0.14631927680687468, -4.929848803327716e-06, -0.11881420073271326, 0.9929165048884739, 0.013389175501223857, 0.0, 0.0, 0.0, 1.0]}, {"left_foot_pose": [1.0000000000000004, -2.510473734806265e-10, 8.90897522420891e-10, -1.0322036748813731e-09, 1.8357905636821826e-10, 0.9971881396534856, 0.07493873587418595, 3.8460976244103495e-10, -9.072057821064828e-10, -0.07493873587418624, 0.9971881396534857, 2.400472542962717e-09, 0.0, 0.0, 0.0, 1.0], "right_foot_pose": [0.990402504386962, 0.13761792935217018, 0.012813462641098295, -1.309169122935827e-09, -0.13821316614633336, 0.9861390575263965, 0.09179803878491367, -0.14693284010801178, -2.7999563724722022e-06, -0.09268799675131413, 0.9956952019822072, 0.007112088458642536, 0.0, 0.0, 0.0, 1.0]}, {"left_foot_pose": [1.0000000000000004, -2.1418131374497595e-10, 1.4624568223098368e-09, -7.964856122428796e-10, 1.4792328490426317e-10, 0.9989799102111376, 0.04515682666605598, 3.8665002970172946e-10, -1.4706367861399453e-09, -0.04515682666605625, 0.9989799102111379, 3.301405357425402e-09, 0.0, 0.0, 0.0, 1.0], "right_foot_pose": [0.9892809054431654, 0.1457407566795162, 0.009106150011566883, -8.163646677064595e-10, -0.14602496404584284, 0.9873558936167816, 0.061685080980876446, -0.1473274423448099, -9.80504088996095e-07, -0.062353597993131685, 0.9980541211859955, 0.001891648477240812, 0.0, 0.0, 0.0, 1.0]}, {"left_foot_pose": [1.0000000000000004, 4.511284998428483e-11, 1.7944674635117504e-09, 5.451568169417249e-10, -6.543005958944221e-11, 0.9999358819766194, 0.01132395406388981, 1.797206827802711e-10, -1.793841799452952e-09, -0.011323954063890085, 0.9999358819766195, 3.817588418997264e-09, 0.0, 0.0, 0.0, 1.0], "right_foot_pose": [0.9889200216622648, 0.14838659219321504, 0.004313932404468374, 7.515108600524012e-10, -0.1484492868137325, 0.9885023711956122, 0.028737978097734863, -0.1474500003003336, -1.774548468711377e-09, -0.0290599621117478, 0.9995776701197678, 4.174243048438164e-09, 0.0, 0.0, 0.0, 1.0]}, {"left_foot_pose": [1.0000000000000004, 5.993185631200799e-10, -1.098472535154838e-09, 5.361498656160896e-09, -6.251863556736589e-10, 0.9997190572350603, -0.023702459809970627, -7.243845853016628e-10, 1.0839584378109928e-09, 0.023702459809970364, 0.9997190572350603, 4.002663679669727e-09, 0.0, 0.0, 0.0, 1.0], "right_foot_pose": [0.9889200216803877, 0.14844660080276506, -0.0008929892305964835, 5.7286021531901404e-09, -0.14844928669300309, 0.9889021292128918, -0.0059487913518608306, -0.14744999905439726, 1.0964323945858083e-09, 0.006015442486960702, 0.9999819070621656, 4.696142523463731e-09, 0.0, 0.0, 0.0, 1.0]}, {"left_foot_pose": [1.0000000000000007, 2.4597909739535485e-10, 1.2136089355685397e-09, 1.6290412899894507e-09, -1.7595186646441484e-10, 0.9983531241103902, -0.057367582997932744, 2.2214782617602236e-10, -1.2257218392394723e-09, 0.057367582997932445, 0.9983531241103903, 3.4997179321205607e-09, 0.0, 0.0, 0.0, 1.0], "right_foot_pose": [0.9889200216678309, 0.148333011666929, -0.005874384590287134, 1.6953691649342073e-09, -0.14844928677664934, 0.9881454350520293, -0.03913321404306011, -0.1474499998717606, -1.1785814990352205e-09, 0.039571667082074574, 0.9992167348300093, 3.4668944243199107e-09, 0.0, 0.0, 0.0, 1.0]}, {"left_foot_pose": [0.9999938551993919, 0.003492051037018281, -0.00030845261154711673, 0.0002574950188006344, -0.003505646589261101, 0.9961738436450661, -0.08732344289712347, -1.9222465763579777e-05, 2.334504302132685e-06, 0.08732398763782376, 0.9961799642522331, 0.0013721660427157764, 0.0, 0.0, 0.0, 1.0], "right_foot_pose": [0.9889200216447971, 0.14809668559855485, -0.010225580901654228, -6.738152410167009e-10, -0.1484492869300943, 0.9865711078101261, -0.06811944248338539, -0.14745000029481883, -9.78463780449202e-10, 0.06888266072839738, 0.9976247686635374, 2.2937270555134504e-09, 0.0, 0.0, 0.0, 1.0]}, {"left_foot_pose": [0.9998402213554906, 0.01775822351352568, -0.002043834006959353, 0.0013130506378344372, -0.01787545014815422, 0.9933245277415765, -0.11395986516741398, -9.801029725967428e-05, 6.465692530905681e-06, 0.1139781912675313, 0.9934832519341118, 0.006257919813787448, 0.0, 0.0, 0.0, 1.0], "right_foot_pose": [0.9889200216426579, 0.1478077174773036, -0.013786567681404313, -9.598801259044776e-10, -0.14844928694434442, 0.9846460979813869, -0.09184155342624144, -0.14745000032959774, -3.0945152585960637e-10, 0.09287055714368828, 0.9956781907904887, 1.4162969755315835e-09, 0.0, 0.0, 0.0, 1.0]}, {"left_foot_pose": [0.9991466205495714, 0.04091404151284224, -0.005663201520101811, 0.0030347203995220286, -0.041304122357858596, 0.9897469530320441, -0.13672943516314484, -0.00022651216305134836, 1.0982662634475139e-05, 0.13684666664143103, 0.9905922418980028, 0.01252544552765894, 0.0, 0.0, 0.0, 1.0], "right_foot_pose": [0.9889200216442506, 0.14752798417532167, -0.016513166755674127, -9.052488984112594e-10, -0.14844928693373588, 0.9827826078082575, -0.11000524986775045, -0.14745000017008533, 3.256222087999645e-10, 0.11123776191009453, 0.9937938218389332, 7.409374294664595e-10, 0.0, 0.0, 0.0, 1.0]}, {"left_foot_pose": [0.9974358185211202, 0.07070987914474762, -0.011040875075784906, 0.005261194067458019, -0.07156666616757448, 0.9855269185195554, -0.15367141948654459, -0.0003926890568408635, 1.4992091301942579e-05, 0.15406753669961024, 0.9880603189636513, 0.017871779391549873, 0.0, 0.0, 0.0, 1.0], "right_foot_pose": [0.9889200216465244, 0.14730569374834693, -0.018390850332598824, -5.896530338653228e-10, -0.1484492869185898, 0.9813017831000592, -0.1225137530973845, -0.14744999993127905, 8.303815153220979e-10, 0.12388641198276305, 0.9922964057810735, 2.8601142981754535e-10, 0.0, 0.0, 0.0, 1.0]}, {"left_foot_pose": [0.9943218682589828, 0.10499485079314362, -0.017323498748591248, 0.007831161747826516, -0.10641438809788883, 0.9810847097379084, -0.16170581413244547, -0.0005845044474535356, 1.754191418664029e-05, 0.16263109673555856, 0.9866869443075, 0.020000000146613586, 0.0, 0.0, 0.0, 1.0], "right_foot_pose": [0.988920021646975, 0.14717575646427006, -0.01940328567320685, -9.481656692428286e-11, -0.14844928691558668, 0.980436184240026, -0.12925826026645942, -0.14744999974689596, 1.1331863098663948e-09, 0.1307064854627642, 0.9914211086405071, 9.17471723593799e-11, 0.0, 0.0, 0.0, 1.0]}, {"left_foot_pose": [0.9896377319507641, 0.14165973458330763, -0.023445236128810602, 0.010583315674443924, -0.1435867652877606, 0.976376882407588, -0.16146524187650277, -0.0007899201931608514, 1.82632501026441e-05, 0.163158521376687, 0.9865998664953428, 0.02000000011161019, 0.0, 0.0, 0.0, 1.0], "right_foot_pose": [0.9889200216443154, 0.1471559459364678, -0.019552963114311303, 3.9553189846650016e-10, -0.14844928693330336, 0.9803042130003938, -0.13025536143542207, -0.14744999974273562, 1.1922745543436378e-09, 0.13171475828175827, 0.9912876587806273, 8.063519990608725e-11, 0.0, 0.0, 0.0, 1.0]}, {"left_foot_pose": [0.9835130827265418, 0.17856316006018003, -0.028586954630706683, 0.013356344982196173, -0.1808369868316967, 0.9711616005434118, -0.1553805966766514, -0.0009968938549957153, 1.7302259199682867e-05, 0.15798842837145397, 0.987440963400522, 0.020000000262430095, 0.0, 0.0, 0.0, 1.0], "right_foot_pose": [0.9889200216388749, 0.14724745960356317, -0.01885143076967338, 8.377023059599753e-10, -0.14844928696954637, 0.9809138463208219, -0.12558198634487514, -0.14744999977195106, 1.0036787565398535e-09, 0.12698902210974042, 0.9919041225156852, 2.637886020728786e-10, 0.0, 0.0, 0.0, 1.0]}, {"left_foot_pose": [0.9764015609183836, 0.21381787557023338, -0.030362936662605745, 0.015988938935092623, -0.2159629404235308, 0.9667125910060058, -0.13721069475109493, -0.0011933879336395344, 1.4133914463937162e-05, 0.14053000561121443, 0.990076419940979, 0.018822989348080715, 0.0, 0.0, 0.0, 1.0], "right_foot_pose": [0.9889200216396191, 0.14752868132371666, -0.016506937546997624, 7.685761697212579e-10, -0.14844928696459003, 0.982787251545912, -0.10996375493105424, -0.14745000006193623, 2.487084012253737e-11, 0.11119580201481259, 0.9937985176152574, 7.216944750143561e-10, 0.0, 0.0, 0.0, 1.0]}, {"left_foot_pose": [0.9690581130899256, 0.24508394880139828, -0.029329703280254627, 0.018319789795148613, -0.24683268290932106, 0.962197501879822, -0.11510688087172376, -0.001367362082716263, 1.0118328882945465e-05, 0.11878478613081865, 0.99292002421216, 0.014090249301462951, 0.0, 0.0, 0.0, 1.0], "right_foot_pose": [0.9889200216361523, 0.14779774555113792, -0.013893063634547799, 8.311421802534302e-10, -0.14844928698768645, 0.9845796679372611, -0.09255099501032217, -0.1474500002946298, -4.3110598289939037e-10, 0.09358794737867816, 0.9956110164644856, 1.4476697896004254e-09, 0.0, 0.0, 0.0, 1.0]}, {"left_foot_pose": [0.9624689451403631, 0.2702523857954376, -0.024843059639911323, 0.020187586986352556, -0.2713918377674266, 0.9584299271685773, -0.0880826038492027, -0.0015067721017782369, 5.798004003158744e-06, 0.09151897442339949, 0.9958033326349506, 0.007840257032856263, 0.0, 0.0, 0.0, 1.0], "right_foot_pose": [0.9889200216375867, 0.14808485459555418, -0.010395510748785874, 6.729901822453976e-10, -0.14844928697812773, 0.9864922932549537, -0.06925145878801571, -0.14745000047072288, -9.670271949829993e-10, 0.0700273602815095, 0.9975450710679711, 2.331329532201387e-09, 0.0, 0.0, 0.0, 1.0]}, {"left_foot_pose": [0.957737070891774, 0.287111820714033, -0.017507296933535244, 0.021431020538587617, -0.2876450990979705, 0.9559619304165896, -0.058284513887539725, -0.0015995768311245686, 2.1364712747248433e-06, 0.06085712777038728, 0.9981464872427169, 0.002375974787960672, 0.0, 0.0, 0.0, 1.0], "right_foot_pose": [0.9889200216466687, 0.14832473685584857, -0.006079738727530487, 2.6259677505385826e-10, -0.14844928691762632, 0.9880903099450056, -0.04050121734505155, -0.14745000047372156, -1.4813761632852778e-09, 0.040954997612332025, 0.9991609921181741, 3.205549201079627e-09, 0.0, 0.0, 0.0, 1.0]}, {"left_foot_pose": [0.9559258807091654, 0.29349387808538535, -0.008188657814865705, 0.02188878137185369, -0.29360809013105826, 0.9555540317338036, -0.026660492247260494, -0.0016337375242415058, 1.3728169546708856e-08, 0.02788971071336156, 0.9996110063601369, 3.780590808050155e-07, 0.0, 0.0, 0.0, 1.0], "right_foot_pose": [0.9889200216636095, 0.14844480792046916, -0.0011531497305922163, -3.4672895240714374e-10, -0.1484492868047742, 0.9888901847267433, -0.0076819137108891395, -0.147450000188042, -1.7551715406786972e-09, 0.007767982528475835, 0.999969828768567, 3.677076608477048e-09, 0.0, 0.0, 0.0, 1.0]}, {"left_foot_pose": [0.955925618438679, 0.29360358740221515, 0.0017735493171600603, 0.02188884248638507, -0.2936089440269666, 0.9559081784165943, 0.005774289881776248, -0.0016337425662427425, 1.926891086284972e-09, -0.006040521568472582, 0.9999817558831672, 4.0883138610614544e-09, 0.0, 0.0, 0.0, 1.0], "right_foot_pose": [0.988920021749314, 0.1483988117062236, 0.003870822589138142, -4.468705518253721e-09, -0.1484492862338374, 0.9885837768129078, 0.025786152078019858, -0.1474499989150277, 1.912311156851894e-09, -0.026075062924322073, 0.9996599877425785, 3.837862555533533e-09, 0.0, 0.0, 0.0, 1.0]}, {"left_foot_pose": [0.9559256184340713, 0.2933897633373939, 0.01134278582481512, 0.021888844763925833, -0.29360894404196786, 0.9552120147028551, 0.03692959444502901, -0.001633742460371651, -3.256918598044656e-10, -0.03863228877690222, 0.9992534944966964, 3.301601630978368e-09, 0.0, 0.0, 0.0, 1.0], "right_foot_pose": [0.9889200216976677, 0.148195078345499, 0.00868386087268379, -2.6342877228538453e-09, -0.14844928657789075, 0.987226570720556, 0.0578490049857932, -0.1474499998066973, -3.638752993310486e-10, -0.05849715221703085, 0.99828757539223, 3.476490061105064e-09, 0.0, 0.0, 0.0, 1.0]}, {"left_foot_pose": [0.9559256184902588, 0.29292518585386046, 0.020026168043302206, 0.021888847664503216, -0.29360894385903336, 0.9536994542994496, 0.06520075885230134, -0.001633742636472488, -1.1299835665639526e-09, -0.0682069377806581, 0.9976711951532863, 2.2737283653095908e-09, 0.0, 0.0, 0.0, 1.0], "right_foot_pose": [0.988543829166083, 0.1503439178696464, 0.013334323277283316, -0.0001805006838689234, -0.15093408433352495, 0.9846797088272692, 0.08731994737884864, -0.14740896969835068, -2.0145649766203523e-06, -0.08833219901853201, 0.9960910714450221, 0.000995089801886194, 0.0, 0.0, 0.0, 1.0]}, {"left_foot_pose": [0.95592561850134, 0.2923389260322511, 0.0272793735107988, 0.021888848209985524, -0.2936089438229554, 0.9517907223545222, 0.0888155895495057, -0.0016337427934702328, -5.553986561713673e-10, -0.09291056541733018, 0.9956744582612497, 1.4417412402822904e-09, 0.0, 0.0, 0.0, 1.0], "right_foot_pose": [0.9864720817651765, 0.16284065779032206, 0.018861390942725143, -0.0011256657153641335, -0.16392935020897798, 0.9799250163108993, 0.11346422585179107, -0.1471941325788312, -6.159653820944474e-06, -0.11502122664316909, 0.9933630340331573, 0.00556687538033316, 0.0, 0.0, 0.0, 1.0]}, {"left_foot_pose": [0.955925618502369, 0.2917601616493628, 0.032897111806387616, 0.021888848353830485, -0.29360894381960523, 0.9499063936609717, 0.10710570195439333, -0.001633743021456596, 7.791449885748343e-11, -0.11204397063807298, 0.9937032497902257, 7.984275393613238e-10, 0.0, 0.0, 0.0, 1.0], "right_foot_pose": [0.9825367927502447, 0.18428382497895632, 0.02570841774960022, -0.0027407405555563455, -0.18606840348780498, 0.9731212803375187, 0.13569643686467234, -0.14682703023595817, -1.0749974505461515e-05, -0.13811026611151708, 0.9904168588422979, 0.011791370754701054, 0.0, 0.0, 0.0, 1.0]}, {"left_foot_pose": [0.9559256184983779, 0.29129291435945637, 0.036805569449052916, 0.021888848173832777, -0.2936089438325994, 0.9483851397983076, 0.1198307753093952, -0.0016337432066323024, 6.425302754278536e-10, -0.12535575237586782, 0.9921118562673669, 3.505732301678499e-10, 0.0, 0.0, 0.0, 1.0], "right_foot_pose": [0.9765958131873014, 0.21245170349900902, 0.03353939989628753, -0.004867989441641914, -0.21508281531252535, 0.9646599040353904, 0.1522190924413525, -0.1463435150350472, -1.4908791118839072e-05, -0.15587027691898192, 0.987777533937135, 0.017365611108680956, 0.0, 0.0, 0.0, 1.0]}, {"left_foot_pose": [0.9559256184949784, 0.29101138979696684, 0.03896899938966534, 0.021888847772999986, -0.29360894384366726, 0.9474685580089218, 0.1268744248440218, -0.0016337432470520082, 1.0447724968305062e-09, -0.13272415979366062, 0.9911530141239888, 1.3027693507305926e-10, 0.0, 0.0, 0.0, 1.0], "right_foot_pose": [0.9685828095700105, 0.24526523036386413, 0.04113766862651474, -0.0073496776858384474, -0.24869125576233367, 0.9552511593246411, 0.1601495610867604, -0.14577943660037088, -1.7686654775035447e-05, -0.16534869029868138, 0.9862351698776985, 0.019986635126585682, 0.0, 0.0, 0.0, 1.0]}, {"left_foot_pose": [0.955925618484483, 0.2910193565933604, 0.038909459171852886, 0.02188884726866897, -0.2936089438778379, 0.9474944962393755, 0.12668057337663755, -0.0016337429467193285, 5.399656358791738e-10, -0.13252137066933692, 0.9911801482656527, 4.827841598720184e-11, 0.0, 0.0, 0.0, 1.0], "right_foot_pose": [0.9586377067307793, 0.28070829167386774, 0.04708080521286011, -0.010028071988579558, -0.2846291392185197, 0.9454429372063757, 0.15850522260892866, -0.14517064458416123, -1.8484506549239008e-05, -0.1653496521681263, 0.9862350085989662, 0.02000000006805052, 0.0, 0.0, 0.0, 1.0]}, {"left_foot_pose": [0.9559256184941158, 0.29121634022461984, 0.037406618302403646, 0.021888846942371257, -0.293608943846476, 0.9481358314226288, 0.12178765645942084, -0.001633742867944741, 4.5378712273866187e-10, -0.12740285851855795, 0.9918510531532955, 2.3166373680494345e-10, 0.0, 0.0, 0.0, 1.0], "right_foot_pose": [0.9471858665367835, 0.31657929620000097, 0.05115157329422503, -0.012745436374434368, -0.3206851008771271, 0.9350675612531785, 0.15102887792558087, -0.144552994972328, -1.7561014938219187e-05, -0.15945596605190185, 0.9872050418135361, 0.02000000024537822, 0.0, 0.0, 0.0, 1.0]}, {"left_foot_pose": [0.9559256185069139, 0.29161245514271483, 0.0341816893645269, 0.021888846647763256, -0.2936089438048077, 0.9494254940322013, 0.11128800204665544, -0.0016337426544549439, 1.9298124457121418e-10, -0.11641910190063079, 0.9932001775637437, 6.458614892901338e-10, 0.0, 0.0, 0.0, 1.0], "right_foot_pose": [0.9349663264295426, 0.35088373109160137, 0.05213996258229218, -0.015344035308806977, -0.3547364771465054, 0.9248179875938867, 0.13738166400389942, -0.1439623386864504, -1.498441931517632e-05, -0.1469431763574967, 0.9891449351320748, 0.019173157537333688, 0.0, 0.0, 0.0, 1.0]}, {"left_foot_pose": [0.9559256185191364, 0.2921539505549652, 0.02919385267371947, 0.021888846482971444, -0.2936089437650149, 0.9511884833207969, 0.09504871034935355, -0.0016337423525081482, -2.2328821556134733e-10, -0.0994310734781145, 0.9950444520859312, 1.3090437206431105e-09, 0.0, 0.0, 0.0, 1.0], "right_foot_pose": [0.9230111979064536, 0.38172437755940647, 0.04834075005807319, -0.01766613477094307, -0.38477308692126905, 0.9157013966724091, 0.11593370395737668, -0.1434345275250936, -1.0971363083416094e-05, -0.12560832659136495, 0.9920799101738459, 0.014770323428102805, 0.0, 0.0, 0.0, 1.0]}, {"left_foot_pose": [0.9559256185251797, 0.2927463201597184, 0.022490084041582727, 0.021888846479524375, -0.29360894374533897, 0.9531171075969141, 0.07322272433363408, -0.001633742149359365