{"LoopMode": "Wrap", "FrameDuration": 0.0167, "EnableCycleOffsetPosition": true, "EnableCycleOffsetRotation": false, "Debug_info": [{"left_foot_pose": [1.0000000000000004, -1.7272878305615777e-13, 2.4275026433429366e-13, 5.975650514882338e-12, 1.7052896785314885e-13, 0.99994600781936, 0.01039141213335697, 4.0139246093584546e-13, -2.4479698569246395e-13, -0.010391412133357193, 0.99994600781936, 4.189010249788794e-13, 0.0, 0.0, 0.0, 1.0], "right_foot_pose": [0.9999999999999998, 2.0395996617480334e-13, 2.608468996356794e-13, 7.514751058452924e-12, -2.0084696261084883e-13, 0.9999320127949263, -0.01166060838409526, -0.14000000000157625, -2.6339363497210357e-13, 0.011660608384095095, 0.9999320127949263, -9.300199499406858e-13, 0.0, 0.0, 0.0, 1.0]}, {"left_foot_pose": [1.0000000000000007, -3.041495547582494e-13, 4.297118216811726e-13, 1.0483334970540891e-11, 3.0066214212496954e-13, 0.9999607603873883, 0.008858763202460634, 1.1592393711623572e-12, -4.3263140721985473e-13, -0.008858763202460852, 0.9999607603873886, 2.1379766013129853e-11, 0.0, 0.0, 0.0, 1.0], "right_foot_pose": [0.9999999999999998, 3.580078898206578e-13, 4.62019311697757e-13, 1.3619771071749655e-11, -3.5182397912991563e-13, 0.9999129625954687, -0.013193454193383058, -0.14000000000348148, -4.667710088119621e-13, 0.013193454193382888, 0.9999129625954688, 2.4230228934385423e-11, 0.0, 0.0, 0.0, 1.0]}, {"left_foot_pose": [1.0000000000000004, -4.069290238777422e-13, 5.790923296444894e-13, 1.395134807675092e-11, 4.0357218417792343e-13, 0.9999798120613393, 0.006354169479112633, 2.173330959642783e-12, -5.819868892645986e-13, -0.006354169479112853, 0.9999798120613395, 5.597103336363318e-11, 0.0, 0.0, 0.0, 1.0], "right_foot_pose": [1.0, 4.753785381041812e-13, 6.227240945122478e-13, 1.9164592765695547e-11, -4.654863767702089e-13, 0.9998767665160614, -0.015698782799491714, -0.1400000000058057, -6.302815529489448e-13, 0.015698782799491547, 0.9998767665160614, 6.638328081676192e-11, 0.0, 0.0, 0.0, 1.0]}, {"left_foot_pose": [1.0000000000000004, -4.744524262429496e-13, 6.822875597833991e-13, 1.6016594604710747e-11, 4.728132795442792e-13, 0.9999958336738042, 0.0028866303945038964, 3.3238568147853087e-12, -6.839262264008446e-13, -0.0028866303945041176, 0.9999958336738042, 9.652743881982673e-11, 0.0, 0.0, 0.0, 1.0], "right_foot_pose": [1.0, 5.478617481923824e-13, 7.334688412186067e-13, 2.3972244460581686e-11, -5.336469300363965e-13, 0.9998162736105034, -0.019168177367896055, -0.14000000000836532, -7.438223236884047e-13, 0.01916817736789589, 0.9998162736105034, 1.1537065747191377e-10, 0.0, 0.0, 0.0, 1.0]}, {"left_foot_pose": [1.0000000000000004, -5.092626009923216e-13, 7.436273818939396e-13, 1.6486932319589148e-11, 5.107248737678624e-13, 0.9999988463140651, -0.0015190031400942154, 4.641585726883335e-12, -7.430015813400407e-13, 0.0015190031400939938, 0.999998846314065, 1.3821825628479445e-10, 0.0, 0.0, 0.0, 1.0], "right_foot_pose": [0.9999999999999998, 5.796295489979355e-13, 7.98583421612872e-13, 2.7969899095404176e-11, -5.605815598172462e-13, 0.9997220107381566, -0.023577558093604786, -0.14000000001100013, -8.121675243669406e-13, 0.02357755809360462, 0.9997220107381565, 1.6439258981870708e-10, 0.0, 0.0, 0.0, 1.0]}, {"left_foot_pose": [1.0000000000000002, -5.164556542157507e-13, 7.702727344849436e-13, 1.5183232662856125e-11, 5.220534131626867e-13, 0.9999765542897192, -0.006847690914538985, 6.307520478143758e-12, -7.670401766876825e-13, 0.006847690914538764, 0.9999765542897192, 1.7962982490349333e-10, 0.0, 0.0, 0.0, 1.0], "right_foot_pose": [0.9999999999999999, 5.787093548113499e-13, 8.267830864383509e-13, 3.101216050305475e-11, -5.545073877791354e-13, 0.9995819365462689, -0.028912836775569852, -0.1400000000135415, -8.433109044322237e-13, 0.02891283677556969, 0.9995819365462688, 2.108213742468834e-10, 0.0, 0.0, 0.0, 1.0]}, {"left_foot_pose": [1.0000000000000004, -5.009812718034266e-13, 7.708833571484871e-13, 1.1918887938296173e-11, 5.113746888272466e-13, 0.9999141479604111, -0.013103309070844615, 8.62008034396844e-12, -7.644796687004825e-13, 0.013103309070844393, 0.999914147960411, 2.2196303128829697e-10, 0.0, 0.0, 0.0, 1.0], "right_foot_pose": [0.9999999999999998, 5.532782176654485e-13, 8.275047314043575e-13, 3.292125111329902e-11, -5.237689262432403e-13, 0.9993810258721457, -0.035179043857636184, -0.14000000001579688, -8.465227769852793e-13, 0.03517904385763603, 0.9993810258721457, 2.551151026541909e-10, 0.0, 0.0, 0.0, 1.0]}, {"left_foot_pose": [1.0000000000000004, -4.665303864447207e-13, 7.518985434273963e-13, 6.484732703486192e-12, 4.820450516778946e-13, 0.9997937053448399, -0.02031124695424335, 1.1970067298472387e-11, -7.425362533479829e-13, 0.020311246954243117, 0.99979370534484, 2.6823529508668287e-10, 0.0, 0.0, 0.0, 1.0], "right_foot_pose": [0.9999999999999997, 5.101970746689161e-13, 8.072986723561798e-13, 3.354078887161087e-11, -4.754425255359344e-13, 0.9991005894919018, -0.04240297250116217, -0.1400000000175341, -8.284087004054477e-13, 0.04240297250116201, 0.9991005894919015, 2.996593945203685e-10, 0.0, 0.0, 0.0, 1.0]}, {"left_foot_pose": [1.0000000000000002, -4.150282963729653e-13, 7.192024753521844e-13, -1.3955327944026928e-12, 4.35710614957009e-13, 0.9995932621794652, -0.02851859402943702, 1.6830188284688852e-11, -7.073711978985822e-13, 0.028518594029436795, 0.9995932621794652, 3.2279696970949345e-10, 0.0, 0.0, 0.0, 1.0], "right_foot_pose": [1.0, 4.545873868436772e-13, 7.727152251391065e-13, 3.274412569654916e-11, -4.1482295310055766e-13, 0.9987173049900584, -0.05063343473826987, -0.14000000001845164, -7.947968550119174e-13, 0.050633434738269686, 0.9987173049900584, 3.4794330611154223e-10, 0.0, 0.0, 0.0, 1.0]}, {"left_foot_pose": [1.0000000000000004, -3.4647714947333134e-13, 6.762923554504207e-13, -1.2134876156872808e-11, 3.72126936997223e-13, 0.9992855891469776, -0.03779300627336535, 2.374928725901171e-11, -6.628140957682269e-13, 0.037793006273365126, 0.9992855891469778, 3.912671367456433e-10, 0.0, 0.0, 0.0, 1.0], "right_foot_pose": [1.0, 3.899808719986085e-13, 7.274181257344004e-13, 3.0413737911233556e-11, -3.456160151588241e-13, 0.9982019688630898, -0.05994021486324118, -0.14000000001813964, -7.496278307515627e-13, 0.05994021486324102, 0.9982019688630898, 4.0417669211478824e-10, 0.0, 0.0, 0.0, 1.0]}, {"left_foot_pose": [1.0000000000000004, -2.5876516160825316e-13, 6.253331186201244e-13, -2.6377151798763663e-11, 2.8895927257392763e-13, 0.9988367503104926, -0.048219770107036625, 3.331956065222297e-11, -6.123057861507205e-13, 0.0482197701070364, 0.9988367503104928, 4.807166054110468e-10, 0.0, 0.0, 0.0, 1.0], "right_foot_pose": [0.9999999999999999, 3.18655670069235e-13, 6.744604874597809e-13, 2.6400010997788617e-11, -2.7031679668474555e-13, 0.9975180493702834, -0.07041122907963505, -0.14000000001603077, -6.95232211811934e-13, 0.07041122907963489, 0.9975180493702835, 4.730982411382811e-10, 0.0, 0.0, 0.0, 1.0]}, {"left_foot_pose": [1.0000000000000007, -1.4748887083142953e-13, 5.678790770957704e-13, -4.5093465568823485e-11, 1.8158195632863778e-13, 0.9982046937224107, -0.059894819730500405, 4.6037005804744346e-11, -5.581767788225562e-13, 0.05989481973050017, 0.9982046937224107, 5.997229934884274e-10, 0.0, 0.0, 0.0, 1.0], "right_foot_pose": [1.0, 2.420918064838216e-13, 6.155076448521855e-13, 2.0472313143140887e-11, -1.9066075687033262e-13, 0.996620337345197, -0.08214562185500737, -0.14000000001136234, -6.333298472409431e-13, 0.08214562185500719, 0.9966203373451971, 5.595592669771499e-10, 0.0, 0.0, 0.0, 1.0]}, {"left_foot_pose": [1.0000000000000004, -5.874629808902119e-15, 5.03819208574896e-13, -6.960098726991373e-11, 4.293945702749338e-14, 0.9973386850641669, -0.0729077998192218, 6.188849259458618e-11, -5.022025348928895e-13, 0.07290779981922157, 0.9973386850641669, 7.574228327866805e-10, 0.0, 0.0, 0.0, 1.0], "right_foot_pose": [1.0, 1.615009646246974e-13, 5.511702205751582e-13, 1.2285578067245882e-11, -1.0821358518221486e-13, 0.9954546440931255, -0.09523681826598909, -0.1400000000032235, -5.641418437833614e-13, 0.09523681826598891, 0.9954546440931255, 6.671353192100327e-10, 0.0, 0.0, 0.0, 1.0]}, {"left_foot_pose": [1.0000000000000004, 1.7384113594773163e-13, 4.3176573427671995e-13, -1.0116359918722876e-10, -1.3514193181997043e-13, 0.9961820960635094, -0.08729966484766115, 7.930039090664476e-11, -4.454928681689409e-13, 0.0872996648476609, 0.9961820960635096, 9.58590540278692e-10, 0.0, 0.0, 0.0, 1.0], "right_foot_pose": [0.9999999999999998, 7.899334479117474e-14, 4.821143484434738e-13, 1.4503457592443901e-12, -2.5557736652038753e-14, 0.9939614518399424, -0.10972981480087407, -0.13999999999091478, -4.879453092022957e-13, 0.10972981480087392, 0.9939614518399422, 7.936768117722259e-10, 0.0, 0.0, 0.0, 1.0]}, {"left_foot_pose": [1.0000000000000004, 3.9327176068918325e-13, 3.5199620995739826e-13, -1.388646791688472e-10, -3.5458332909573764e-13, 0.994685787190873, -0.10295719868214402, 9.284452373581331e-11, -3.908244674686987e-13, 0.10295719868214381, 0.9946857871908731, 1.1848900055566602e-09, 0.0, 0.0, 0.0, 1.0], "right_foot_pose": [1.0, -1.6825634429193577e-16, 4.098943406916078e-13, -1.1987341984358225e-11, 5.1692050968303394e-14, 0.9920917822365479, -0.12551452353696024, -0.1399999999752163, -4.066842514500624e-13, 0.1255145235369601, 0.9920917822365479, 9.178363208350859e-10, 0.0, 0.0, 0.0, 1.0]}, {"left_foot_pose": [1.0000000000000002, 6.185841614337347e-13, 2.6967317268143856e-13, -1.7170598997996162e-10, -5.816192441333689e-13, 0.992852173210335, -0.11935058504890449, 9.00709819229295e-11, -3.416998292477657e-13, 0.11935058504890429, 0.992852173210335, 1.3368359891297033e-09, 0.0, 0.0, 0.0, 1.0], "right_foot_pose": [0.9999999999999999, -6.220581352799905e-14, 3.4167113582839223e-13, -2.564274598895004e-11, 1.1017119253529301e-13, 0.9898580784933607, -0.1420597917830085, -0.13999999996174572, -3.2952337534966654e-13, 0.14205979178300832, 0.9898580784933607, 9.647168966453457e-10, 0.0, 0.0, 0.0, 1.0]}, {"left_foot_pose": [1.0000000000000007, -3.5173292079661797e-12, 8.786860128396474e-13, -3.7188728062953343e-10, 3.604133876853616e-12, 0.9908392678156899, -0.13504645628252734, -1.15046842538713e-09, -3.9583290189321977e-13, 0.1350464562825271, 0.99083926781569, 0.0001966353332785442, 0.0, 0.0, 0.0, 1.0], "right_foot_pose": [1.0, -2.080475195140765e-13, 8.181788579975102e-13, 4.608854492249987e-12, 3.3461156589169796e-13, 0.9874749059149938, -0.15777613947671015, -0.14000000000650706, -7.752304238996759e-13, 0.15777613947671, 0.9874749059149938, 7.215147576622449e-10, 0.0, 0.0, 0.0, 1.0]}, {"left_foot_pose": [1.0000000000000002, -9.977214614996614e-12, -8.40216785036127e-13, -9.988009145578043e-09, 9.734154624169545e-12, 0.9883951233524008, -0.1519048390710235, -1.0873496211066813e-08, 2.3458647730474787e-12, 0.1519048390710233, 0.9883951233524007, 0.005029481358732428, 0.0, 0.0, 0.0, 1.0], "right_foot_pose": [0.9999999999999998, -2.0623946462027392e-13, 1.6248669076901489e-12, 8.750495695055446e-11, 4.809150921071289e-13, 0.985291997477064, -0.17087913771920077, -0.14000000017519124, -1.5657436132599041e-12, 0.17087913771920057, 0.985291997477064, 5.478754255827667e-10, 0.0, 0.0, 0.0, 1.0]}, {"left_foot_pose": [1.0000000000000004, -7.61778737766077e-12, -3.1944447087538195e-12, -1.1730254720214421e-08, 6.965465872054836e-12, 0.9854917267503972, -0.1697234707001994, -1.2203009904648843e-08, 4.440756108654911e-12, 0.16972347070019916, 0.9854917267503971, 0.01376378403083716, 0.0, 0.0, 0.0, 1.0], "right_foot_pose": [0.9999999999999998, 6.319403769564479e-14, 1.3176126856251354e-12, 8.534381095775548e-11, 1.757594677209086e-13, 0.983574530700093, -0.18050247244315548, -0.14000000021108905, -1.3075197258768348e-12, 0.18050247244315532, 0.9835745307000932, 4.738015604854873e-10, 0.0, 0.0, 0.0, 1.0]}, {"left_foot_pose": [1.0000000000000004, -4.8122555108283e-12, -3.236244605631013e-12, -7.49495895627396e-09, 4.128961814135334e-12, 0.9826532811047621, -0.18545222871145645, -7.203624544094289e-09, 4.072319226342995e-12, 0.1854522287114562, 0.9826532811047622, 0.02294511954760304, 0.0, 0.0, 0.0, 1.0], "right_foot_pose": [1.0, 1.8031567621693062e-13, 9.300893388797239e-13, 6.82947433041321e-11, -3.980566426154101e-15, 0.9825232058644339, -0.18614013521504535, -0.14000000011774996, -9.47417558237969e-13, 0.18614013521504522, 0.982523205864434, 2.918857378020334e-10, 0.0, 0.0, 0.0, 1.0]}, {"left_foot_pose": [1.0000000000000007, -2.0005840474557724e-12, -1.249889081122966e-12, -1.071381925203549e-09, 1.7202501938307672e-12, 0.9809707674833266, -0.19415548754329418, -9.251030531898241e-10, 1.61448343515046e-12, 0.19415548754329398, 0.9809707674833268, 0.02911905350872339, 0.0, 0.0, 0.0, 1.0], "right_foot_pose": [0.9999999999999998, 1.7927266877367113e-13, 5.75706149419374e-13, 4.5352494310489225e-11, -6.814431444815715e-14, 0.9822789873527144, -0.18742462753151265, -0.14000000000911297, -5.991831564141936e-13, 0.1874246275315125, 0.9822789873527142, 9.35923422096252e-11, 0.0, 0.0, 0.0, 1.0]}, {"left_foot_pose": [1.0000000000000002, -5.013100728471835e-13, 3.6781688805832305e-13, 5.339572903240527e-11, 5.628141204809775e-13, 0.9815150338348603, -0.19138505259333632, 2.592323924965889e-11, -2.651518277459575e-13, 0.19138505259333616, 0.9815150338348604, 0.030000000175717793, 0.0, 0.0, 0.0, 1.0], "right_foot_pose": [1.0, 1.8267012595267926e-13, 3.949618410103985e-13, 2.585990919980818e-11, -1.0676092361711369e-13, 0.982907599778799, -0.18409956625989216, -0.13999999999412469, -4.2196957393498504e-13, 0.184099566259892, 0.9829075997787989, 1.3850483260302582e-10, 0.0, 0.0, 0.0, 1.0]}, {"left_foot_pose": [1.0000000000000004, -5.219123711649695e-13, 2.8277380437203636e-13, 6.689688377730797e-11, 5.651608753698729e-13, 0.98321590007725, -0.18244586549243638, 9.019499730422709e-11, -1.8319566664822607e-13, 0.1824458654924362, 0.9832159000772499, 0.030000000468388535, 0.0, 0.0, 0.0, 1.0], "right_foot_pose": [1.0, 2.4524359761044377e-13, 3.806399639927336e-13, 3.153301774217418e-11, -1.7419674117053224e-13, 0.9843176455262255, -0.1764051379799019, -0.13999999997332457, -4.1810586268712397e-13, 0.17640513797990176, 0.9843176455262255, 3.7624373061539984e-10, 0.0, 0.0, 0.0, 1.0]}, {"left_foot_pose": [1.0000000000000007, -4.217630751527423e-14, 8.308909116294678e-13, -1.3296780436665875e-10, 1.8168342656640038e-13, 0.9857594019691475, -0.16816183107182753, -6.522598502978205e-10, -8.122797362734621e-13, 0.1681618310718273, 0.9857594019691477, 0.029892323434529675, 0.0, 0.0, 0.0, 1.0], "right_foot_pose": [0.9999999999999998, 2.7506196254129886e-13, 3.1630253971570563e-13, 2.6268549149946044e-11, -2.192945023778607e-13, 0.9864196018707801, -0.1642448448052236, -0.13999999998360554, -3.5733275222336644e-13, 0.16424484480522347, 0.9864196018707799, 7.27322563287558e-10, 0.0, 0.0, 0.0, 1.0]}, {"left_foot_pose": [1.0000000000000002, 2.3566644199316005e-12, 3.559708083855597e-12, -5.872957078132087e-09, -1.8191112640640756e-12, 0.9895771289931865, -0.14400383944049225, -8.447829106389415e-09, -3.862303771745608e-12, 0.14400383944049197, 0.9895771289931866, 0.025396603163710292, 0.0, 0.0, 0.0, 1.0], "right_foot_pose": [1.0, 2.013149002797046e-13, 4.8516746176118255e-14, -2.8091030346294197e-11, -1.919230682570408e-13, 0.989113647161871, -0.14715363739351447, -0.1400000002409267, -7.767341274056741e-14, 0.1471536373935143, 0.9891136471618711, 1.2748048658361988e-09, 0.0, 0.0, 0.0, 1.0]}, {"left_foot_pose": [1.0000000000000004, 4.17246965122198e-12, 4.435507516831117e-12, -1.0623995180797665e-08, -3.645828232789306e-12, 0.9936331613833539, -0.11266383891614308, -1.3882238966006488e-08, -4.877582810369491e-12, 0.11266383891614286, 0.993633161383354, 0.016796186520051104, 0.0, 0.0, 0.0, 1.0], "right_foot_pose": [0.9999999999999999, 1.83537470464351e-13, -1.971200980221975e-13, -6.46764106477629e-11, -2.0666695971417273e-13, 0.9921494845248369, -0.12505758816281645, -0.14000000046230743, 1.722924458666221e-13, 0.12505758816281629, 0.9921494845248368, 2.056787490323231e-09, 0.0, 0.0, 0.0, 1.0]}, {"left_foot_pose": [1.0000000000000004, 5.1482994188556195e-12, 3.547384608282202e-12, -9.58859132809479e-09, -4.851465652623206e-12, 0.9968717528462202, -0.07903612071265541, -1.2623234603437172e-08, -3.9433330766431705e-12, 0.07903612071265516, 0.9968717528462204, 0.007545511976212338, 0.0, 0.0, 0.0, 1.0], "right_foot_pose": [1.0, 2.1960370213025464e-13, -3.784195179434857e-13, -6.995456652224564e-11, -2.5565808172697004e-13, 0.995167309102235, -0.09819382309604162, -0.14000000051250544, 3.548751076566206e-13, 0.09819382309604147, 0.995167309102235, 2.8610907948367625e-09, 0.0, 0.0, 0.0, 1.0]}, {"left_foot_pose": [1.0000000000000007, 3.0882601907379926e-12, 1.3398171461175797e-12, -2.4869972635782646e-09, -3.0241319417541106e-12, 0.9989758251667972, -0.04524710744696815, -4.9027039563526165e-09, -1.478364959376341e-12, 0.0452471074469679, 0.9989758251667974, 0.0010990106174199182, 0.0, 0.0, 0.0, 1.0], "right_foot_pose": [1.0, 2.673709714729176e-13, -7.96029908656251e-14, -4.4879407448994727e-11, -2.720580275070625e-13, 0.9977414877215852, -0.06717085438728423, -0.1400000003010607, 6.140757782679579e-14, 0.06717085438728408, 0.9977414877215851, 3.4576821891785237e-09, 0.0, 0.0, 0.0, 1.0]}, {"left_foot_pose": [1.0000000000000004, -4.913498180336271e-13, 2.460809334081753e-13, 4.132370098420043e-11, 4.945087823341152e-13, 0.9999327029274023, -0.011601276494429614, 3.226095588587663e-10, -2.4058043170022154e-13, 0.011601276494429385, 0.9999327029274026, 3.868401612927563e-09, 0.0, 0.0, 0.0, 1.0], "right_foot_pose": [1.0, 2.2659452583419593e-13, 5.812017533912682e-13, -2.8945679360721947e-11, -2.0682531592039515e-13, 0.9994323880577586, -0.033688302141331686, -0.1400000001184505, -5.887440459725425e-13, 0.033688302141331526, 0.9994323880577586, 3.6820030357986866e-09, 0.0, 0.0, 0.0, 1.0]}, {"left_foot_pose": [1.0000000000000007, -2.8215047931263303e-13, 3.182454300088064e-13, 4.689105111527199e-11, 2.754458457752437e-13, 0.9997604338863865, 0.021887778217656428, 1.9623792521517025e-10, -3.244593371797932e-13, -0.021887778217656643, 0.9997604338863868, 3.4587243485928454e-09, 0.0, 0.0, 0.0, 1.0], "right_foot_pose": [0.9999999999999998, 1.0742382574555756e-13, 6.47315534507697e-13, -8.166709551389742e-11, -1.0724861577453579e-13, 0.9999999829089345, -0.00018488410078085644, -0.1400000002124121, -6.4748020007376e-13, 0.0001848841007806899, 0.9999999829089344, 3.517329663638158e-09, 0.0, 0.0, 0.0, 1.0]}, {"left_foot_pose": [1.0000000000000004, -1.6432952173324535e-13, 5.105360578738814e-13, 4.279734704217548e-11, 1.3746543454370237e-13, 0.9986050764301455, 0.05280058075385308, 1.309080517597483e-10, -5.187796916792218e-13, -0.052800580753853306, 0.9986050764301457, 2.6740547554027216e-09, 0.0, 0.0, 0.0, 1.0], "right_foot_pose": [0.9999999999999709, -2.4141913434281005e-07, -7.809281388214611e-09, 4.830888865867818e-06, 2.4154507355303984e-07, 0.9995295243050079, 0.03067132280398868, -0.14000001145177554, 4.009630636891025e-10, -0.030671322803989837, 0.999529524305037, 4.488180037773293e-05, 0.0, 0.0, 0.0, 1.0]}, {"left_foot_pose": [1.0000000000000004, -2.319930005181577e-13, 1.1255441023649881e-12, 1.1243588614164459e-10, 1.425416587097859e-13, 0.9968660397756067, 0.07910814586437316, 3.982946420594269e-10, -1.1406009173961834e-12, -0.07910814586437338, 0.996866039775607, 1.9759839875455043e-09, 0.0, 0.0, 0.0, 1.0], "right_foot_pose": [0.9999999996913136, -2.4804462765973733e-05, -1.4528175332760591e-06, 0.000496930588002465, 2.484697157730148e-05, 0.9983065903084216, 0.05817173823602549, -0.14000123444120008, 7.438602756501923e-09, -0.058171738254166966, 0.9983065906165743, 0.004191605388800118, 0.0, 0.0, 0.0, 1.0]}, {"left_foot_pose": [1.0000000000000004, -2.792722471751502e-13, 9.945377854592207e-13, 1.2541263528174292e-10, 1.7854437494236927e-13, 0.9949690076637805, 0.10018320112949348, 4.1770941046348486e-10, -1.0176877660696588e-12, -0.1001832011294937, 0.9949690076637806, 1.3322217357059074e-09, 0.0, 0.0, 0.0, 1.0], "right_foot_pose": [0.9999999964169486, -8.435554278691852e-05, -7.088348877525851e-06, 0.0016930348602434064, 8.465283190030202e-05, 0.9965063243359805, 0.08351729397131842, -0.14000422195375875, 1.8437820370079966e-08, -0.08351729427212067, 0.9965063279063828, 0.012646212969910524, 0.0, 0.0, 0.0, 1.0]}, {"left_foot_pose": [1.0000000000000004, -2.831723560006561e-13, 7.563949466771246e-13, 1.0346871315965565e-10, 1.939359442640375e-13, 0.9932674142038955, 0.11584404982867215, 2.661757906100015e-10, -7.843088361530562e-13, -0.11584404982867236, 0.9932674142038956, 7.195761833611591e-10, 0.0, 0.0, 0.0, 1.0], "right_foot_pose": [0.9999999851581456, -0.0001713164113597, -1.8286493962514742e-05, 0.0034457590350393586, 0.0001722896041720838, 0.9943704223547569, 0.10595958409844092, -0.14000860656302072, 3.0933027900475824e-08, -0.10595958567637717, 0.9943704371124925, 0.021954256077838, 0.0, 0.0, 0.0, 1.0]}, {"left_foot_pose": [1.0000000000000004, -2.6726567863350803e-13, 5.710987238671856e-13, 5.1429768912337065e-11, 1.9347377394450506e-13, 0.9920306531331516, 0.1259967588639222, 7.449613322052517e-11, -6.003908157634356e-13, -0.12599675886392242, 0.9920306531331516, 2.4659133762705565e-10, 0.0, 0.0, 0.0, 1.0], "right_foot_pose": [0.9999999606913922, -0.0002782716813687603, -3.438146418610398e-05, 0.005607713856807676, 0.00028038761025358567, 0.9924717793537219, 0.122473215721827, -0.1400140171204301, 4.180527572421697e-08, -0.12247322054771216, 0.99247181836497, 0.028661300815728374, 0.0, 0.0, 0.0, 1.0]}, {"left_foot_pose": [1.0000000000000004, -2.764071873105768e-13, 4.91051643791712e-13, 2.865279326660052e-12, 2.102409008630263e-13, 0.9914409274168282, 0.13055607011112416, 9.07733437027769e-12, -5.2305382761797e-13, -0.13055607011112436, 0.9914409274168282, 7.693497922067749e-11, 0.0, 0.0, 0.0, 1.0], "right_foot_pose": [0.9999999193679379, -0.0003982171557348464, -5.183834741489764e-05, 0.008031499996961343, 0.0004015770351000304, 0.9916484911474293, 0.12896941009755689, -0.14002007865180954, 4.7587331659152554e-08, -0.12896942051557747, 0.9916485711036315, 0.030000000711675072, 0.0, 0.0, 0.0, 1.0]}, {"left_foot_pose": [1.0000000000000004, -3.2979360570200684e-13, 5.369593658599632e-13, 1.869217760036299e-11, 2.576358642257987e-13, 0.9915432274283774, 0.12977683977088414, 1.2393746619265844e-11, -5.753930571538591e-13, -0.12977683977088433, 0.9915432274283776, 1.1681323963674828e-10, 0.0, 0.0, 0.0, 1.0], "right_foot_pose": [0.9999998603500384, -0.0005241269796494369, -6.775553606219298e-05, 0.010569725681768463, 0.0005284883169533669, 0.9917590298667542, 0.12811614799803073, -0.14002642422882375, 4.803501855534665e-08, -0.128116165914625, 0.9917591683626293, 0.030000000677669628, 0.0, 0.0, 0.0, 1.0]}, {"left_foot_pose": [1.0000000000000002, -3.7623715625661365e-13, 6.029066135226984e-13, 3.001045466564827e-11, 2.990401666829398e-13, 0.9923163447503905, 0.12372660159086586, 1.4060383933534037e-11, -6.451656313791941e-13, -0.12372660159086606, 0.9923163447503908, 3.4588667346957536e-10, 0.0, 0.0, 0.0, 1.0], "right_foot_pose": [0.9999997863041463, -0.0006489394990703134, -7.917820237434719e-05, 0.013075005549238489, 0.0006537519860736245, 0.9926465024262545, 0.12104748584445875, -0.14003268735720534, 4.347082754622401e-08, -0.12104751174002018, 0.9926467145472992, 0.02999106081863291, 0.0, 0.0, 0.0, 1.0]}, {"left_foot_pose": [1.0000000000000002, -4.4614575402545526e-13, 5.367928324062717e-13, -8.085143834200408e-11, 3.834214045459153e-13, 0.9936906739313073, 0.11215544811530657, 2.1508652064267109e-10, -5.838767236732577e-13, -0.11215544811530682, 0.9936906739313073, 8.33434460334459e-10, 0.0, 0.0, 0.0, 1.0], "right_foot_pose": [0.9999997035510564, -0.0007657498413172077, -8.077734571037485e-05, 0.015399945205470106, 0.0007699985700773287, 0.9944864560292868, 0.10486227098681178, -0.14003849396768073, 3.370889455922757e-08, -0.10486230209894318, 0.9944867508411104, 0.02620535589342201, 0.0, 0.0, 0.0, 1.0]}, {"left_foot_pose": [1.0000000000000002, -5.775985177720645e-13, 4.4758641237764287e-13, -1.5409490352314387e-10, 5.327616137937971e-13, 0.995475564767408, 0.09501789279399377, 4.2005567774117125e-10, -5.006608028547643e-13, -0.095017892793994, 0.9954755647674078, 1.549478052809139e-09, 0.0, 0.0, 0.0, 1.0], "right_foot_pose": [0.9999996216727449, -0.0008670094925894473, -7.034846627795201e-05, 0.017397154737145246, 0.0008698588198659612, 0.996725972790797, 0.0808491095181198, -0.14004348201029404, 2.119806554062349e-08, -0.08084914012393211, 0.9967263498780495, 0.017908548989611674, 0.0, 0.0, 0.0, 1.0]}, {"left_foot_pose": [1.0000000000000002, -7.462811856432543e-13, 3.45723449868288e-13, -1.7968977045697558e-10, 7.195366602269013e-13, 0.9973628310656835, 0.072576740135155, 4.979727134118983e-10, -3.991287196982901e-13, -0.07257674013515521, 0.9973628310656836, 2.3343090516103615e-09, 0.0, 0.0, 0.0, 1.0], "right_foot_pose": [0.9999995525764476, -0.000944623527140078, -5.033186395114119e-05, 0.01891925433724929, 0.0009459634794548626, 0.998583601042932, 0.05319677510174681, -0.14004728734375563, 9.648622363042685e-09, -0.05319679891236203, 0.9985840478324686, 0.008555080446843825, 0.0, 0.0, 0.0, 1.0]}, {"left_foot_pose": [1.0000000000000002, -7.46197387891575e-13, 6.590838985687384e-13, -1.4964116005929343e-10, 7.158086096754954e-13, 0.998968103874159, 0.045417259297189386, 3.559634514233023e-10, -6.92622354285438e-13, -0.04541725929718961, 0.9989681038741592, 3.045072020924078e-09, 0.0, 0.0, 0.0, 1.0], "right_foot_pose": [0.9999995090157754, -0.000990659573552013, -2.370268904599573e-05, 0.01981885878295429, 0.0009909430902603844, 0.9997134468166299, 0.02391740549903135, -0.14004954197231298, 1.890232617455131e-09, -0.023917417243978653, 0.9997139376603579, 0.0015993780529364107, 0.0, 0.0, 0.0, 1.0]}, {"left_foot_pose": [1.0000000000000004, -4.1938646025668004e-13, 1.6648349365766618e-12, -1.2031658443173345e-10, 3.944723955258609e-13, 0.9998854743209241, 0.015134009449631227, 1.4134236489549146e-10, -1.671092382343805e-12, -0.015134009449631449, 0.9998854743209242, 3.455828734288957e-09, 0.0, 0.0, 0.0, 1.0], "right_foot_pose": [0.9999995000000428, -0.0009999785526716987, 6.52368746551478e-06, 0.02000000013947602, 0.0009999998321508078, 0.9999782205374715, -0.006523683855597376, -0.14005000024440595, -1.4431130030691836e-12, 0.006523687117441932, 0.9999787205267889, 3.8129365290129336e-09, 0.0, 0.0, 0.0, 1.0]}, {"left_foot_pose": [1.0000000000000004, -4.2680525903626143e-13, 1.7852941347484913e-12, -2.2485446136548434e-10, 4.553437268822023e-13, 0.9998747514040146, -0.015826607493736006, 2.0084285970445315e-10, -1.7785856793268238e-12, 0.01582660749373578, 0.9998747514040146, 3.4642710922128117e-09, 0.0, 0.0, 0.0, 1.0], "right_foot_pose": [0.9999995000000423, -0.0009992956085437866, 3.7522685475249504e-05, 0.02000000010856188, 0.0009999998325901237, 0.9992952762394387, -0.03752267162501725, -0.1400500001686057, -1.3717456214700166e-12, 0.037522690386362065, 0.9992957758872842, 3.4882822602666508e-09, 0.0, 0.0, 0.0, 1.0]}, {"left_foot_pose": [1.0000000000000004, -4.468543746137801e-13, 1.82492909672761e-12, -2.396490049272043e-10, 5.286329919379355e-13, 0.9989928032506538, -0.04487069258883488, 2.087875202588796e-10, -1.8032199775216428e-12, 0.044870692588834644, 0.9989928032506538, 2.985412903000473e-09, 0.0, 0.0, 0.0, 1.0], "right_foot_pose": [0.9999995000000421, -0.0009977747898650634, 6.667184242870579e-05, 0.020000000090281078, 0.0009999998329316047, 0.997774457760815, -0.06667181893758631, -0.14005000007482743, -1.296955330519374e-12, 0.06667185227351076, 0.997774956648251, 2.782145194779595e-09, 0.0, 0.0, 0.0, 1.0]}, {"left_foot_pose": [0.9999999992013766, -3.9863098337257026e-05, 2.860187889809003e-06, 0.0007965041820807784, 3.996557286354427e-05, 0.9974651593020812, -0.07115654840720928, 3.909685930628126e-07, -1.6417282766124715e-08, 0.07115654846469077, 0.9974651600986337, 0.003413363863531617, 0.0, 0.0, 0.0, 1.0], "right_foot_pose": [0.9999995000000423, -0.0009957772114907886, 9.180092713734739e-05, 0.0200000002128643, 0.000999999832573865, 0.9957768804801209, -0.091800894884603, -0.14005000040920618, -1.7296331408245481e-12, 0.09180094078507106, 0.9957773783687677, 2.278988074644328e-09, 0.0, 0.0, 0.0, 1.0]}, {"left_foot_pose": [0.9999999884388686, -0.00015135406093989666, 1.463596862783259e-05, 0.0030305205973522762, 0.00015206005952406613, 0.9953826456190725, -0.09598627859290697, 1.5042801644726128e-06, -4.0476114611246994e-08, 0.09598627970874297, 0.9953826571262303, 0.011540460948672011, 0.0, 0.0, 0.0, 1.0], "right_foot_pose": [0.9999995000000423, -0.0009936934729993776, 0.00011212915285419539, 0.02000000023630051, 0.0009999998326007222, 0.9936931426699734, -0.11212911402043078, -0.1400500004614415, -1.5494053320222742e-12, 0.11212917008501244, 0.9936936395167508, 1.663147779218388e-09, 0.0, 0.0, 0.0, 1.0]}, {"left_foot_pose": [0.999999948302664, -0.00031927623812613617, 3.817530717282242e-05, 0.0064084264789091, 0.0003215504093578692, 0.9929522964203839, -0.11851427609710803, 3.195449020880481e-06, -6.746668749598891e-08, 0.11851428224552102, 0.9929523477508001, 0.020927396814281227, 0.0, 0.0, 0.0, 1.0], "right_foot_pose": [0.9999995000000421, -0.000991852582482935, 0.00012738963897180296, 0.020000000193746714, 0.0009999998327477671, 0.9918522526022662, -0.12738959536847963, -0.14005000030925252, -1.2248441914360598e-12, 0.12738965906330485, 0.9918527485285982, 9.768828523881723e-10, 0.0, 0.0, 0.0, 1.0]}, {"left_foot_pose": [0.999999857583613, -0.0005287500544830437, 7.249920405745103e-05, 0.010636480723119145, 0.0005336972422252094, 0.9907534315478381, -0.13567370063294465, 5.315213173030103e-06, -9.13586029926267e-08, 0.13567372000341135, 0.9907535726407595, 0.028119738121713596, 0.0, 0.0, 0.0, 1.0], "right_foot_pose": [0.9999995000000419, -0.000990508638530368, 0.00013744927354237242, 0.020000000100251117, 0.0009999998329003465, 0.9905083089182612, -0.13744922685930483, -0.1400500000986499, -9.350855207143836e-13, 0.13744929558394758, 0.9905088041726214, 3.9748716817999963e-10, 0.0, 0.0, 0.0, 1.0]}, {"left_foot_pose": [0.9999997006470353, -0.0007658081519076725, 0.00011065132338917985, 0.015420932528596656, 0.0007737608350798705, 0.9897411029152321, -0.14287039754375655, 7.71005366090316e-06, -1.0484774505733047e-07, 0.1428704403927395, 0.9897413991856536, 0.030000003188244646, 0.0, 0.0, 0.0, 1.0], "right_foot_pose": [0.9999995000000421, -0.0009898402008797387, 0.00014218313086734018, 0.019999999999110084, 0.0009999998329904872, 0.9898398713778005, -0.1421830827880508, -0.1400500000124158, -7.412483396674503e-13, 0.1421831538796223, 0.9898403662979419, 1.5637059702644507e-10, 0.0, 0.0, 0.0, 1.0]}, {"left_foot_pose": [0.9999994726333064, -0.0010165202394235846, 0.00014635474913756317, 0.020468021496494425, 0.0010270019952847251, 0.989808136421995, -0.14240364580908674, 1.023356919075541e-05, -1.0693336757002407e-07, 0.142403721016766, 0.9898086583984648, 0.03000000337410895, 0.0, 0.0, 0.0, 1.0], "right_foot_pose": [0.9999995000000421, -0.0009898930289520451, 0.00014181486910414508, 0.02000000001304194, 0.000999999832933504, 0.9898926994863017, -0.14181482117203706, -0.14005000002140203, -7.248207535977363e-13, 0.14181489207947767, 0.9898931944328568, 1.652069037128001e-10, 0.0, 0.0, 0.0, 1.0]}, {"left_foot_pose": [0.9999991824860915, -0.0012667797842975184, 0.00017405782875103978, 0.025484007683227464, 0.0012786817977674286, 0.9907016423217826, -0.1360463923585769, 1.2741665681055558e-05, -9.855723623395539e-08, 0.13604650370333599, 0.9907024522176623, 0.030000003223456292, 0.0, 0.0, 0.0, 1.0], "right_foot_pose": [0.9999995000000419, -0.0009906477992075193, 0.00013644267551444169, 0.020000000028952223, 0.000999999832888172, 0.9906474695346146, -0.13644262935387558, -0.1400500000207445, -7.475790060946559e-13, 0.13644269757521918, 0.9906479648585552, 3.542556942237596e-10, 0.0, 0.0, 0.0, 1.0]}, {"left_foot_pose": [0.999998853809028, -0.0015039343667327648, 0.00017482005549076968, 0.030175144980071063, 0.001514060971540589, 0.9933162435686601, -0.11541467793145531, 1.5081773683915667e-05, -7.550025417220798e-08, 0.11541481033241623, 0.9933173820868776, 0.026951673086746217, 0.0, 0.0, 0.0, 1.0], "right_foot_pose": [0.999999500000042, -0.000992662702341181, 0.00012091494976119119, 0.01999999990897092, 0.0009999998328475658, 0.9926623720168057, -0.1209149088504102, -0.14005000021247227, -6.695204474077158e-13, 0.12091496930789028, 0.9926628683481981, 8.635524378908244e-10, 0.0, 0.0, 0.0, 1.0]}, {"left_foot_pose": [0.9999985235467732, -0.0017112859924983306, 0.00015621948130937002, 0.03424767405344653, 0.001718401662024225, 0.9958602636241435, -0.09088114452503522, 1.711247742532465e-05, -4.91442320527874e-08, 0.09088127879109222, 0.9958617339597372, 0.019006287856039326, 0.0, 0.0, 0.0, 1.0], "right_foot_pose": [0.9999995000000421, -0.000994600723343959, 0.0001037741131964581, 0.01999999982529, 0.0009999998327230612, 0.9946003924757333, -0.1037740781093813, -0.14005000041915525, -5.622238178660308e-13, 0.10377412999644232, 0.994600889776136, 1.5526136071253305e-09, 0.0, 0.0, 0.0, 1.0]}, {"left_foot_pose": [0.9999982384992779, -0.0018732912870129004, 0.00011738013433119308, 0.037407859336495236, 0.0018769651944983755, 0.998041676352859, -0.06252430938790617, 1.869209346655465e-05, -2.402203579086074e-08, 0.06252441956971644, 0.9980434344042702, 0.009597836426280495, 0.0, 0.0, 0.0, 1.0], "right_foot_pose": [0.9999995000000423, -0.0009966803159634193, 8.141260834787984e-05, 0.01999999980020463, 0.0009999998325135144, 0.9966799845892513, -0.08141258084292113, -0.1400500005031111, -4.357730588551257e-13, 0.08141262154922874, 0.9966804829294499, 2.334470110276765e-09, 0.0, 0.0, 0.0, 1.0]}, {"left_foot_pose": [0.9999980496603993, -0.0019739587915524716, 6.451423861878935e-05, 0.039361962042103064, 0.0019750127588693857, 0.9994644995106818, -0.03266211172696892, 1.9674660904767452e-05, -6.0286186110319025e-09, 0.032662175441203166, 0.9994664488092879, 0.002180746260680093, 0.0, 0.0, 0.0, 1.0], "right_foot_pose": [0.9999995000000423, -0.0009985243842391485, 5.430210846380426e-05, 0.019999999837995143, 0.0009999998324519332, 0.9985240523126261, -0.05430208977108343, -0.1400500003780968, -6.408273892431494e-13, 0.05430211692214007, 0.9985245515748595, 3.0937345185666487e-09, 0.0, 0.0, 0.0, 1.0]}, {"left_foot_pose": [0.9999980000006639, -0.0019999951098700042, 3.7727235161318217e-06, 0.03985994020197428, 0.0019999986682365544, 0.9999962208215855, -0.001886358363298076, 1.993023477521276e-05, -1.7564649987153748e-12, 0.0018863621360243872, 0.9999982208173636, 4.2028294594542714e-09, 0.0, 0.0, 0.0, 1.0], "right_foot_pose": [0.9999995000000421, -0.0009997157052346565, 2.383641095194299e-05, 0.01999999993098279, 0.0009999998328899897, 0.9997153724825569, -0.0238364012048088, -0.14005000013050223, -1.8128089219230887e-12, 0.023836413123016, 0.9997158723404509, 3.5918588173200483e-09, 0.0, 0.0, 0.0, 1.0]}, {"left_foot_pose": [0.9999980000006652, -0.0019991218763896032, -5.9214811520619685e-05, 0.03985994022232166, 0.00199999866764061, 0.9995596049361667, 0.029607367076198526, 1.993015676324955e-05, -1.6146711377247543e-12, -0.029607426291028416, 0.9995616040587105, 3.842689180744152e-09, 0.0, 0.0, 0.0, 1.0], "right_foot_pose": [0.9999995000000419, -0.000999970509500545, -7.658051638987986e-06, 0.01999999984626435, 0.0009999998328128839, 0.9999701766831346, 0.007658050968404435, -0.14005000020867325, -1.878352685870099e-12, -0.007658054797429799, 0.9999706766684308, 3.6335467690218337e-09, 0.0, 0.0, 0.0, 1.0]}, {"left_foot_pose": [0.999998000000666, -0.0019964476898183875, -0.00011912720398084603, 0.0398599401492778, 0.001999998667227253, 0.9982225136202146, 0.05956352329297292, 1.993007283355823e-05, -1.477469338852824e-12, -0.059563642420215404, 0.9982245100685704, 3.078021726388158e-09, 0.0, 0.0, 0.0, 1.0], "right_foot_pose": [0.999999500000042, -0.0009992948267820467, -3.7543504164401494e-05, 0.019999999759588362, 0.0009999998327691964, 0.9992944941763441, 0.0375434935665166, -0.14005000021238082, -1.8968068409984615e-12, -0.037543512338269455, 0.9992949938237987, 3.181479336922255e-09, 0.0, 0.0, 0.0, 1.0]}, {"left_foot_pose": [0.9999980000006654, -0.0019926558904201997, -0.00017122258134040836, 0.0398599402393006, 0.00199999866749668, 0.9963266162793205, 0.08561117741703396, 1.9930380401989023e-05, -1.868417090087068e-12, -0.08561134863967079, 0.9963286089358759, 2.522637106150416e-09, 0.0, 0.0, 0.0, 1.0], "right_foot_pose": [0.9999994682768367, -0.0010290935043428902, -6.642742633288884e-05, 0.02062688822964606, 0.001031235202790721, 0.9979234678602069, 0.06440255311565518, -0.14004905319139238, 1.3238572808803423e-08, -0.06440258737362653, 0.9979239984786329, 0.002700373335005418, 0.0, 0.0, 0.0, 1.0]}, {"left_foot_pose": [0.9999980000006654, -0.0019885461220259795, -0.00021372643845170636, 0.039859940266620944, 0.001999998667479313, 0.9942717348201663, 0.10686307754799014, 1.9930464882590357e-05, -1.709701013676258e-12, -0.10686329127449846, 0.9942737233669524, 1.8814449512238873e-09, 0.0, 0.0, 0.0, 1.0], "right_foot_pose": [0.999999355196896, -0.0011310353005838723, -0.00010180835107975111, 0.022721632813937884, 0.0011356081147213103, 0.995975444754734, 0.08961932737874807, -0.14004590673333753, 3.599486612555625e-08, -0.08961938520631746, 0.9959760869595415, 0.010452145826972327, 0.0, 0.0, 0.0, 1.0]}, {"left_foot_pose": [0.9999980000006659, -0.001984806053027157, -0.00024604796515966334, 0.03985994022773297, 0.0019999986673229636, 0.9924017028999634, 0.12302381918386418, 1.9930326491430714e-05, -1.3633618862608358e-12, -0.12302406523191027, 0.9924036877066794, 1.147497909192996e-09, 0.0, 0.0, 0.0, 1.0], "right_foot_pose": [0.9999991561551419, -0.0012908303702010343, -0.0001464443908936656, 0.02600310473509918, 0.0012991108499111768, 0.9936306193525094, 0.11267876728180966, -0.14004098605114146, 6.245594011298817e-08, -0.11267886244590854, 0.9936314578141597, 0.019870160984299542, 0.0, 0.0, 0.0, 1.0]}, {"left_foot_pose": [0.9999980000006664, -0.001981971564615182, -0.00026792421631834454, 0.03985994013853089, 0.0019999986671581276, 0.9909844606797736, 0.13396193002696807, 1.9930107811102528e-05, -1.0432828598600636e-12, -0.1339621979512729, 0.9909864426519998, 5.031282543366267e-10, 0.0, 0.0, 0.0, 1.0], "right_foot_pose": [0.9999988644687092, -0.0014940317710703864, -0.00019730777669673134, 0.030175498861213415, 0.001507004075699248, 0.9913984053004958, 0.13086990068900292, -0.14003473297318658, 8.682566427855865e-08, -0.1308700494257595, 0.9913995310485535, 0.027499986052390575, 0.0, 0.0, 0.0, 1.0]}, {"left_foot_pose": [0.9999980000006665, -0.0019808074181677016, -0.0002763994216799689, 0.03985994002431624, 0.001999998667043149, 0.9904023883026514, 0.13819952695192714, 1.9929992433791524e-05, -8.165066381129051e-13, -0.1381998033514404, 0.9904043691107306, 1.8470244778079348e-10, 0.0, 0.0, 0.0, 1.0], "right_foot_pose": [0.9999984782749987, -0.0017278426396167158, -0.00024084746178069987, 0.03494300305832299, 0.0017445479864435726, 0.9904307053169745, 0.13799990767259, -0.140027585036838, 1.0059670540268035e-07, -0.13800011784463498, 0.990432212458206, 0.03000000299163886, 0.0, 0.0, 0.0, 1.0]}, {"left_foot_pose": [0.9999980000006661, -0.0019808804690670707, -0.0002758753988268589, 0.03985994004285721, 0.0019999986671022075, 0.990438913676213, 0.1379375158585048, 1.9930001408281946e-05, -7.917460466417904e-13, -0.13793779173399506, 0.9904408945573432, 1.8807514573504491e-10, 0.0, 0.0, 0.0, 1.0], "right_foot_pose": [0.9999980059866231, -0.001977958573642921, -0.0002751411607607011, 0.040009790384137704, 0.0019970034468400765, 0.9904684341297852, 0.13772542601032028, -0.14001998480652306, 1.0344747763484726e-07, -0.13772570084182512, 0.9904704091125679, 0.030000003235252065, 0.0, 0.0, 0.0, 1.0]}, {"left_foot_pose": [0.9999980000006665, -0.001982364855189129, -0.0002649985839814525, 0.03985994006319151, 0.00199999866715