{"LoopMode": "Wrap", "FrameDuration": 0.0167, "EnableCycleOffsetPosition": true, "EnableCycleOffsetRotation": false, "Debug_info": [{"left_foot_pose": [1.0000000000000007, -1.5562425160490754e-14, 1.2362333379201122e-12, -2.6688114559298185e-13, 2.4395386725284992e-15, 0.9999408014598001, 0.010880881211259142, -2.530614606754966e-13, -1.2366196155199088e-12, -0.010880881211259411, 0.9999408014598004, 3.4348149324792132e-12, 0.0, 0.0, 0.0, 1.0], "right_foot_pose": [0.9999999999999998, 2.6206523131267512e-14, 1.2240763958004661e-12, -1.5656526792311333e-13, -1.1567941327467412e-14, 0.9999289487940646, -0.01192045987354402, -0.1400000000005719, -1.2244000601405418e-12, 0.011920459873543838, 0.9999289487940646, 1.6518383882946353e-12, 0.0, 0.0, 0.0, 1.0]}, {"left_foot_pose": [1.0000000000000007, -5.657356465983958e-14, 4.574174372606878e-12, -8.927018517733202e-13, 1.316296498129938e-14, 0.999954283973848, 0.00956190160740721, -1.907952962287851e-13, -4.574658493255409e-12, -0.00956190160740748, 0.9999542839738484, 1.1185039006100794e-11, 0.0, 0.0, 0.0, 1.0], "right_foot_pose": [1.0, 9.828269378250299e-14, 4.552358490172991e-12, -6.814485046917345e-13, -3.7959846879917977e-14, 0.9999123531138202, -0.013239565339651926, -0.14000000000136828, -4.5533349632088635e-12, 0.013239565339651739, 0.9999123531138204, 7.731509876762743e-12, 0.0, 0.0, 0.0, 1.0]}, {"left_foot_pose": [1.0000000000000004, -9.893612359920533e-14, 1.0184852961003802e-11, -1.9138232927435386e-12, 2.403049963753761e-14, 0.9999727178721903, 0.007386711806051787, 1.989779868649677e-13, -1.0185537391745054e-11, -0.0073867118060520565, 0.9999727178721906, 2.3757454337136608e-11, 0.0, 0.0, 0.0, 1.0], "right_foot_pose": [0.9999999999999998, 2.4567422930632884e-13, 1.0160094987554656e-11, -1.6032925250676416e-12, -8.89798801107756e-14, 0.9998811775537972, -0.015415277280410528, -0.14000000000241378, -1.0162770328457907e-11, 0.015415277280410346, 0.999881177553797, 1.8525563028060077e-11, 0.0, 0.0, 0.0, 1.0]}, {"left_foot_pose": [1.0000000000000007, -9.770031947132162e-14, 1.7846391031639548e-11, -3.2909810685559956e-12, 2.0226823359805934e-14, 0.9999904969551515, 0.004359587066459218, 9.53568821127071e-13, -1.7846878681874847e-11, -0.00435958706645949, 0.9999904969551519, 4.074762749439742e-11, 0.0, 0.0, 0.0, 1.0], "right_foot_pose": [1.0, 5.057410931767386e-13, 1.7833012844192805e-11, -2.8919761624560643e-12, -1.7670182127540824e-13, 0.9998298990121071, -0.018443780562558774, -0.14000000000360552, -1.783937684086354e-11, 0.01844378056255859, 0.9998298990121071, 3.362726763711521e-11, 0.0, 0.0, 0.0, 1.0]}, {"left_foot_pose": [1.0000000000000004, 3.6199474277386226e-15, 2.740335736106659e-11, -4.997754537104984e-12, -1.6990988808195896e-14, 0.9999998749957851, 0.0005000084147121078, 2.1181025683381094e-12, -2.7403528890607973e-11, -0.0005000084147123783, 0.9999998749957852, 6.193732332571145e-11, 0.0, 0.0, 0.0, 1.0], "right_foot_pose": [0.9999999999999998, 9.29956569906773e-13, 2.7425894888466467e-11, -4.527445264463424e-12, -3.17911007840094e-13, 0.9997511853809613, -0.022306217280453, -0.1400000000048486, -2.743982489928266e-11, 0.022306217280452817, 0.9997511853809612, 5.2725879218229466e-11, 0.0, 0.0, 0.0, 1.0]}, {"left_foot_pose": [1.0000000000000004, 2.734658317426182e-13, 3.893507738439439e-11, -7.048835215743536e-12, -1.1036390245819967e-13, 0.9999912617268123, -0.004180486816021582, 3.778366508555564e-12, -3.893631236941826e-11, 0.00418048681602131, 0.9999912617268124, 8.764538400596322e-11, 0.0, 0.0, 0.0, 1.0], "right_foot_pose": [1.0, 1.590230310873669e-12, 3.902944634148752e-11, -6.530273806677314e-12, -5.361278700115445e-13, 0.9996356540934428, -0.026991833305185974, -0.1400000000060653, -3.90583725481969e-11, 0.026991833305185797, 0.9996356540934427, 7.598237317107959e-11, 0.0, 0.0, 0.0, 1.0]}, {"left_foot_pose": [1.0000000000000002, 8.008865427276562e-13, 5.2760074087387914e-11, -9.500301972058042e-12, -2.894438218300521e-13, 0.9999530823881881, -0.009686744673120837, 6.075487335444052e-12, -5.276552841248833e-11, 0.009686744673120569, 0.9999530823881881, 1.187486498022139e-10, 0.0, 0.0, 0.0, 1.0], "right_foot_pose": [1.0, 2.588003485694234e-12, 5.2980231313171076e-11, -8.964547880030092e-12, -8.643921594029005e-13, 0.9994715261394482, -0.03250643684691269, -0.14000000000717783, -5.303641331030571e-11, 0.03250643684691251, 0.9994715261394483, 1.040556529829928e-10, 0.0, 0.0, 0.0, 1.0]}, {"left_foot_pose": [1.0000000000000004, 1.7092468664150568e-12, 6.941680563699035e-11, -1.2446222230020796e-11, -5.950282408287101e-13, 0.9998713003864417, -0.01604315005001367, 9.218880867023493e-12, -6.943546361398663e-11, 0.0160431500500134, 0.9998713003864415, 1.566743262904069e-10, 0.0, 0.0, 0.0, 1.0], "right_foot_pose": [1.0, 4.067806518892146e-12, 6.984041123203608e-11, -1.1935943828328668e-11, -1.3495971625073348e-12, 0.9992440583381198, -0.0388755948631545, -0.14000000000808574, -6.994582280892659e-11, 0.03887559486315433, 0.9992440583381201, 1.3807602283755216e-10, 0.0, 0.0, 0.0, 1.0]}, {"left_foot_pose": [1.0000000000000004, 3.1746420089219703e-12, 8.96493435043055e-11, -1.601630024441201e-11, -1.085084493792321e-12, 0.9997286399962192, -0.02329477132986974, 1.350211609185692e-11, -8.969923731234404e-11, 0.023294771329869467, 0.9997286399962193, 2.034243329340768e-10, 0.0, 0.0, 0.0, 1.0], "right_foot_pose": [0.9999999999999996, 6.235983273030422e-12, 9.0388307949496e-11, -1.5591381081164303e-11, -2.0582437920860433e-12, 0.9989347133014771, -0.04614584012991381, -0.14000000000863852, -9.057979941593907e-11, 0.046145840129913636, 0.998934713301477, 1.7963122656006192e-10, 0.0, 0.0, 0.0, 1.0]}, {"left_foot_pose": [1.0000000000000002, 5.453781034286574e-12, 1.144860872770436e-10, -2.0390241916342912e-11, -1.843610476614392e-12, 0.9995035274495626, -0.031507120082326846, 1.9337718926148995e-11, -1.146011801410821e-10, 0.031507120082326576, 0.9995035274495626, 2.6183451934391755e-10, 0.0, 0.0, 0.0, 1.0], "right_foot_pose": [0.9999999999999998, 9.392748322102718e-12, 1.1570183700015942e-10, -2.0135493496883995e-11, -3.0864170015725988e-12, 0.9985200672805568, -0.05438451285092745, -0.14000000000860827, -1.1604140453971992e-10, 0.05438451285092727, 0.9985200672805565, 2.3095331203037972e-10, 0.0, 0.0, 0.0, 1.0]}, {"left_foot_pose": [1.0000000000000004, 8.920993338061519e-12, 1.4524886848832337e-10, -2.580030045317909e-11, -2.9921396506699545e-12, 0.9991687535269508, -0.04076520545024049, 2.7285526268960858e-11, -1.4549204409369906e-10, 0.0407652054502402, 0.999168753526951, 3.357331565534416e-10, 0.0, 0.0, 0.0, 1.0], "right_foot_pose": [0.9999999999999999, 1.39719919388903e-11, 1.4717599361446782e-10, -2.5836093951182875e-11, -4.571580195354469e-12, 0.997970438332524, -0.0636789149906782, -0.14000000000764193, -1.4776698833965901e-10, 0.06367891499067801, 0.9979704383325241, 2.9498277431816433e-10, 0.0, 0.0, 0.0, 1.0]}, {"left_foot_pose": [1.0000000000000007, 1.4114890203716116e-11, 1.8354456843283605e-10, -3.253268056926679e-11, -4.703748194173274e-12, 0.998689863220691, -0.051171838937433184, 3.807317655590836e-11, -1.8402639351650053e-10, 0.0511718389374329, 0.9986898632206911, 4.3013964612370614e-10, 0.0, 0.0, 0.0, 1.0], "right_foot_pose": [0.9999999999999998, 2.0591325594127376e-11, 1.865219090291247e-10, -3.302737981715203e-11, -6.706846829885582e-12, 0.9972482348356116, -0.07413472949473027, -0.14000000000520227, -1.875352935711151e-10, 0.07413472949473009, 0.9972482348356119, 3.7542768199783083e-10, 0.0, 0.0, 0.0, 1.0]}, {"left_foot_pose": [1.0000000000000007, 2.1781132055921302e-11, 2.3110158231531805e-10, -4.090489910095762e-11, -7.214412384299362e-12, 0.9980233676950199, -0.06284391406247894, 5.2560539254287164e-11, -2.3201366872701964e-10, 0.06284391406247865, 0.9980233676950202, 5.512307971189401e-10, 0.0, 0.0, 0.0, 1.0], "right_foot_pose": [0.9999999999999998, 3.0094927057492436e-11, 2.3561114170789195e-10, -4.208620536037988e-11, -9.751208379284467e-12, 0.9963061418803467, -0.08587241496253831, -0.14000000000050333, -2.373252915637388e-10, 0.08587241496253814, 0.9963061418803466, 4.765575989384985e-10, 0.0, 0.0, 0.0, 1.0]}, {"left_foot_pose": [1.0000000000000007, 3.2891818571207056e-11, 2.894764428162938e-10, -5.1226832584011375e-11, -1.0824587326648368e-11, 0.9971152413088911, -0.07590253980936851, 7.160689229068762e-11, -2.9113813235464223e-10, 0.0759025398093682, 0.9971152413088913, 7.061446011258354e-10, 0.0, 0.0, 0.0, 1.0], "right_foot_pose": [0.9999999999999998, 4.3569738412883347e-11, 2.9618674179943107e-10, -5.338361116854615e-11, -1.4027928016562599e-11, 0.995085701513227, -0.09901740576246752, -0.13999999999248017, -2.990455099472349e-10, 0.09901740576246733, 0.995085701513227, 6.027911295114485e-10, 0.0, 0.0, 0.0, 1.0]}, {"left_foot_pose": [1.0000000000000004, 4.849739406691458e-11, 3.5882757876137734e-10, -6.360983134132012e-11, -1.5843308944083128e-11, 0.9959012498314329, -0.09044722540902539, 9.55450839973393e-11, -3.617435084534952e-10, 0.09044722540902508, 0.995901249831433, 9.006373494213626e-10, 0.0, 0.0, 0.0, 1.0], "right_foot_pose": [1.0, 6.215879768911891e-11, 3.686051464057979e-10, -6.705852718478564e-11, -1.9854953928360545e-11, 0.9935180837090184, -0.11367417183846101, -0.1399999999799057, -3.732819233861794e-10, 0.11367417183846085, 0.9935180837090184, 7.563916576414087e-10, 0.0, 0.0, 0.0, 1.0]}, {"left_foot_pose": [1.0000000000000007, 6.892490571148316e-11, 4.339391623808796e-10, -7.730702042670175e-11, -2.232053602503888e-11, 0.994313307871838, -0.10649434627699479, 1.2253599870892806e-10, -4.388117553221034e-10, 0.10649434627699447, 0.9943133078718384, 1.1293190688155264e-09, 0.0, 0.0, 0.0, 1.0], "right_foot_pose": [0.9999999999999997, 8.609830942343327e-11, 4.477026527283097e-10, -8.225255139570386e-11, -2.7228706905191362e-11, 0.9915318143522364, -0.12986401013122284, -0.1399999999621066, -4.5509276245728354e-10, 0.12986401013122267, 0.9915318143522363, 9.291775682207515e-10, 0.0, 0.0, 0.0, 1.0]}, {"left_foot_pose": [1.0000000000000004, 9.099523776334874e-11, 4.936763220442214e-10, -8.886731477607829e-11, -2.9158026130993786e-11, 0.992302316186934, -0.1238390620525165, 1.4442621057431104e-10, -5.011451092423088e-10, 0.12383906205251624, 0.9923023161869341, 1.3450831629069349e-09, 0.0, 0.0, 0.0, 1.0], "right_foot_pose": [1.0, 1.1143498900848927e-10, 5.117047341407493e-10, -9.501538798916719e-11, -3.4800433563834064e-11, 0.9890792128357118, -0.14738490674519197, -0.13999999994150072, -5.225402442848053e-10, 0.14738490674519178, 0.9890792128357117, 1.0788122964400237e-09, 0.0, 0.0, 0.0, 1.0]}, {"left_foot_pose": [1.0000000000000007, 1.0236014275330254e-10, 4.863974778501738e-10, -8.928572981944768e-11, -3.2394451077428294e-11, 0.989906802449757, -0.14171987321366988, 1.417615642929082e-10, -4.95994772499332e-10, 0.14171987321366955, 0.9899068024497574, 1.4035043197080377e-09, 0.0, 0.0, 0.0, 1.0], "right_foot_pose": [0.9999999999999999, 1.234872159750408e-10, 5.065405317417054e-10, -9.521413558397812e-11, -3.7967405778222856e-11, 0.9862147536696121, -0.16547041924279585, -0.13999999992883977, -5.199912118644229e-10, 0.16547041924279568, 0.9862147536696121, 1.0912231604431888e-09, 0.0, 0.0, 0.0, 1.0]}, {"left_foot_pose": [1.0000000000000002, 1.1441050504505435e-10, 4.928651931024299e-10, -2.649837049978141e-10, -3.472180677077661e-11, 0.9873203399916338, -0.158740499680471, -2.092182684043653e-09, -5.047775767769191e-10, 0.15874049968047074, 0.9873203399916338, 0.0006652983876892157, 0.0, 0.0, 0.0, 1.0], "right_foot_pose": [1.0000000000000002, 1.0252380216333412e-10, 3.8336356311674484e-10, -6.666411547710252e-11, -3.098857662681544e-11, 0.9832751986844838, -0.1821260103664198, -0.14000000003396387, -3.956241382560963e-10, 0.18212601036641962, 0.9832751986844837, 7.453318379146978e-10, 0.0, 0.0, 0.0, 1.0]}, {"left_foot_pose": [1.0000000000000004, 1.5310850524060674e-10, 5.959283067014069e-10, -1.272273726181863e-09, -4.4997035698421265e-11, 0.9841489673788968, -0.1773437622445529, -8.386810631394459e-09, -6.136353135689942e-10, 0.17734376224455264, 0.9841489673788968, 0.005805009005325816, 0.0, 0.0, 0.0, 1.0], "right_foot_pose": [0.9999999999999996, 6.931515004286922e-11, 2.41712538873173e-10, -9.271601945035205e-12, -2.0616006328223658e-11, 0.9806203216146869, -0.19591780122364588, -0.14000000016348946, -2.506084996034293e-10, 0.19591780122364577, 0.9806203216146869, 4.2072288708450145e-10, 0.0, 0.0, 0.0, 1.0]}, {"left_foot_pose": [1.0000000000000007, 1.6516685654733518e-10, 5.797778368510334e-10, -1.663822076153724e-09, -4.7940890909003265e-11, 0.9804779409099137, -0.19662911124514834, -1.0133515949972693e-08, -6.009361678693802e-10, 0.19662911124514806, 0.9804779409099138, 0.013875958642941826, 0.0, 0.0, 0.0, 1.0], "right_foot_pose": [0.9999999999999998, 3.516365763487103e-11, 1.1675327371563053e-10, 2.7821974108479312e-11, -1.0336365851249854e-11, 0.9785148890250827, -0.20617616728475324, -0.14000000017012773, -1.2149467648091417e-10, 0.20617616728475302, 0.9785148890250828, 2.283480071696431e-10, 0.0, 0.0, 0.0, 1.0]}, {"left_foot_pose": [1.0000000000000002, 1.1486267478854141e-10, 3.718995111867664e-10, -1.2398822724824609e-09, -3.265146540995513e-11, 0.9768538565594267, -0.21390779070659421, -6.877194203003256e-09, -3.878614927342691e-10, 0.213907790706594, 0.9768538565594267, 0.022282771211246555, 0.0, 0.0, 0.0, 1.0], "right_foot_pose": [0.9999999999999998, 9.784324719031438e-12, 3.153238781194996e-11, 3.4115572428969394e-11, -2.8588600837031467e-12, 0.9771525117367211, -0.21253933472799177, -0.14000000009105903, -3.2891765063606034e-11, 0.21253933472799158, 0.9771525117367208, 9.069554135487934e-11, 0.0, 0.0, 0.0, 1.0]}, {"left_foot_pose": [1.0000000000000004, 1.887616341459942e-11, 6.003397778897545e-11, -3.0642922021576317e-10, -4.891445586610725e-12, 0.9743848879015448, -0.22488683871915516, -1.6062677229977673e-09, -6.274139654311066e-11, 0.22488683871915488, 0.9743848879015449, 0.028430074936351114, 0.0, 0.0, 0.0, 1.0], "right_foot_pose": [1.0, 3.849607496367982e-14, 2.8255175976710035e-14, 1.8107186130659072e-11, -3.1496979859615303e-14, 0.9766726998417752, -0.21473341003155047, -0.140000000002217, -3.5858270462628355e-14, 0.21473341003155025, 0.9766726998417752, 9.172794468437218e-12, 0.0, 0.0, 0.0, 1.0]}, {"left_foot_pose": [1.0000000000000007, 1.4120737622882055e-11, 4.3378245440095246e-11, 4.880858996278143e-12, -4.016244112743995e-12, 0.9744478879340561, -0.2246136988272494, 2.4757203231917657e-11, -4.544168205801232e-11, 0.22461369882724916, 0.9744478879340562, 0.030000000079277757, 0.0, 0.0, 0.0, 1.0], "right_foot_pose": [0.9999999999999999, 1.0046077149679161e-11, 3.20670157094582e-11, -1.9270998291903266e-12, -3.002094221740203e-12, 0.9771593322466835, -0.21250797491674459, -0.139999999989274, -3.346958095284406e-11, 0.2125079749167444, 0.9771593322466834, 6.005687613885868e-11, 0.0, 0.0, 0.0, 1.0]}, {"left_foot_pose": [1.0000000000000004, 5.213656505215503e-11, 1.6452839091129952e-10, 1.5674848960368013e-12, -1.516769111206163e-11, 0.9761419052370538, -0.21713355530681025, 8.274128257546032e-11, -1.7192374834662766e-10, 0.21713355530680997, 0.9761419052370542, 0.030000000312851022, 0.0, 0.0, 0.0, 1.0], "right_foot_pose": [0.9999999999999998, 3.677399202346767e-11, 1.2126699644454654e-10, -1.4608305688843094e-11, -1.0998655601509038e-11, 0.9785429362410524, -0.20604300990992172, -0.1399999999670442, -1.2624215800984406e-10, 0.2060430099099215, 0.978542936241052, 2.429443937690401e-10, 0.0, 0.0, 0.0, 1.0]}, {"left_foot_pose": [1.0000000000000007, 1.1181538989343884e-10, 3.729613839986692e-10, -9.773577302619095e-12, -3.310392287234874e-11, 0.9788257127532559, -0.20469544218931995, 1.752389899856155e-10, -3.879524565386876e-10, 0.20469544218931968, 0.9788257127532562, 0.03000000071085694, 0.0, 0.0, 0.0, 1.0], "right_foot_pose": [0.9999999999999999, 7.871186834911468e-11, 2.7361191090591283e-10, -3.8444626961579923e-11, -2.375297121127036e-11, 0.9807388996550268, -0.19532334909950616, -0.13999999993479034, -2.837161333464713e-10, 0.19532334909950597, 0.9807388996550266, 5.556315130217371e-10, 0.0, 0.0, 0.0, 1.0]}, {"left_foot_pose": [1.0000000000000002, 2.8971911136289646e-10, 1.0612253298347644e-09, -6.274279568530874e-10, -8.8338703721826e-11, 0.9827296844659954, -0.18504693261269242, -3.764978807885289e-09, -1.0965094771915391e-09, 0.18504693261269214, 0.9827296844659956, 0.028526429833566826, 0.0, 0.0, 0.0, 1.0], "right_foot_pose": [1.0, 1.3643560979398489e-10, 5.138321435005359e-10, -9.061548431571701e-11, -4.1710320447297245e-11, 0.983664232987021, -0.180012990481398, -0.14000000007938193, -5.299986155675321e-10, 0.18001299048139782, 0.9836642329870209, 9.944932308214582e-10, 0.0, 0.0, 0.0, 1.0]}, {"left_foot_pose": [1.0000000000000004, 4.0376071803811397e-10, 1.7546833985804185e-09, -1.6978852562701551e-09, -1.2654472699131763e-10, 0.9878833765735854, -0.15519804860104772, -1.039078896883372e-08, -1.796085506120052e-09, 0.15519804860104744, 0.9878833765735855, 0.022463542739687745, 0.0, 0.0, 0.0, 1.0], "right_foot_pose": [0.9999999999999999, 1.966966309230044e-10, 8.332110001951765e-10, -1.4706516482538624e-10, -6.114012513836133e-11, 0.9871715404626148, -0.15966323841344482, -0.14000000032252213, -8.539277044887511e-10, 0.15966323841344457, 0.9871715404626145, 1.6499191041186023e-09, 0.0, 0.0, 0.0, 1.0]}, {"left_foot_pose": [1.0000000000000002, 3.653181812129215e-10, 2.0373240317006425e-09, -2.0315887590478802e-09, -1.177197012454555e-10, 0.9927460218893912, -0.1202303456818994, -1.316619540475683e-08, -2.066467739066812e-09, 0.12023034568189916, 0.9927460218893916, 0.01408007907346192, 0.0, 0.0, 0.0, 1.0], "right_foot_pose": [0.9999999999999998, 2.420484667612417e-10, 1.2154507400552449e-09, -2.103211346206056e-10, -7.663672138766182e-11, 0.9909424699696902, -0.13428708504681214, -0.1400000004932727, -1.2369458001129973e-09, 0.134287085046812, 0.9909424699696899, 2.461307685441838e-09, 0.0, 0.0, 0.0, 1.0]}, {"left_foot_pose": [1.0000000000000004, 2.5999541239388515e-10, 2.0713753490220154e-09, -1.5807245604495097e-09, -8.580716729686474e-11, 0.996494950993685, -0.08365292968028186, -1.0528449556623798e-08, -2.0858646999895406e-09, 0.08365292968028161, 0.996494950993685, 0.00597141169573058, 0.0, 0.0, 0.0, 1.0], "right_foot_pose": [0.9999999999999999, 2.5201535010800486e-10, 1.6282878378959241e-09, -2.8497387859617143e-10, -8.122724777158047e-11, 0.9945722713287939, -0.1040480518985536, -0.14000000050428685, -1.6456718806628919e-09, 0.10404805189855343, 0.9945722713287939, 3.323511202357743e-09, 0.0, 0.0, 0.0, 1.0]}, {"left_foot_pose": [1.0000000000000007, 1.4393931527715464e-10, 2.0463631900113885e-09, -6.682587001631128e-10, -4.7982620359213617e-11, 0.9989036213492376, -0.04681404976478706, -3.6731256265742918e-09, -2.0508581262940777e-09, 0.04681404976478677, 0.9989036213492377, 0.0007329184751073206, 0.0, 0.0, 0.0, 1.0], "right_foot_pose": [1.0, 2.049882760383611e-10, 1.9751703050907553e-09, -3.5375898002809367e-10, -6.707870431739237e-11, 0.9975770631245542, -0.06957013100310666, -0.14000000028256485, -1.9846455780504498e-09, 0.06957013100310648, 0.9975770631245542, 4.011878773635402e-09, 0.0, 0.0, 0.0, 1.0]}, {"left_foot_pose": [1.0000000000000007, 3.0737962521409094e-11, 2.085278283381342e-09, -3.036609245383084e-10, -1.016529915192079e-11, 0.9999513417583304, -0.009864791721846417, 3.8546586061949384e-10, -2.0854801343804516e-09, 0.009864791721846147, 0.9999513417583306, 4.352699312093478e-09, 0.0, 0.0, 0.0, 1.0], "right_foot_pose": [0.9999999999999998, 1.026236842823264e-10, 2.0978749848410412e-09, -3.810516735674575e-10, -3.399223366322116e-11, 0.9994655854675002, -0.03268858311562362, -0.140000000159183, -2.1001085343945016e-09, 0.03268858311562344, 0.9994655854675003, 4.2819758433454425e-09, 0.0, 0.0, 0.0, 1.0]}, {"left_foot_pose": [1.0000000000000007, -7.890257132701091e-11, 1.9602999778989292e-09, -3.0444946919008847e-10, 2.589351652453818e-11, 0.999634710438405, 0.027026758716635794, 2.18960377607047e-10, -1.9617166149741614e-09, -0.027026758716636057, 0.9996347104384051, 3.995039986326443e-09, 0.0, 0.0, 0.0, 1.0], "right_foot_pose": [0.9999999999999999, -1.2033935494236271e-11, 1.952492389989402e-09, -3.730446750382625e-10, 3.812396936531105e-12, 0.9999911347086385, 0.004210760516782007, -0.14000000028819926, -1.952525794733714e-09, -0.004210760516782187, 0.9999911347086383, 4.115088866885053e-09, 0.0, 0.0, 0.0, 1.0]}, {"left_foot_pose": [1.0000000000000007, -1.4520166879141093e-10, 1.5879956238862323e-09, -2.648322321252427e-10, 4.7336186989310956e-11, 0.9981098135793557, 0.061455675381403126, 6.914289626958059e-11, -1.59391761245362e-09, -0.061455675381403396, 0.9981098135793559, 3.213031070370409e-09, 0.0, 0.0, 0.0, 1.0], "right_foot_pose": [0.9999999999999996, -8.992326794698683e-11, 1.5670340025586433e-09, -3.226467642744896e-10, 2.945408641841527e-11, 0.9992568388943333, 0.038545686177634576, -0.140000000325459, -1.5693358843994036e-09, -0.038545686177634764, 0.999256838894333, 3.457647730631397e-09, 0.0, 0.0, 0.0, 1.0]}, {"left_foot_pose": [1.0000000000000007, -1.5432359021873404e-10, 1.137514971105705e-09, -1.3789902224720375e-10, 4.985160544815624e-11, 0.9958256100812622, 0.09127625269632215, 3.387257349607431e-10, -1.1468529697980784e-09, -0.09127625269632242, 0.9958256100812622, 2.283748821996223e-09, 0.0, 0.0, 0.0, 1.0], "right_foot_pose": [0.9999999998914708, -1.469723974592724e-05, -1.0242519277169705e-06, 0.00029465304048261864, 1.4732885781933532e-05, 0.9976038501337381, 0.06918495487665102, -0.14000073076635705, 4.9697978734300986e-09, -0.06918495488423279, 0.9976038502420018, 0.0025540273256942567, 0.0, 0.0, 0.0, 1.0]}, {"left_foot_pose": [1.0000000000000004, -1.269270026006279e-10, 7.38683392231823e-10, -3.594048799053793e-11, 4.0527924022056065e-11, 0.9932716281655616, 0.11580791286149324, 4.1251829990124333e-10, -7.484125455716927e-10, -0.1158079128614935, 0.9932716281655618, 1.496623457108992e-09, 0.0, 0.0, 0.0, 1.0], "right_foot_pose": [0.999999998196585, -5.976833786197217e-05, -5.8800997851934185e-06, 0.0012011224441117441, 6.0056885835535115e-05, 0.9952210261677097, 0.0976478646303205, -0.1400029930218968, 1.574837728105131e-08, -0.09764786480736154, 0.9952210279624133, 0.009396444290210887, 0.0, 0.0, 0.0, 1.0]}, {"left_foot_pose": [1.0000000000000004, -8.410089751342173e-11, 4.2084441487233624e-10, 1.5952516903848144e-11, 2.6560886039448784e-11, 0.9908593153619427, 0.13489928524815467, 3.2119821732901066e-10, -4.2834287682765575e-10, -0.13489928524815487, 0.9908593153619426, 8.643938134711426e-10, 0.0, 0.0, 0.0, 1.0], "right_foot_pose": [0.9999999914816384, -0.00012951685782903964, -1.6189717335412204e-05, 0.0026104650604847793, 0.0001305247968284296, 0.9923049892674106, 0.12381757241313321, -0.14000651679647957, 2.8674363741754785e-08, -0.12381757347157007, 0.9923049977197596, 0.017948746542894932, 0.0, 0.0, 0.0, 1.0]}, {"left_foot_pose": [1.0000000000000004, -4.1623368035122935e-11, 1.8924578570889224e-10, 2.288808053574062e-11, 1.3050554070667301e-11, 0.988905807425608, 0.14854394649364625, 1.5364471066953156e-10, -1.9332944900032178e-10, -0.14854394649364647, 0.988905807425608, 3.9018218517261616e-10, 0.0, 0.0, 0.0, 1.0], "right_foot_pose": [0.9999999756678897, -0.00021823916575096963, -3.21851896022946e-05, 0.004411946834328609, 0.00022059967853809445, 0.9893269840610325, 0.14571228480977003, -0.14001102469893958, 4.1549084143167465e-08, -0.1457122883643253, 0.9893270081321089, 0.025615560984045424, 0.0, 0.0, 0.0, 1.0]}, {"left_foot_pose": [1.0000000000000007, -1.099331417460321e-11, 4.7130743752177515e-11, -5.461672261732538e-12, 3.4715825429852292e-12, 0.9876435528164184, 0.1567169824242531, 1.624272678163452e-11, -4.8271509514965314e-11, -0.1567169824242533, 0.9876435528164184, 1.2023468332067466e-10, 0.0, 0.0, 0.0, 1.0], "right_foot_pose": [0.9999999472705239, -0.00032058127036971816, -5.183240674222241e-05, 0.006494832634950277, 0.00032474443285533525, 0.9872053173481496, 0.15945393046454676, -0.14001623651172404, 5.1283952970592954e-08, -0.15945393888891027, 0.9872053694003132, 0.029801513627762406, 0.0, 0.0, 0.0, 1.0]}, {"left_foot_pose": [1.0000000000000007, -2.4480019217120417e-13, 4.692357613578271e-13, -3.0418476619217897e-12, 1.6710733418923452e-13, 0.9872025471928425, 0.15947141065396134, 7.580650517036158e-12, -5.026370905002305e-13, -0.15947141065396153, 0.9872025471928431, 4.2302994440746033e-11, 0.0, 0.0, 0.0, 1.0], "right_foot_pose": [0.9999999043309936, -0.0004315667858371676, -7.13310090414942e-05, 0.008748379810022126, 0.000437421993540064, 0.9866347808207868, 0.1629466720639534, -0.1400218708308184, 5.528294601636466e-08, -0.16294668767675952, 0.9866348752072215, 0.030000000661961963, 0.0, 0.0, 0.0, 1.0]}, {"left_foot_pose": [1.0000000000000004, -9.275070277724233e-12, 3.918809721170665e-11, 5.5890178789129225e-12, 3.0039410458909456e-12, 0.9875835044399994, 0.1570949450428317, 6.2744731285646616e-12, -4.015889160602958e-11, -0.15709494504283192, 0.9875835044399998, 1.2404081234373976e-10, 0.0, 0.0, 0.0, 1.0], "right_foot_pose": [0.9999998470426242, -0.0005459433310857565, -8.866006369750556e-05, 0.011061853580953443, 0.0005530955836859682, 0.9870842908167075, 0.16020080183367597, -0.14002765455071323, 5.4396702909721344e-08, -0.16020082636727156, 0.9870844417937302, 0.030000000660927346, 0.0, 0.0, 0.0, 1.0]}, {"left_foot_pose": [1.0000000000000002, -3.681662930912071e-11, 1.6550771864132305e-10, -1.543420628981204e-11, 1.1650484059813133e-11, 0.9887535306779497, 0.14955418941604326, 2.009267145025584e-11, -1.6915279842122907e-10, -0.14955418941604348, 0.9887535306779499, 3.880064464167887e-10, 0.0, 0.0, 0.0, 1.0], "right_foot_pose": [0.9999997780698238, -0.0006585528561579064, -0.0001008386771413297, 0.01332451953315304, 0.0006662284148728575, 0.9884899409487271, 0.15128513734957927, -0.14003331078301168, 4.875871697746388e-08, -0.15128517095643432, 0.9884901603196058, 0.02991081802201831, 0.0, 0.0, 0.0, 1.0]}, {"left_foot_pose": [1.0000000000000002, -7.993013503858284e-11, 3.9415304353696167e-10, -1.1950095093059361e-10, 2.537359275160911e-11, 0.9906377522460469, 0.13651682616037014, 2.137055289674894e-10, -4.013749650993276e-10, -0.13651682616037042, 0.9906377522460469, 8.944700327639943e-10, 0.0, 0.0, 0.0, 1.0], "right_foot_pose": [0.999999702560685, -0.0007644704894795852, -0.00010229082005979668, 0.015425639595689527, 0.0007712836960050609, 0.99117261305655, 0.13257547378044904, -0.1400385582450718, 3.782207635159032e-08, -0.13257551324253294, 0.9911729078664719, 0.026127194535741763, 0.0, 0.0, 0.0, 1.0]}, {"left_foot_pose": [1.0000000000000004, -1.2430576172431187e-10, 7.089151488060023e-10, -2.1575650182530638e-10, 3.9860371730672474e-11, 0.9930258619271155, 0.1178967240592792, 4.0811910708565824e-10, -7.186266149600459e-10, -0.11789672405927948, 0.9930258619271157, 1.6027159113751743e-09, 0.0, 0.0, 0.0, 1.0], "right_foot_pose": [0.9999996278528334, -0.0008578713387121774, -9.138359328330542e-05, 0.01725447590048074, 0.000862724865937672, 0.9943768206166786, 0.10589614877827737, -0.14004312583110418, 2.4456028630861943e-08, -0.10589618820822408, 0.9943771906690982, 0.01864897213186493, 0.0, 0.0, 0.0, 1.0]}, {"left_foot_pose": [1.0000000000000007, -1.5285955803707958e-10, 1.0932723060186364e-09, -3.099297773284001e-10, 4.960856675442654e-11, 0.9955886441346162, 0.0938256450561216, 5.103571280862251e-10, -1.1027920181825365e-09, -0.09382564505612187, 0.9955886441346163, 2.4492577063717214e-09, 0.0, 0.0, 0.0, 1.0], "right_foot_pose": [0.9999995628730236, -0.0009323623809047141, -7.038573469846858e-05, 0.01870029670407651, 0.0009350153799983308, 0.9971631379188116, 0.07526487973914564, -0.14004673995604133, 1.1917604586304145e-08, -0.07526491265058102, 0.9971635738050701, 0.010071525316945766, 0.0, 0.0, 0.0, 1.0]}, {"left_foot_pose": [1.0000000000000007, -1.44770006698456e-10, 1.4991359820193426e-09, -3.9234970922900485e-10, 4.7500585079143e-11, 0.9979059496973425, 0.06468164777312042, 4.40908171084331e-10, -1.5053609826840901e-09, -0.06468164777312069, 0.9979059496973426, 3.3333057147810763e-09, 0.0, 0.0, 0.0, 1.0], "right_foot_pose": [0.9999995172303191, -0.0009817179903788271, -4.2058486518109175e-05, 0.019652367544845714, 0.000982618506295954, 0.9990831830794452, 0.04279985687727295, -0.14004912410873918, 2.5371040384464035e-09, -0.04279987754224709, 0.9990836654066407, 0.0029902267043264083, 0.0, 0.0, 0.0, 1.0]}, {"left_foot_pose": [1.0000000000000004, -8.360908807553701e-11, 1.7672748819919114e-09, -4.066578215708971e-10, 2.7647759643701786e-11, 0.9994992723459013, 0.031641816951861385, 1.2917825316371978e-10, -1.769035845340775e-09, -0.03164181695186166, 0.9994992723459015, 3.928392486307608e-09, 0.0, 0.0, 0.0, 1.0], "right_foot_pose": [0.9999995000025117, -0.0009999554222393757, -9.158574519602058e-06, 0.019999950368863005, 0.0009999973629716255, 0.9999575431983259, 0.009160338751498633, -0.1400500000967929, -1.7447283433150939e-09, -0.009160343329902818, 0.9999580431748514, 4.6821020329573804e-07, 0.0, 0.0, 0.0, 1.0]}, {"left_foot_pose": [1.0000000000000004, 7.875078925817755e-12, 1.8051704575583474e-09, -5.23653490513795e-10, -2.3972409104063345e-12, 0.9999953964316279, -0.003034322914874958, 2.2981925390519464e-10, -1.8051861368951695e-09, 0.0030343229148746876, 0.9999953964316283, 4.158460291392441e-09, 0.0, 0.0, 0.0, 1.0], "right_foot_pose": [0.9999995000000645, -0.0009996741186856272, 2.552013177776205e-05, 0.01999999985534985, 0.0009999998103463036, 0.9996738547252169, -0.025518310665195332, -0.14005000025418193, -1.8137829214291095e-09, 0.025518323426168405, 0.999674354562283, 4.097816516668296e-09, 0.0, 0.0, 0.0, 1.0]}, {"left_foot_pose": [1.0000000000000004, 8.705675309523722e-11, 1.5939993769364934e-09, -5.262715022833312e-10, -2.8278783429254173e-11, 0.9993212783628481, -0.036837244892141706, 2.880760508611191e-10, -1.5961246418614255e-09, 0.03683724489214145, 0.999321278362848, 3.877032014876214e-09, 0.0, 0.0, 0.0, 1.0], "right_foot_pose": [0.9999995000000885, -0.000998232677731843, 5.942301208894936e-05, 0.019999999799753858, 0.000999999786627417, 0.9982324879277967, -0.05942137701120513, -0.14005000012756957, -1.6209094726903351e-09, 0.05942140672352112, 0.9982329870441059, 3.6092793337383355e-09, 0.0, 0.0, 0.0, 1.0]}, {"left_foot_pose": [0.9999999999842409, -5.600945471475352e-06, 3.854986706520682e-07, 0.00011188959273584338, 5.614192143672838e-06, 0.997721978835525, -0.0674600097613842, 5.34967111495005e-08, -6.780660636151918e-09, 0.06746000976248502, 0.9977219788512462, 0.000509716790716784, 0.0, 0.0, 0.0, 1.0], "right_foot_pose": [0.9999995000000949, -0.0009959390580580858, 9.002751120701911e-05, 0.01999999989570532, 0.0009999997800691446, 0.9959388907456646, -0.09002625117561927, -0.1400500002198952, -1.2398519779374848e-09, 0.09002629618999343, 0.9959393887151525, 2.7894430168484696e-09, 0.0, 0.0, 0.0, 1.0]}, {"left_foot_pose": [0.9999999978773321, -6.48541389443187e-05, 6.2671895015310615e-06, 0.0012985488317652915, 6.51562453344021e-05, 0.9954021476263507, -0.09578392482829956, 6.410062531707339e-07, -2.638992029118623e-08, 0.09578392503332828, 0.9954021497390942, 0.005396173155885586, 0.0, 0.0, 0.0, 1.0], "right_foot_pose": [0.9999995000000883, -0.0009932625956940069, 0.00011588351598080228, 0.020000000065840382, 0.0009999997866400976, 0.9932624103033632, -0.11588263148021925, -0.14005000042958246, -8.570578648350709e-10, 0.11588268942240479, 0.9932629069346294, 2.0051301660717336e-09, 0.0, 0.0, 0.0, 1.0]}, {"left_foot_pose": [0.9999999836468731, -0.00017947972567847407, 2.2209953556010642e-05, 0.0036042684428061267, 0.0001808486972713351, 0.9924652325815816, -0.12252644371945492, 1.7917532262323732e-06, -5.1594214453289934e-08, 0.12252644573240529, 0.9924652488103459, 0.013366542198063942, 0.0, 0.0, 0.0, 1.0], "right_foot_pose": [0.999999500000075, -0.0009906240085020045, 0.00013661505671447833, 0.02000000013839317, 0.0009999997999707187, 0.9906237834920082, -0.13661449257080593, -0.14005000041418442, -5.281145051772775e-10, 0.1366145608785991, 0.9906242788040008, 1.3076528818101174e-09, 0.0, 0.0, 0.0, 1.0]}, {"left_foot_pose": [0.999999941648631, -0.0003379193299569963, 5.013244553992529e-05, 0.0068083534095138626, 0.00034161781206444976, 0.989207163258296, -0.1465232795693102, 3.396185610238245e-06, -7.832578455967456e-08, 0.14652328814561225, 0.9892072209759659, 0.021825443717377657, 0.0, 0.0, 0.0, 1.0], "right_foot_pose": [0.9999995000000605, -0.0009883586044454483, 0.00015214104574207658, 0.020000000127540062, 0.0009999998143903936, 0.9883583351747525, -0.15214072857378724, -0.1400500002632349, -2.7250881183026857e-10, 0.1521408046444495, 0.9883588293540659, 7.305138299829039e-10, 0.0, 0.0, 0.0, 1.0]}, {"left_foot_pose": [0.9999998561431251, -0.0005290513031405726, 8.842199168330623e-05, 0.010690111909745698, 0.0005363895223639077, 0.9863501971106724, -0.16466025915811983, 5.34210001822133e-06, -1.0132424296045159e-07, 0.16466028289923912, 0.9863503389949907, 0.028177505133000554, 0.0, 0.0, 0.0, 1.0], "right_foot_pose": [0.9999995000000488, -0.0009867199635743113, 0.00016242957123269698, 0.020000000055235435, 0.000999999826063468, 0.9867196576853272, -0.16242942201983812, -0.14005000008591306, -9.754594156808401e-11, 0.1624295032346779, 0.9867201510453386, 3.208670273924241e-10, 0.0, 0.0, 0.0, 1.0]}, {"left_foot_pose": [0.9999997156745303, -0.000742761414063371, 0.0001302165149771467, 0.015028848923140976, 0.0007540894150149286, 0.9850038711452893, -0.17253059200602477, 7.513993845402467e-06, -1.1470485216904997e-07, 0.17253064114607855, 0.985004151192121, 0.030000002713715973, 0.0, 0.0, 0.0, 1.0], "right_foot_pose": [0.9999995000000426, -0.0009858850277424775, 0.0001674227487308884, 0.01999999997663312, 0.0009999998323597411, 0.9858847018295498, -0.16742268274876948, -0.14005000001248913, -1.0485698825119777e-11, 0.1674227664601557, 0.9858851947721035, 1.481719746898591e-10, 0.0, 0.0, 0.0, 1.0]}, {"left_foot_pose": [0.9999995162224494, -0.0009688874476569716, 0.00016974092473144974, 0.019603856130580046, 0.0009836436620376256, 0.9850185996296427, -0.17244532707152455, 9.801462599528382e-06, -1.1785517206374255e-07, 0.17244541061093113, 0.985019076139754, 0.030000002862426947, 0.0, 0.0, 0.0, 1.0], "right_foot_pose": [0.9999995000000427, -0.0009858961723406762, 0.00016735710877314132, 0.019999999994615377, 0.0009999998322464884, 0.9858958466227864, -0.16735704231455323, -0.14005000002079032, -1.1010113332731726e-11, 0.16735712599311972, 0.9858963395709122, 1.3495733697244106e-10, 0.0, 0.0, 0.0, 1.0]}, {"left_foot_pose": [0.9999992631275253, -0.0011970038499571295, 0.00020230222564862025, 0.024194441938747036, 0.0012139787456398288, 0.9860317211679739, -0.16655320803313695, 1.2096843988129019e-05, -1.1158051427375698e-07, 0.1665533308952642, 0.9860324477255712, 0.03000000282835636, 0.0, 0.0, 0.0, 1.0], "right_foot_pose": [0.9999995000000487, -0.0009867330311379126, 0.00016235017066113468, 0.019999999999259027, 0.0009999998263261673, 0.9867327241185744, -0.16235002665193807, -0.1400500000174254, -9.225384227728675e-11, 0.16235010782707496, 0.9867332174851201, 2.919241029464281e-10, 0.0, 0.0, 0.0, 1.0]}, {"left_foot_pose": [0.9999989717915709, -0.001417770809303469, 0.0002152713034923848, 0.028579913409843637, 0.0014340208481724258, 0.988677014022708, -0.15005234262533146, 1.4286784584885415e-05, -9.395829980665965e-08, 0.15005249704378487, 0.9886780305695669, 0.02875533748099486, 0.0, 0.0, 0.0, 1.0], "right_foot_pose": [0.9999995000000619, -0.0009887754085359177, 0.00014940822508630543, 0.01999999990701463, 0.0009999998131243928, 0.9887751427062265, -0.14940788856902779, -0.1400500001299526, -2.9302309635378444e-10, 0.14940796327328976, 0.9887756370939401, 6.986992859281393e-10, 0.0, 0.0, 0.0, 1.0]}, {"left_foot_pose": [0.9999986671492793, -0.0016196562421559775, 0.0002059449522655317, 0.03253956450150877, 0.0016326970512854598, 0.9920167722752741, -0.12609543141956722, 1.6260918107191547e-05, -6.959420696965825e-08, 0.1260955995988966, 0.9920180944729745, 0.022909779662403637, 0.0, 0.0, 0.0, 1.0], "right_foot_pose": [0.9999995000000768, -0.0009910906896903019, 0.00013318723781153216, 0.019999999792454384, 0.0009999997977531924, 0.9910904707874231, -0.1331866311412995, -0.14005000033802326, -5.721101802213568e-10, 0.13318669773520497, 0.9910909663327533, 1.3102665272213265e-09, 0.0, 0.0, 0.0, 1.0]}, {"left_foot_pose": [0.9999983819163627, -0.001790558084029918, 0.00017339667028946088, 0.03585269943660871, 0.0017989343111146003, 0.9953444761755187, -0.09636460751867049, 1.7914760711744415e-05, -4.299095294504022e-08, 0.09636476352189513, 0.9953460867212813, 0.014590975704309513, 0.0, 0.0, 0.0, 1.0], "right_foot_pose": [0.9999995000000909, -0.000993761687639214, 0.00011152253713759195, 0.019999999694550925, 0.0009999997840541611, 0.9937615088173867, -0.11152158353172231, -0.14005000048948252, -9.277143895057647e-10, 0.11152163929345354, 0.9937620056981957, 2.0928347110871215e-09, 0.0, 0.0, 0.0, 1.0]}, {"left_foot_pose": [0.9999981536109076, -0.0019177098632531748, 0.00012314080210449658, 0.038298626723745594, 0.0019216593809423667, 0.9979435591775899, -0.06406996114552244, 1.9139653299833984e-05, -1.9973905277936064e-08, 0.0640700794821222, 0.9979454017706356, 0.006394298734146736, 0.0, 0.0, 0.0, 1.0], "right_foot_pose": [0.9999995000000963, -0.000996414855781641, 8.459900909341586e-05, 0.01999999961001572, 0.0009999997785801128, 0.9964146906403456, -0.08459766117657903, -0.14005000050583638, -1.329113630842848e-09, 0.0845977034767468, 0.9964151888477315, 2.9782640451059272e-09, 0.0, 0.0, 0.0, 1.0]}, {"left_foot_pose": [0.9999980203487056, -0.0019888712342783, 6.0744419840368844e-05, 0.03965665161330732, 0.0019897986508833026, 0.9995320134664476, -0.030525313381499164, 1.9824482406708213e-05, -5.074568238141049e-09, 0.030525373821187373, 0.9995339921949016, 0.0009151256560045798, 0.0, 0.0, 0.0, 1.0], "right_foot_pose": [0.9999995000000861, -0.000998592823150412, 5.3027832523426844e-05, 0.019999999563671725, 0.0009999997887334205, 0.9985926244924573, -0.05302612855648258, -0.14005000031967696, -1.6910348872330744e-09, 0.053026155071244016, 0.9985931237888434, 3.800737759240835e-09, 0.0, 0.0, 0.0, 1.0]}, {"left_foot_pose": [0.9999980000006587, -0.0019999827512763224, -7.979862134261248e-06, 0.03985994001731959, 0.0019999986708996538, 0.9999900365065642, 0.0039908511520306625, 1.9930294329494405e-05, -1.850840354220265e-09, -0.003990859130044918, 0.9999920364899939, 4.3965194540529495e-09, 0.0, 0.0, 0.0, 1.0], "right_foot_pose": [0.9999995000000594, -0.0009998270129687843, 1.8589649172677688e-05, 0.019999999544890762, 0.000999999815457527, 0.9998267320716399, -0.01858778726245428, -0.14005000017169955, -1.8563663726970694e-09, 0.018587796558207314, 0.9998272319851621, 4.2409122602560245e-09, 0.0, 0.0, 0.0, 1.0]}, {"left_foot_pose": [0.9999980000005981, -0.001998482190512557, -7.787001053923315e-05, 0.03985993993650959, 0.001999998701083416, 0.9992397109172458, 0.03893584635288383, 1.9930171593657287e-05, -1.7886886421162522e-09, -0.03893592422113461, 0.9992417094002068, 4.112734194872125e-09, 0.0, 0.0, 0.0, 1.0], "right_foot_pose": [0.9999995000000281, -0.0009998664866430215, -1.633102061370936e-05, 0.01999999948787566, 0.0009999998466715305, 0.9998661110361141, 0.016332789162406876, -0.14005000027135808, -1.7744465881561695e-09, -0.016332797327031048, 0.9998666109694203, 4.212824394889125e-09, 0.0, 0.0, 0.0, 1.0]}, {"left_foot_pose": [0.9999980000005642, -0.0019948245903751967, -0.00014376969869224818, 0.03985993985410455, 0.0019999987181562673, 0.997410886408539, 0.07188549004396258, 1.9930060800652308e-05, -1.4806198455849015e-09, -0.0718856338122364, 0.9974128812339521, 3.380696680932438e-09, 0.0, 0.0, 0.0, 1.0], "right_foot_pose": [0.9999995000000077, -0.000998790485733446, -4.916604693538548e-05, 0.019999999487092517, 0.0009999998672804357, 0.9987900474151351, 0.04916748096798622, -0.14005000